322.671 322.671 322.856 323.028 323.188 323.335 323.469 323.59 323.698 323.794 323.877 323.948 324.006 324.053 324.087 324.11 324.121 324.121 324.11 324.088 324.056 324.013 323.961 323.899 323.829 323.749 323.661 323.566 323.463 323.353 323.236 323.112 322.983 322.848 322.708 322.563 322.414 322.26 322.103 321.942 321.777 321.609 321.439 321.266 321.09 320.913 320.733 320.55 320.366 320.18 320.18
322.671 322.87 323.055 323.229 323.389 323.536 323.67 323.792 323.901 323.997 324.081 324.152 324.211 324.257 324.292 324.314 324.326 324.325 324.314 324.292 324.26 324.217 324.165 324.103 324.032 323.952 323.864 323.768 323.665 323.554 323.437 323.313 323.183 323.048 322.907 322.762 322.611 322.457 322.299 322.137 321.972 321.804 321.633 321.459 321.283 321.104 320.923 320.741 320.556 320.369 320.18
322.882 323.081 323.268 323.442 323.602 323.75 323.885 324.007 324.116 324.213 324.297 324.368 324.427 324.473 324.508 324.531 324.542 324.541 324.53 324.507 324.474 324.431 324.378 324.316 324.244 324.164 324.075 323.978 323.874 323.762 323.644 323.519 323.389 323.252 323.111 322.964 322.813 322.658 322.499 322.337 322.17 322.001 321.829 321.655 321.478 321.298 321.117 320.933 320.747 320.56 320.37
323.105 323.306 323.493 323.668 323.829 323.978 324.113 324.235 324.345 324.442 324.525 324.597 324.655 324.702 324.736 324.758 324.769 324.768 324.756 324.733 324.699 324.655 324.601 324.538 324.465 324.383 324.294 324.196 324.09 323.977 323.858 323.732 323.6 323.462 323.32 323.172 323.02 322.863 322.703 322.539 322.372 322.202 322.029 321.853 321.675 321.494 321.312 321.127 320.941 320.752 320.562
323.342 323.543 323.732 323.907 324.069 324.218 324.354 324.477 324.586 324.683 324.767 324.838 324.897 324.943 324.976 324.998 325.008 325.006 324.993 324.969 324.934 324.889 324.834 324.769 324.695 324.612 324.52 324.421 324.314 324.199 324.078 323.951 323.817 323.678 323.533 323.384 323.23 323.072 322.911 322.745 322.577 322.405 322.231 322.054 321.874 321.693 321.509 321.324 321.136 320.947 320.756
323.592 323.794 323.983 324.159 324.322 324.471 324.608 324.731 324.841 324.937 325.021 325.092 325.15 325.196 325.229 325.25 325.259 325.256 325.241 325.216 325.18 325.133 325.076 325.01 324.934 324.849 324.755 324.654 324.545 324.428 324.305 324.175 324.04 323.898 323.752 323.601 323.445 323.285 323.122 322.955 322.784 322.611 322.435 322.257 322.076 321.893 321.709 321.522 321.334 321.143 320.952
323.855 324.058 324.248 324.425 324.588 324.738 324.875 324.998 325.108 325.205 325.288 325.359 325.416 325.461 325.493 325.513 325.521 325.517 325.501 325.474 325.436 325.387 325.328 325.26 325.181 325.094 324.998 324.895 324.783 324.664 324.538 324.406 324.268 324.124 323.976 323.822 323.664 323.502 323.336 323.167 322.995 322.82 322.642 322.462 322.28 322.096 321.91 321.722 321.533 321.342 321.149
324.131 324.336 324.527 324.704 324.868 325.019 325.156 325.279 325.389 325.486 325.569 325.639 325.696 325.739 325.771 325.789 325.795 325.79 325.772 325.743 325.703 325.652 325.59 325.519 325.438 325.348 325.25 325.143 325.029 324.907 324.778 324.643 324.502 324.356 324.204 324.048 323.887 323.723 323.554 323.383 323.209 323.031 322.852 322.67 322.486 322.301 322.113 321.924 321.734 321.542 321.348
324.421 324.627 324.819 324.997 325.162 325.313 325.45 325.574 325.683 325.78 325.862 325.932 325.988 326.031 326.06 326.077 326.082 326.074 326.054 326.023 325.98 325.927 325.863 325.788 325.704 325.611 325.51 325.399 325.282 325.156 325.024 324.886 324.742 324.592 324.437 324.278 324.114 323.947 323.776 323.602 323.425 323.246 323.064 322.88 322.694 322.507 322.318 322.128 321.936 321.743 321.549
324.724 324.931 325.124 325.304 325.469 325.62 325.758 325.882 325.992 326.088 326.17 326.238 326.293 326.335 326.363 326.378 326.381 326.371 326.349 326.315 326.269 326.212 326.145 326.067 325.98 325.883 325.778 325.664 325.542 325.413 325.277 325.135 324.987 324.834 324.675 324.512 324.345 324.175 324.001 323.824 323.644 323.462 323.278 323.092 322.904 322.715 322.524 322.333 322.14 321.946 321.751
325.042 325.25 325.444 325.624 325.79 325.942 326.08 326.204 326.314 326.409 326.491 326.558 326.612 326.652 326.679 326.692 326.692 326.68 326.655 326.618 326.569 326.509 326.438 326.356 326.265 326.164 326.054 325.936 325.81 325.676 325.536 325.39 325.238 325.08 324.918 324.751 324.58 324.406 324.228 324.048 323.865 323.681 323.494 323.305 323.115 322.924 322.732 322.539 322.344 322.149 321.954
325.373 325.582 325.778 325.959 326.126 326.278 326.416 326.54 326.65 326.745 326.826 326.892 326.945 326.983 327.008 327.019 327.017 327.001 326.973 326.933 326.88 326.816 326.741 326.655 326.559 326.453 326.339 326.216 326.085 325.947 325.802 325.651 325.494 325.331 325.165 324.994 324.819 324.64 324.459 324.275 324.089 323.901 323.712 323.52 323.328 323.135 322.941 322.746 322.55 322.354 322.158
325.718 325.929 326.126 326.308 326.475 326.629 326.767 326.891 327 327.095 327.175 327.241 327.292 327.328 327.351 327.359 327.354 327.336 327.304 327.26 327.203 327.134 327.055 326.964 326.863 326.752 326.632 326.504 326.368 326.224 326.074 325.917 325.755 325.588 325.416 325.24 325.061 324.878 324.692 324.505 324.315 324.124 323.931 323.737 323.542 323.346 323.15 322.954 322.757 322.559 322.362
326.078 326.291 326.488 326.671 326.84 326.994 327.132 327.256 327.366 327.46 327.539 327.603 327.653 327.688 327.708 327.714 327.705 327.683 327.648 327.599 327.538 327.464 327.379 327.283 327.177 327.06 326.934 326.8 326.658 326.508 326.352 326.189 326.021 325.849 325.671 325.49 325.306 325.118 324.928 324.736 324.543 324.347 324.151 323.954 323.757 323.559 323.36 323.162 322.963 322.765 322.567
326.453 326.667 326.866 327.05 327.219 327.373 327.513 327.637 327.746 327.839 327.918 327.981 328.029 328.061 328.079 328.082 328.07 328.044 328.005 327.951 327.885 327.806 327.715 327.613 327.5 327.377 327.245 327.104 326.955 326.799 326.636 326.467 326.293 326.114 325.931 325.744 325.554 325.361 325.166 324.97 324.772 324.572 324.373 324.172 323.972 323.771 323.57 323.37 323.17 322.971 322.772
326.842 327.057 327.258 327.443 327.613 327.769 327.908 328.033 328.141 328.235 328.312 328.374 328.42 328.45 328.465 328.465 328.45 328.419 328.375 328.316 328.244 328.16 328.062 327.954 327.834 327.704 327.565 327.416 327.26 327.097 326.927 326.751 326.569 326.384 326.194 326.001 325.805 325.606 325.406 325.204 325.002 324.798 324.595 324.391 324.187 323.983 323.781 323.578 323.377 323.176 322.976
327.246 327.463 327.665 327.852 328.023 328.179 328.319 328.444 328.553 328.645 328.722 328.783 328.827 328.855 328.867 328.863 328.844 328.809 328.759 328.695 328.617 328.526 328.421 328.305 328.178 328.04 327.893 327.737 327.573 327.401 327.223 327.039 326.85 326.657 326.46 326.26 326.058 325.853 325.647 325.44 325.233 325.025 324.817 324.609 324.402 324.196 323.99 323.786 323.582 323.381 323.18
327.666 327.884 328.088 328.276 328.448 328.605 328.746 328.871 328.98 329.073 329.148 329.208 329.25 329.276 329.285 329.277 329.253 329.214 329.158 329.088 329.003 328.904 328.792 328.668 328.533 328.386 328.23 328.065 327.892 327.712 327.525 327.333 327.136 326.935 326.73 326.523 326.313 326.102 325.89 325.677 325.464 325.251 325.039 324.827 324.616 324.407 324.199 323.992 323.787 323.584 323.382
328.1 328.321 328.526 328.715 328.889 329.047 329.189 329.315 329.424 329.516 329.591 329.649 329.69 329.713 329.719 329.708 329.679 329.634 329.572 329.495 329.403 329.296 329.176 329.043 328.898 328.742 328.577 328.402 328.219 328.029 327.833 327.632 327.425 327.216 327.003 326.787 326.57 326.352 326.133 325.914 325.695 325.477 325.26 325.044 324.829 324.617 324.406 324.197 323.99 323.786 323.583
328.55 328.772 328.979 329.17 329.346 329.505 329.649 329.775 329.885 329.977 330.052 330.109 330.148 330.168 330.171 330.155 330.122 330.07 330.002 329.918 329.817 329.702 329.572 329.429 329.274 329.108 328.932 328.747 328.553 328.353 328.146 327.935 327.719 327.5 327.278 327.054 326.829 326.603 326.377 326.151 325.926 325.702 325.48 325.259 325.041 324.825 324.611 324.4 324.191 323.985 323.782
329.016 329.24 329.448 329.641 329.819 329.98 330.125 330.252 330.363 330.456 330.53 330.586 330.623 330.641 330.641 330.62 330.582 330.524 330.449 330.356 330.247 330.122 329.982 329.828 329.662 329.484 329.297 329.1 328.895 328.683 328.465 328.242 328.016 327.786 327.555 327.322 327.088 326.854 326.62 326.387 326.156 325.926 325.698 325.473 325.25 325.03 324.813 324.6 324.389 324.182 323.978
329.497 329.723 329.933 330.128 330.308 330.471 330.618 330.747 330.859 330.952 331.027 331.083 331.118 331.134 331.129 331.105 331.06 330.996 330.913 330.811 330.692 330.556 330.405 330.24 330.061 329.871 329.67 329.46 329.243 329.018 328.788 328.554 328.316 328.076 327.833 327.59 327.347 327.104 326.862 326.622 326.384 326.148 325.914 325.684 325.457 325.233 325.013 324.797 324.584 324.376 324.171
329.993 330.221 330.434 330.631 330.813 330.979 331.128 331.26 331.373 331.468 331.544 331.599 331.633 331.647 331.639 331.609 331.559 331.487 331.395 331.284 331.154 331.006 330.843 330.664 330.472 330.268 330.053 329.829 329.598 329.36 329.117 328.869 328.619 328.366 328.113 327.859 327.606 327.354 327.103 326.855 326.609 326.367 326.127 325.892 325.66 325.432 325.209 324.99 324.776 324.566 324.36
330.504 330.734 330.949 331.15 331.335 331.503 331.656 331.79 331.907 332.003 332.08 332.136 332.169 332.181 332.169 332.135 332.078 331.998 331.897 331.775 331.633 331.473 331.295 331.102 330.895 330.676 330.446 330.206 329.959 329.706 329.449 329.187 328.924 328.659 328.393 328.128 327.864 327.602 327.342 327.085 326.832 326.582 326.337 326.096 325.859 325.627 325.401 325.179 324.962 324.751 324.545
331.03 331.262 331.48 331.684 331.872 332.045 332.201 332.339 332.459 332.559 332.638 332.694 332.728 332.738 332.723 332.684 332.62 332.532 332.42 332.286 332.131 331.956 331.763 331.554 331.33 331.094 330.847 330.591 330.327 330.058 329.785 329.508 329.23 328.951 328.673 328.395 328.12 327.848 327.578 327.313 327.051 326.794 326.542 326.295 326.054 325.818 325.587 325.363 325.144 324.931 324.724
331.571 331.805 332.026 332.233 332.426 332.603 332.764 332.907 333.032 333.136 333.218 333.276 333.31 333.319 333.301 333.257 333.186 333.089 332.966 332.819 332.649 332.458 332.248 332.021 331.779 331.523 331.257 330.983 330.701 330.414 330.123 329.831 329.537 329.243 328.951 328.661 328.374 328.09 327.811 327.536 327.266 327.001 326.742 326.489 326.243 326.002 325.768 325.541 325.32 325.106 324.898
332.125 332.361 332.585 332.796 332.994 333.177 333.345 333.495 333.625 333.735 333.821 333.883 333.919 333.927 333.906 333.857 333.778 333.671 333.536 333.374 333.188 332.979 332.75 332.503 332.24 331.964 331.677 331.382 331.08 330.774 330.465 330.154 329.844 329.535 329.228 328.924 328.624 328.329 328.038 327.754 327.475 327.202 326.937 326.678 326.425 326.18 325.943 325.712 325.489 325.274 325.065
332.691 332.93 333.157 333.374 333.578 333.768 333.943 334.101 334.24 334.356 334.449 334.516 334.555 334.563 334.54 334.486 334.399 334.281 334.132 333.955 333.75 333.521 333.27 333 332.714 332.415 332.105 331.787 331.464 331.136 330.807 330.478 330.15 329.824 329.501 329.183 328.87 328.562 328.261 327.966 327.678 327.397 327.124 326.859 326.601 326.352 326.11 325.877 325.651 325.434 325.225
333.268 333.509 333.741 333.963 334.175 334.374 334.559 334.727 334.876 335.002 335.104 335.177 335.22 335.231 335.207 335.147 335.052 334.922 334.758 334.562 334.336 334.084 333.809 333.514 333.202 332.877 332.541 332.198 331.851 331.501 331.15 330.8 330.453 330.109 329.771 329.437 329.11 328.79 328.477 328.171 327.874 327.585 327.304 327.032 326.769 326.515 326.269 326.033 325.805 325.587 325.377
333.855 334.098 334.335 334.564 334.784 334.994 335.191 335.372 335.534 335.673 335.786 335.869 335.919 335.933 335.908 335.844 335.74 335.597 335.415 335.199 334.95 334.671 334.368 334.044 333.703 333.349 332.985 332.615 332.241 331.866 331.492 331.12 330.753 330.391 330.034 329.685 329.343 329.01 328.685 328.369 328.062 327.764 327.476 327.197 326.928 326.669 326.42 326.18 325.95 325.73 325.52
334.448 334.694 334.936 335.173 335.404 335.627 335.839 336.036 336.215 336.371 336.499 336.595 336.654 336.673 336.649 336.581 336.467 336.309 336.109 335.868 335.592 335.283 334.948 334.591 334.217 333.83 333.435 333.034 332.632 332.23 331.831 331.437 331.048 330.666 330.291 329.926 329.569 329.222 328.884 328.557 328.24 327.934 327.638 327.352 327.077 326.813 326.56 326.318 326.086 325.864 325.654
335.046 335.294 335.542 335.789 336.033 336.271 336.502 336.719 336.919 337.096 337.244 337.357 337.429 337.456 337.435 337.363 337.239 337.065 336.842 336.574 336.266 335.922 335.55 335.156 334.744 334.32 333.89 333.456 333.023 332.592 332.166 331.747 331.336 330.933 330.54 330.157 329.785 329.424 329.074 328.735 328.408 328.093 327.789 327.497 327.216 326.947 326.69 326.444 326.21 325.988 325.777
335.644 335.894 336.149 336.407 336.666 336.924 337.177 337.42 337.647 337.851 338.024 338.159 338.249 338.288 338.272 338.196 338.062 337.869 337.62 337.32 336.974 336.59 336.175 335.737 335.282 334.818 334.348 333.878 333.411 332.949 332.495 332.05 331.615 331.191 330.778 330.378 329.99 329.615 329.252 328.902 328.565 328.24 327.929 327.63 327.343 327.07 326.809 326.56 326.324 326.1 325.888
336.238 336.49 336.753 337.024 337.301 337.583 337.863 338.137 338.398 338.636 338.842 339.007 339.121 339.176 339.167 339.09 338.943 338.729 338.45 338.112 337.722 337.289 336.824 336.335 335.831 335.32 334.807 334.297 333.794 333.299 332.815 332.343 331.883 331.437 331.005 330.587 330.183 329.793 329.417 329.056 328.709 328.375 328.056 327.75 327.458 327.18 326.915 326.663 326.425 326.2 325.988
336.822 337.077 337.348 337.634 337.933 338.241 338.555 338.868 339.171 339.453 339.702 339.906 340.051 340.128 340.13 340.052 339.893 339.654 339.339 338.955 338.512 338.021 337.496 336.948 336.388 335.824 335.264 334.71 334.168 333.638 333.123 332.622 332.138 331.67 331.217 330.781 330.361 329.957 329.569 329.196 328.839 328.496 328.169 327.857 327.559 327.276 327.007 326.753 326.512 326.286 326.074
337.391 337.649 337.929 338.232 338.555 338.895 339.249 339.608 339.964 340.303 340.609 340.863 341.049 341.155 341.172 341.095 340.922 340.655 340.297 339.858 339.35 338.788 338.19 337.572 336.948 336.326 335.712 335.113 334.529 333.963 333.415 332.887 332.377 331.886 331.414 330.96 330.524 330.106 329.705 329.321 328.954 328.603 328.268 327.949 327.646 327.358 327.086 326.829 326.586 326.359 326.146
337.938 338.197 338.488 338.809 339.159 339.536 339.936 340.353 340.775 341.187 341.566 341.887 342.128 342.272 342.31 342.235 342.047 341.745 341.337 340.83 340.241 339.59 338.904 338.204 337.505 336.818 336.148 335.499 334.873 334.269 333.689 333.132 332.597 332.084 331.592 331.121 330.669 330.237 329.824 329.429 329.052 328.693 328.351 328.026 327.717 327.425 327.149 326.89 326.645 326.417 326.204
338.453 338.715 339.016 339.357 339.736 340.154 340.607 341.091 341.596 342.103 342.582 342.992 343.303 343.495 343.559 343.489 343.284 342.944 342.474 341.885 341.193 340.429 339.633 338.835 338.051 337.293 336.563 335.863 335.193 334.553 333.941 333.355 332.796 332.261 331.75 331.261 330.795 330.349 329.924 329.519 329.133 328.766 328.417 328.086 327.772 327.476 327.197 326.935 326.689 326.46 326.247
338.93 339.194 339.506 339.866 340.275 340.736 341.247 341.809 342.415 343.048 343.667 344.197 344.596 344.847 344.942 344.878 344.655 344.272 343.732 343.042 342.218 341.3 340.364 339.45 338.573 337.739 336.948 336.197 335.485 334.808 334.165 333.553 332.97 332.414 331.885 331.38 330.9 330.441 330.005 329.59 329.195 328.821 328.465 328.129 327.81 327.51 327.228 326.963 326.716 326.486 326.273
339.36 339.625 339.946 340.325 340.764 341.266 341.837 342.483 343.207 344.006 344.842 345.533 346.039 346.355 346.484 346.427 346.186 345.758 345.141 344.332 343.336 342.189 341.074 340.027 339.052 338.143 337.292 336.493 335.741 335.03 334.358 333.721 333.116 332.542 331.995 331.476 330.982 330.512 330.065 329.641 329.238 328.856 328.495 328.153 327.83 327.527 327.241 326.975 326.726 326.495 326.282
339.733 340 340.33 340.725 341.189 341.729 342.354 343.078 343.924 344.927 346.163 347.052 347.67 348.05 348.211 348.161 347.903 347.433 346.743 345.811 344.604 343.046 341.715 340.534 339.466 338.488 337.584 336.742 335.955 335.214 334.517 333.857 333.233 332.641 332.079 331.546 331.04 330.559 330.103 329.67 329.26 328.872 328.504 328.158 327.831 327.524 327.237 326.968 326.718 326.486 326.273
340.044 340.312 340.649 341.056 341.538 342.105 342.77 343.552 344.484 345.616 347.029 348.044 348.74 349.166 349.348 349.302 349.031 348.53 347.784 346.765 345.423 343.677 342.206 340.928 339.789 338.759 337.813 336.938 336.121 335.356 334.637 333.958 333.317 332.71 332.134 331.589 331.072 330.582 330.117 329.677 329.26 328.866 328.494 328.143 327.813 327.503 327.213 326.943 326.692 326.46 326.247
340.287 340.556 340.897 341.311 341.804 342.385 343.069 343.877 344.844 346.024 347.495 348.554 349.281 349.724 349.915 349.868 349.589 349.072 348.3 347.242 345.846 344.034 342.505 341.181 340.006 338.945 337.973 337.074 336.237 335.453 334.716 334.022 333.366 332.747 332.16 331.604 331.078 330.579 330.107 329.66 329.237 328.838 328.462 328.107 327.774 327.462 327.17 326.898 326.646 326.414 326.201
340.46 340.73 341.071 341.487 341.981 342.562 343.243 344.042 344.992 346.142 347.57 348.598 349.304 349.735 349.918 349.867 349.586 349.069 348.302 347.257 345.885 344.106 342.6 341.284 340.109 339.041 338.059 337.149 336.299 335.502 334.753 334.047 333.381 332.75 332.154 331.59 331.056 330.55 330.072 329.619 329.192 328.788 328.408 328.05 327.715 327.4 327.107 326.834 326.581 326.349 326.136
340.561 340.831 341.172 341.584 342.071 342.64 343.298 344.058 344.941 345.979 347.247 348.165 348.803 349.194 349.356 349.296 349.017 348.516 347.782 346.799 345.531 343.906 342.504 341.248 340.105 339.052 338.074 337.162 336.308 335.504 334.747 334.033 333.358 332.72 332.117 331.546 331.005 330.494 330.01 329.553 329.122 328.715 328.332 327.972 327.634 327.318 327.023 326.75 326.497 326.264 326.052
340.593 340.863 341.201 341.606 342.081 342.628 343.25 343.951 344.733 345.588 346.476 347.21 347.748 348.083 348.215 348.145 347.872 347.395 346.713 345.824 344.734 343.485 342.26 341.1 340.01 338.987 338.025 337.119 336.265 335.46 334.699 333.98 333.3 332.656 332.047 331.471 330.926 330.41 329.923 329.462 329.028 328.618 328.233 327.871 327.531 327.214 326.919 326.644 326.391 326.159 325.947
340.558 340.828 341.161 341.558 342.018 342.541 343.124 343.764 344.452 345.164 345.857 346.45 346.897 347.176 347.277 347.196 346.93 346.481 345.851 345.05 344.098 343.039 341.952 340.882 339.849 338.86 337.918 337.024 336.175 335.371 334.609 333.888 333.204 332.557 331.945 331.365 330.817 330.298 329.808 329.345 328.908 328.497 328.11 327.747 327.407 327.089 326.793 326.518 326.265 326.033 325.822
340.46 340.73 341.059 341.447 341.893 342.393 342.941 343.53 344.145 344.76 345.34 345.836 346.213 346.446 346.522 346.431 346.172 345.746 345.16 344.426 343.568 342.62 341.628 340.628 339.643 338.686 337.765 336.882 336.041 335.24 334.479 333.757 333.073 332.424 331.81 331.228 330.678 330.158 329.666 329.202 328.764 328.352 327.964 327.6 327.26 326.942 326.646 326.371 326.119 325.887 325.676
340.303 340.573 340.898 341.279 341.713 342.195 342.719 343.271 343.837 344.392 344.905 345.343 345.673 345.875 345.932 345.835 345.581 345.173 344.617 343.928 343.127 342.244 341.312 340.36 339.41 338.477 337.572 336.701 335.866 335.069 334.31 333.589 332.905 332.257 331.642 331.06 330.509 329.989 329.497 329.032 328.594 328.182 327.794 327.431 327.09 326.772 326.477 326.203 325.951 325.72 325.509
340.091 340.359 340.682 341.058 341.485 341.957 342.466 343 343.54 344.065 344.547 344.955 345.263 345.448 345.496 345.396 345.145 344.746 344.207 343.541 342.77 341.919 341.016 340.089 339.159 338.241 337.346 336.482 335.652 334.859 334.104 333.385 332.702 332.055 331.442 330.861 330.311 329.791 329.3 328.836 328.399 327.987 327.601 327.238 326.898 326.581 326.286 326.013 325.762 325.531 325.322
340.091 340.091 340.412 340.787 341.213 341.683 342.19 342.721 343.259 343.782 344.262 344.669 344.975 345.16 345.207 345.107 344.858 344.46 343.923 343.26 342.492 341.644 340.745 339.822 338.895 337.981 337.09 336.229 335.403 334.613 333.86 333.144 332.465 331.82 331.209 330.63 330.082 329.565 329.075 328.614 328.178 327.768 327.383 327.022 326.683 326.367 326.074 325.802 325.551 325.322 325.322
