291.312 291.312 291.379 291.438 291.49 291.534 291.57 291.599 291.62 291.633 291.638 291.637 291.628 291.612 291.589 291.559 291.523 291.481 291.433 291.379 291.32 291.256 291.187 291.114 291.037 290.957 290.873 290.786 290.698 290.607 290.514 290.42 290.326 290.231 290.136 290.041 289.946 289.853 289.76 289.669 289.58 289.493 289.407 289.324 289.244 289.166 289.091 289.019 288.95 288.884 288.884
291.312 291.385 291.452 291.512 291.564 291.608 291.645 291.673 291.694 291.707 291.713 291.711 291.702 291.686 291.663 291.633 291.597 291.555 291.507 291.453 291.393 291.329 291.26 291.187 291.109 291.028 290.944 290.858 290.768 290.677 290.584 290.49 290.395 290.3 290.204 290.109 290.014 289.92 289.827 289.736 289.646 289.559 289.473 289.39 289.309 289.231 289.156 289.083 289.014 288.947 288.884
291.405 291.478 291.546 291.606 291.658 291.702 291.739 291.768 291.788 291.802 291.807 291.805 291.796 291.78 291.757 291.726 291.69 291.647 291.598 291.544 291.484 291.419 291.349 291.275 291.197 291.116 291.031 290.944 290.854 290.762 290.668 290.573 290.477 290.381 290.285 290.189 290.093 289.999 289.905 289.813 289.723 289.634 289.548 289.465 289.383 289.305 289.229 289.156 289.087 289.02 288.956
291.515 291.589 291.658 291.718 291.77 291.815 291.851 291.88 291.901 291.914 291.919 291.917 291.908 291.891 291.867 291.837 291.799 291.756 291.706 291.651 291.59 291.524 291.454 291.379 291.3 291.217 291.131 291.043 290.951 290.858 290.763 290.667 290.571 290.473 290.376 290.279 290.182 290.086 289.992 289.899 289.808 289.719 289.632 289.547 289.465 289.386 289.31 289.237 289.166 289.099 289.035
291.644 291.719 291.787 291.848 291.901 291.945 291.982 292.011 292.031 292.044 292.049 292.047 292.037 292.02 291.995 291.964 291.926 291.881 291.831 291.774 291.712 291.645 291.573 291.497 291.416 291.332 291.245 291.155 291.062 290.967 290.871 290.773 290.675 290.576 290.477 290.378 290.28 290.183 290.088 289.993 289.901 289.811 289.723 289.638 289.555 289.475 289.398 289.324 289.253 289.186 289.121
291.791 291.866 291.935 291.996 292.049 292.094 292.131 292.159 292.18 292.193 292.197 292.194 292.184 292.166 292.141 292.108 292.069 292.023 291.971 291.914 291.85 291.781 291.708 291.629 291.547 291.461 291.372 291.28 291.185 291.088 290.99 290.89 290.79 290.689 290.588 290.488 290.388 290.29 290.192 290.097 290.003 289.911 289.822 289.736 289.652 289.571 289.493 289.419 289.347 289.279 289.214
291.956 292.032 292.102 292.163 292.216 292.261 292.298 292.327 292.347 292.359 292.364 292.36 292.349 292.33 292.303 292.27 292.229 292.182 292.129 292.069 292.004 291.933 291.857 291.777 291.692 291.604 291.512 291.418 291.321 291.221 291.121 291.019 290.916 290.813 290.71 290.607 290.505 290.405 290.306 290.208 290.113 290.02 289.929 289.841 289.756 289.674 289.595 289.52 289.448 289.379 289.314
292.14 292.216 292.287 292.348 292.402 292.447 292.484 292.513 292.533 292.545 292.548 292.544 292.532 292.512 292.484 292.449 292.407 292.358 292.302 292.241 292.173 292.1 292.022 291.939 291.852 291.761 291.666 291.569 291.469 291.367 291.263 291.158 291.053 290.947 290.842 290.736 290.632 290.529 290.428 290.328 290.231 290.136 290.043 289.954 289.868 289.784 289.705 289.628 289.555 289.486 289.421
292.342 292.419 292.49 292.553 292.606 292.652 292.689 292.717 292.737 292.748 292.751 292.746 292.733 292.712 292.682 292.646 292.602 292.551 292.493 292.429 292.359 292.283 292.202 292.116 292.026 291.931 291.834 291.733 291.63 291.524 291.418 291.309 291.201 291.092 290.983 290.875 290.768 290.662 290.558 290.456 290.356 290.259 290.165 290.074 289.986 289.901 289.821 289.743 289.669 289.6 289.533
292.563 292.641 292.712 292.775 292.83 292.875 292.912 292.94 292.96 292.971 292.973 292.967 292.952 292.93 292.899 292.86 292.814 292.761 292.701 292.634 292.561 292.482 292.397 292.308 292.214 292.116 292.015 291.91 291.803 291.694 291.584 291.472 291.359 291.247 291.135 291.023 290.913 290.804 290.697 290.592 290.49 290.391 290.294 290.201 290.111 290.025 289.943 289.864 289.79 289.719 289.653
292.802 292.881 292.954 293.017 293.072 293.118 293.155 293.183 293.202 293.212 293.214 293.207 293.191 293.166 293.134 293.093 293.045 292.989 292.926 292.856 292.779 292.697 292.608 292.515 292.417 292.315 292.21 292.101 291.99 291.876 291.761 291.645 291.529 291.412 291.296 291.181 291.067 290.955 290.844 290.737 290.631 290.529 290.431 290.335 290.244 290.156 290.072 289.992 289.917 289.845 289.778
293.061 293.141 293.214 293.278 293.334 293.38 293.417 293.445 293.464 293.473 293.474 293.465 293.448 293.422 293.387 293.344 293.293 293.234 293.168 293.094 293.014 292.928 292.835 292.738 292.635 292.529 292.418 292.305 292.188 292.07 291.951 291.83 291.709 291.588 291.467 291.348 291.23 291.114 291 290.889 290.78 290.675 290.574 290.476 290.382 290.292 290.207 290.126 290.049 289.977 289.909
293.339 293.42 293.494 293.559 293.615 293.661 293.699 293.726 293.745 293.754 293.753 293.744 293.725 293.697 293.66 293.614 293.56 293.498 293.428 293.35 293.266 293.175 293.078 292.976 292.868 292.756 292.641 292.522 292.4 292.277 292.151 292.026 291.899 291.773 291.648 291.524 291.401 291.281 291.163 291.048 290.936 290.828 290.724 290.623 290.527 290.435 290.348 290.265 290.188 290.115 290.046
293.636 293.718 293.793 293.859 293.916 293.963 294 294.028 294.046 294.054 294.053 294.042 294.021 293.991 293.952 293.903 293.846 293.78 293.706 293.624 293.535 293.439 293.337 293.229 293.116 292.998 292.877 292.752 292.624 292.495 292.364 292.232 292.1 291.969 291.838 291.709 291.581 291.456 291.334 291.215 291.099 290.987 290.88 290.776 290.678 290.584 290.494 290.41 290.331 290.257 290.189
293.953 294.037 294.113 294.179 294.237 294.284 294.322 294.349 294.367 294.374 294.372 294.36 294.337 294.305 294.263 294.212 294.151 294.081 294.003 293.916 293.822 293.721 293.613 293.499 293.379 293.255 293.127 292.996 292.862 292.726 292.588 292.45 292.312 292.174 292.037 291.902 291.77 291.639 291.512 291.389 291.269 291.153 291.042 290.936 290.834 290.738 290.646 290.561 290.48 290.405 290.336
294.29 294.375 294.452 294.52 294.578 294.626 294.663 294.691 294.709 294.716 294.712 294.698 294.674 294.64 294.595 294.54 294.475 294.401 294.318 294.226 294.127 294.019 293.905 293.784 293.658 293.527 293.392 293.253 293.111 292.968 292.823 292.678 292.533 292.389 292.246 292.105 291.966 291.83 291.698 291.569 291.445 291.325 291.21 291.1 290.996 290.897 290.803 290.716 290.634 290.558 290.488
294.646 294.733 294.812 294.88 294.939 294.988 295.026 295.054 295.071 295.078 295.073 295.058 295.032 294.995 294.947 294.889 294.82 294.741 294.653 294.556 294.449 294.335 294.214 294.086 293.952 293.813 293.67 293.523 293.374 293.223 293.07 292.917 292.765 292.613 292.463 292.315 292.17 292.028 291.89 291.756 291.627 291.503 291.384 291.27 291.162 291.061 290.965 290.875 290.792 290.715 290.645
295.023 295.112 295.192 295.262 295.321 295.371 295.41 295.438 295.455 295.461 295.456 295.439 295.411 295.372 295.321 295.259 295.185 295.102 295.008 294.904 294.791 294.67 294.541 294.405 294.263 294.115 293.963 293.808 293.649 293.489 293.328 293.167 293.006 292.846 292.689 292.533 292.381 292.233 292.089 291.949 291.815 291.686 291.562 291.445 291.334 291.229 291.13 291.039 290.954 290.876 290.805
295.421 295.511 295.592 295.663 295.725 295.775 295.815 295.843 295.861 295.867 295.861 295.843 295.813 295.771 295.716 295.65 295.572 295.483 295.383 295.272 295.152 295.023 294.885 294.74 294.589 294.432 294.27 294.105 293.937 293.768 293.597 293.426 293.257 293.088 292.922 292.759 292.6 292.444 292.294 292.148 292.008 291.873 291.745 291.624 291.509 291.401 291.3 291.206 291.12 291.04 290.969
295.839 295.93 296.013 296.086 296.149 296.201 296.241 296.271 296.289 296.294 296.288 296.269 296.237 296.192 296.135 296.064 295.981 295.886 295.779 295.661 295.533 295.395 295.248 295.093 294.931 294.764 294.592 294.416 294.238 294.058 293.877 293.696 293.517 293.339 293.164 292.992 292.825 292.662 292.504 292.352 292.205 292.065 291.932 291.806 291.688 291.576 291.472 291.376 291.288 291.208 291.135
296.277 296.37 296.455 296.53 296.594 296.648 296.69 296.721 296.739 296.745 296.738 296.718 296.685 296.637 296.576 296.501 296.413 296.312 296.197 296.071 295.934 295.786 295.629 295.463 295.291 295.112 294.928 294.741 294.551 294.359 294.167 293.975 293.785 293.597 293.413 293.232 293.056 292.885 292.719 292.56 292.407 292.261 292.123 291.992 291.869 291.755 291.648 291.549 291.459 291.378 291.305
296.736 296.831 296.918 296.995 297.061 297.117 297.161 297.193 297.213 297.219 297.213 297.192 297.157 297.107 297.042 296.963 296.869 296.761 296.639 296.503 296.356 296.198 296.029 295.852 295.667 295.475 295.279 295.079 294.876 294.672 294.468 294.264 294.063 293.864 293.669 293.478 293.292 293.112 292.939 292.772 292.613 292.461 292.317 292.181 292.054 291.935 291.825 291.724 291.632 291.55 291.476
297.216 297.313 297.402 297.481 297.549 297.607 297.654 297.688 297.71 297.718 297.712 297.691 297.654 297.602 297.534 297.45 297.35 297.234 297.103 296.959 296.801 296.63 296.449 296.259 296.06 295.855 295.644 295.43 295.213 294.996 294.778 294.562 294.348 294.137 293.931 293.729 293.534 293.345 293.162 292.988 292.821 292.662 292.513 292.372 292.24 292.117 292.004 291.901 291.807 291.723 291.648
297.716 297.814 297.906 297.987 298.059 298.12 298.17 298.207 298.231 298.241 298.236 298.216 298.179 298.124 298.053 297.964 297.857 297.733 297.593 297.438 297.268 297.085 296.89 296.685 296.471 296.25 296.024 295.795 295.563 295.33 295.098 294.868 294.64 294.417 294.199 293.986 293.78 293.581 293.389 293.206 293.032 292.866 292.71 292.564 292.427 292.301 292.184 292.078 291.982 291.896 291.821
298.235 298.336 298.43 298.515 298.59 298.655 298.708 298.749 298.777 298.79 298.787 298.768 298.73 298.675 298.6 298.505 298.392 298.26 298.11 297.942 297.759 297.561 297.351 297.13 296.9 296.662 296.419 296.172 295.924 295.675 295.427 295.182 294.94 294.703 294.471 294.247 294.029 293.82 293.619 293.427 293.244 293.071 292.909 292.757 292.615 292.484 292.364 292.255 292.157 292.07 291.994
298.774 298.877 298.974 299.063 299.142 299.211 299.27 299.316 299.348 299.365 299.366 299.348 299.312 299.254 299.176 299.077 298.957 298.815 298.654 298.473 298.275 298.062 297.834 297.595 297.346 297.09 296.828 296.563 296.296 296.029 295.765 295.503 295.245 294.994 294.749 294.511 294.281 294.061 293.849 293.648 293.457 293.277 293.108 292.949 292.803 292.667 292.544 292.432 292.332 292.243 292.166
299.332 299.437 299.537 299.63 299.714 299.79 299.854 299.907 299.945 299.968 299.973 299.959 299.924 299.866 299.785 299.681 299.553 299.401 299.228 299.033 298.818 298.587 298.34 298.081 297.811 297.534 297.251 296.966 296.679 296.393 296.11 295.83 295.556 295.289 295.029 294.778 294.535 294.303 294.081 293.87 293.67 293.482 293.306 293.141 292.989 292.849 292.722 292.607 292.505 292.415 292.337
299.907 300.015 300.118 300.216 300.307 300.389 300.462 300.522 300.569 300.599 300.61 300.601 300.569 300.512 300.429 300.319 300.183 300.021 299.833 299.622 299.389 299.138 298.869 298.587 298.295 297.994 297.689 297.38 297.072 296.765 296.461 296.163 295.871 295.587 295.312 295.046 294.79 294.546 294.313 294.092 293.883 293.686 293.502 293.332 293.174 293.029 292.898 292.78 292.676 292.584 292.506
300.498 300.608 300.716 300.82 300.918 301.009 301.092 301.162 301.219 301.259 301.279 301.277 301.249 301.194 301.109 300.995 300.851 300.676 300.473 300.244 299.991 299.716 299.423 299.116 298.797 298.471 298.14 297.806 297.474 297.144 296.819 296.5 296.189 295.887 295.596 295.315 295.045 294.788 294.543 294.311 294.093 293.888 293.697 293.519 293.356 293.207 293.072 292.951 292.844 292.751 292.672
301.104 301.216 301.329 301.44 301.547 301.649 301.743 301.827 301.897 301.95 301.982 301.989 301.967 301.916 301.831 301.712 301.558 301.371 301.151 300.901 300.624 300.323 300.002 299.666 299.318 298.963 298.603 298.243 297.884 297.529 297.181 296.84 296.509 296.188 295.879 295.582 295.298 295.028 294.771 294.528 294.3 294.087 293.888 293.704 293.535 293.38 293.241 293.117 293.008 292.914 292.834
301.722 301.836 301.955 302.073 302.192 302.307 302.416 302.516 302.603 302.673 302.719 302.739 302.727 302.681 302.597 302.474 302.311 302.109 301.87 301.596 301.291 300.96 300.608 300.239 299.858 299.47 299.079 298.688 298.301 297.919 297.546 297.182 296.829 296.489 296.162 295.848 295.549 295.265 294.996 294.742 294.504 294.281 294.074 293.884 293.709 293.55 293.406 293.279 293.168 293.072 292.992
302.348 302.466 302.59 302.719 302.85 302.981 303.109 303.23 303.338 303.428 303.494 303.531 303.533 303.495 303.413 303.287 303.114 302.895 302.633 302.332 301.996 301.63 301.241 300.834 300.416 299.991 299.565 299.141 298.722 298.312 297.911 297.523 297.148 296.787 296.441 296.11 295.796 295.497 295.215 294.95 294.702 294.47 294.256 294.058 293.877 293.713 293.566 293.435 293.322 293.225 293.144
302.981 303.101 303.232 303.372 303.518 303.669 303.82 303.966 304.101 304.218 304.31 304.369 304.389 304.362 304.286 304.156 303.972 303.735 303.448 303.114 302.741 302.334 301.902 301.452 300.99 300.525 300.059 299.599 299.146 298.705 298.276 297.862 297.463 297.081 296.715 296.367 296.036 295.724 295.429 295.153 294.894 294.654 294.431 294.226 294.04 293.871 293.719 293.586 293.47 293.371 293.29
303.614 303.737 303.876 304.029 304.193 304.367 304.546 304.723 304.892 305.044 305.169 305.258 305.301 305.291 305.222 305.09 304.895 304.637 304.319 303.947 303.529 303.074 302.592 302.091 301.581 301.068 300.56 300.059 299.571 299.096 298.637 298.196 297.773 297.368 296.983 296.617 296.27 295.943 295.636 295.348 295.079 294.829 294.599 294.387 294.195 294.021 293.865 293.729 293.61 293.51 293.429
304.243 304.368 304.516 304.684 304.87 305.072 305.283 305.499 305.711 305.907 306.075 306.203 306.278 306.29 306.232 306.099 305.891 305.608 305.255 304.837 304.366 303.853 303.31 302.75 302.184 301.619 301.063 300.519 299.991 299.482 298.992 298.523 298.074 297.647 297.242 296.858 296.495 296.154 295.833 295.534 295.255 294.996 294.758 294.54 294.341 294.163 294.003 293.864 293.743 293.642 293.56
304.862 304.99 305.147 305.332 305.542 305.776 306.028 306.291 306.555 306.808 307.033 307.211 307.328 307.369 307.326 307.195 306.972 306.661 306.265 305.792 305.256 304.672 304.057 303.427 302.796 302.173 301.564 300.974 300.405 299.859 299.337 298.839 298.365 297.916 297.49 297.088 296.71 296.354 296.021 295.71 295.421 295.154 294.908 294.683 294.479 294.295 294.132 293.99 293.867 293.764 293.682
305.463 305.593 305.761 305.964 306.202 306.473 306.771 307.091 307.422 307.748 308.047 308.293 308.463 308.542 308.52 308.391 308.154 307.809 307.362 306.822 306.205 305.532 304.829 304.117 303.411 302.723 302.057 301.418 300.806 300.223 299.668 299.142 298.643 298.171 297.726 297.306 296.912 296.542 296.196 295.875 295.576 295.3 295.047 294.815 294.606 294.418 294.251 294.106 293.981 293.877 293.794
306.039 306.171 306.35 306.573 306.84 307.151 307.503 307.891 308.305 308.726 309.125 309.46 309.7 309.828 309.832 309.707 309.453 309.07 308.562 307.939 307.22 306.433 305.62 304.81 304.02 303.26 302.535 301.844 301.189 300.569 299.982 299.427 298.904 298.41 297.946 297.509 297.1 296.717 296.359 296.027 295.719 295.435 295.174 294.937 294.722 294.53 294.36 294.211 294.085 293.98 293.896
306.581 306.715 306.905 307.148 307.446 307.799 308.21 308.676 309.191 309.738 310.277 310.732 311.061 311.247 311.283 311.165 310.893 310.467 309.888 309.165 308.313 307.372 306.419 305.493 304.61 303.775 302.988 302.247 301.549 300.892 300.274 299.693 299.146 298.632 298.149 297.696 297.272 296.876 296.507 296.165 295.848 295.556 295.289 295.046 294.826 294.63 294.456 294.306 294.177 294.071 293.987
307.08 307.217 307.416 307.678 308.005 308.401 308.872 309.421 310.055 310.769 311.523 312.139 312.575 312.827 312.896 312.786 312.496 312.025 311.37 310.528 309.503 308.335 307.203 306.144 305.163 304.252 303.405 302.616 301.878 301.188 300.541 299.934 299.366 298.832 298.332 297.864 297.427 297.019 296.64 296.288 295.963 295.664 295.39 295.142 294.917 294.717 294.541 294.388 294.258 294.151 294.066
307.529 307.667 307.875 308.154 308.506 308.94 309.464 310.093 310.849 311.766 312.924 313.737 314.286 314.601 314.703 314.599 314.292 313.779 313.05 312.086 310.853 309.27 307.923 306.73 305.655 304.676 303.776 302.944 302.171 301.451 300.778 300.149 299.56 299.009 298.494 298.012 297.563 297.144 296.755 296.395 296.062 295.756 295.477 295.223 294.995 294.791 294.612 294.457 294.325 294.217 294.133
307.92 308.06 308.274 308.565 308.937 309.398 309.962 310.649 311.492 312.538 313.872 314.811 315.438 315.799 315.923 315.823 315.503 314.959 314.175 313.123 311.754 309.985 308.498 307.207 306.063 305.031 304.09 303.223 302.422 301.677 300.982 300.334 299.728 299.162 298.633 298.139 297.678 297.25 296.852 296.484 296.145 295.833 295.548 295.29 295.058 294.851 294.67 294.512 294.379 294.271 294.186
308.248 308.389 308.608 308.906 309.289 309.765 310.348 311.061 311.939 313.033 314.425 315.41 316.067 316.446 316.578 316.478 316.151 315.59 314.781 313.689 312.267 310.431 308.886 307.55 306.369 305.306 304.338 303.449 302.626 301.862 301.151 300.487 299.867 299.288 298.747 298.242 297.773 297.336 296.93 296.555 296.21 295.893 295.604 295.342 295.106 294.897 294.713 294.554 294.42 294.31 294.225
308.511 308.653 308.874 309.173 309.557 310.033 310.614 311.319 312.179 313.243 314.594 315.546 316.184 316.551 316.675 316.57 316.241 315.681 314.876 313.798 312.4 310.598 309.076 307.748 306.566 305.497 304.519 303.618 302.783 302.006 301.282 300.606 299.975 299.386 298.835 298.322 297.844 297.4 296.988 296.607 296.257 295.935 295.642 295.377 295.139 294.927 294.741 294.58 294.445 294.336 294.251
308.707 308.85 309.07 309.367 309.744 310.208 310.766 311.432 312.225 313.178 314.37 315.212 315.782 316.109 316.213 316.1 315.773 315.228 314.457 313.44 312.147 310.497 309.079 307.812 306.662 305.608 304.635 303.732 302.892 302.108 301.376 300.692 300.053 299.455 298.897 298.377 297.893 297.442 297.025 296.64 296.285 295.96 295.664 295.396 295.155 294.941 294.753 294.592 294.456 294.346 294.261
308.839 308.982 309.2 309.49 309.855 310.298 310.821 311.428 312.12 312.892 313.699 314.36 314.83 315.101 315.175 315.051 314.731 314.211 313.491 312.57 311.452 310.183 308.941 307.769 306.672 305.648 304.69 303.793 302.954 302.169 301.433 300.743 300.098 299.495 298.932 298.406 297.917 297.462 297.041 296.652 296.294 295.966 295.667 295.397 295.154 294.939 294.75 294.588 294.452 294.341 294.256
308.909 309.053 309.266 309.549 309.899 310.318 310.802 311.348 311.947 312.576 313.19 313.71 314.088 314.304 314.347 314.213 313.899 313.407 312.74 311.906 310.927 309.846 308.743 307.661 306.622 305.631 304.694 303.808 302.974 302.19 301.453 300.761 300.113 299.506 298.939 298.41 297.917 297.459 297.035 296.644 296.283 295.953 295.652 295.381 295.137 294.92 294.731 294.568 294.431 294.321 294.236
308.921 309.065 309.275 309.549 309.886 310.282 310.732 311.227 311.753 312.285 312.786 313.209 313.518 313.688 313.705 313.562 313.256 312.787 312.164 311.398 310.512 309.542 308.534 307.523 306.531 305.573 304.656 303.783 302.955 302.174 301.438 300.746 300.096 299.488 298.919 298.388 297.893 297.433 297.007 296.614 296.252 295.921 295.619 295.346 295.102 294.885 294.695 294.532 294.395 294.285 294.2
308.88 309.023 309.23 309.497 309.823 310.202 310.626 311.086 311.563 312.035 312.47 312.834 313.097 313.236 313.235 313.086 312.785 312.334 311.741 311.02 310.192 309.288 308.339 307.375 306.418 305.485 304.584 303.721 302.901 302.123 301.389 300.698 300.049 299.44 298.871 298.339 297.844 297.383 296.957 296.563 296.201 295.869 295.567 295.294 295.05 294.833 294.643 294.48 294.343 294.232 294.148
308.786 308.93 309.134 309.398 309.717 310.086 310.496 310.937 311.39 311.832 312.236 312.571 312.811 312.934 312.924 312.772 312.474 312.033 311.456 310.758 309.96 309.087 308.169 307.23 306.293 305.374 304.484 303.629 302.813 302.04 301.308 300.619 299.971 299.364 298.795 298.264 297.77 297.31 296.884 296.491 296.129 295.798 295.496 295.224 294.98 294.763 294.573 294.411 294.274 294.164 294.08
308.786 308.786 308.99 309.253 309.57 309.938 310.347 310.786 311.237 311.677 312.079 312.413 312.653 312.775 312.765 312.613 312.317 311.877 311.303 310.608 309.813 308.944 308.028 307.094 306.161 305.245 304.358 303.507 302.695 301.924 301.196 300.509 299.864 299.259 298.693 298.164 297.671 297.213 296.789 296.397 296.037 295.707 295.407 295.135 294.892 294.676 294.488 294.325 294.19 294.08 294.08
