273 273 273 273 273 273 273 273 273 273 273 273 273 273 273 273 273 273 273 273 273 273 273 273 273 273 273 273 273 273 273 273 273 273 273 273 273 273 273 273 273 273 273 273 273 273 273 273 273 273 273
273 273 273 273 273 273 273 273 273 273 273 273 273 273 273 273 273 273 273 273 273 273 273 273 273 273 273 273 273 273 273 273 273 273 273 273 273 273 273 273 273 273 273 273 273 273 273 273 273 273 273
273 273 273 273 273 273 273 273 273 273 273 273 273 273 273 273 273 273 273 273 273 273 273 273 273 273 273 273 273 273 273 273 273 273 273 273 273 273 273 273 273 273 273 273 273 273 273 273 273 273 273
273 273 273 273 273 273 273 273 273 273 273 273 273 273 273 273 273 273 273 273 273 273 273 273 273 273 273 273 273 273 273 273 273 273 273 273 273 273 273 273 273 273 273 273 273 273 273 273 273 273 273
273 273 273 273 273 273 273 273 273 273 273 273 273 273 273 273 273 273 273 273 273 273 273 273 273 273 273 273 273 273 273 273 273 273 273 273 273 273 273 273 273 273 273 273 273 273 273 273 273 273 273
273 273 273 273 273 273 273 273 273 273 273 273 273 273 273 273 273 273 273 273 273 273 273 273 273 273 273 273 273 273 273 273 273 273 273 273 273 273 273 273 273 273 273 273 273 273 273 273 273 273 273
273 273 273 273 273 273 273 273 273 273 273 273 273 273 273 273 273 273 273 273 273 273 273 273 273 273 273 273 273 273 273 273 273 273 273 273 273 273 273 273 273 273 273 273 273 273 273 273 273 273 273
273 273 273 273 273 273 273 273 273 273 273 273 273 273 273 273 273 273 273 273 273 273 273 273 273 273 273 273 273 273 273 273 273 273 273 273 273 273 273 273 273 273 273 273 273 273 273 273 273 273 273
273 273 273 273 273 273 273 273 273 273 273 273 273 273 273 273 273 273 273 273 273 273 273 273 273 273 273 273 273 273 273 273 273 273 273 273 273 273 273 273 273 273 273 273 273 273 273 273 273 273 273
273 273 273 273 273 273 273 273 273 273 273 273 273 273 273 273 273 273 273 273 273 273 273 273 273 273 273 273 273 273 273 273 273 273 273 273 273 273 273 273 273 273 273 273 273 273 273 273 273 273 273
273 273 273 273 273 273 273 273 273 273 273 273 273 273 273 273 273 273 273 273 273 273 273 273 273 273 273 273 273 273 273 273 273 273 273 273 273 273 273 273 273 273 273 273 273 273 273 273 273 273 273
273 273 273 273 273 273 273 273 273 273 273 273 273 273 273 273 273 273 273 273 273 273 273 273 273 273 273 273 273 273 273 273 273 273 273 273 273 273 273 273 273 273 273 273 273 273 273 273 273 273 273
273 273 273 273 273 273 273 273 273 273 273 273 273 273 273 273 273 273 273 273 273 273 273 273 273 273 273 273 273 273 273 273 273 273 273 273 273 273 273 273 273 273 273 273 273 273 273 273 273 273 273
273 273 273 273 273 273 273 273 273 273 273 273 273 273 273 273 273 273 273 273 273 273 273 273 273 273 273 273 273 273 273 273 273 273 273 273 273 273 273 273 273 273 273 273 273 273 273 273 273 273 273
273 273 273 273 273 273 273 273 273 273 273 273 273 273 273 273 273 273 273 273 273 273 273 273 273 273 273 273 273 273 273 273 273 273 273 273 273 273 273 273 273 273 273 273 273 273 273 273 273 273 273
273 273 273 273 273 273 273 273 273 273 273 273 273 273 273 273 273 273 273 273 273 273 273 273 273 273 273 273 273 273 273 273 273 273 273 273 273 273 273 273 273 273 273 273 273 273 273 273 273 273 273
273 273 273 273 273 273 273 273 273 273 273 273 273 273 273 273 273 273 273 273 273 273 273 273 273 273 273 273 273 273 273 273 273 273 273 273 273 273 273 273 273 273 273 273 273 273 273 273 273 273 273
273 273 273 273 273 273 273 273 273 273 273 273 273.001 273.001 273.001 273.001 273.001 273.001 273.001 273.001 273.001 273.001 273.001 273.001 273 273 273 273 273 273 273 273 273 273 273 273 273 273 273 273 273 273 273 273 273 273 273 273 273 273 273
273 273 273 273 273 273 273 273 273.001 273.001 273.001 273.001 273.001 273.001 273.001 273.001 273.001 273.001 273.001 273.001 273.001 273.001 273.001 273.001 273.001 273.001 273.001 273.001 273 273 273 273 273 273 273 273 273 273 273 273 273 273 273 273 273 273 273 273 273 273 273
273 273 273 273 273 273.001 273.001 273.001 273.001 273.001 273.002 273.002 273.002 273.002 273.002 273.002 273.003 273.003 273.003 273.002 273.002 273.002 273.002 273.002 273.002 273.001 273.001 273.001 273.001 273.001 273.001 273 273 273 273 273 273 273 273 273 273 273 273 273 273 273 273 273 273 273 273
273 273 273 273.001 273.001 273.001 273.001 273.002 273.002 273.002 273.003 273.003 273.004 273.004 273.004 273.005 273.005 273.005 273.005 273.004 273.004 273.004 273.004 273.003 273.003 273.002 273.002 273.002 273.001 273.001 273.001 273.001 273.001 273 273 273 273 273 273 273 273 273 273 273 273 273 273 273 273 273 273
273.001 273.001 273.001 273.001 273.001 273.002 273.002 273.003 273.004 273.004 273.005 273.006 273.007 273.007 273.008 273.008 273.008 273.008 273.008 273.008 273.007 273.007 273.006 273.006 273.005 273.004 273.004 273.003 273.002 273.002 273.001 273.001 273.001 273.001 273 273 273 273 273 273 273 273 273 273 273 273 273 273 273 273 273
273.001 273.001 273.002 273.002 273.003 273.003 273.004 273.005 273.007 273.008 273.009 273.01 273.012 273.013 273.014 273.014 273.014 273.014 273.014 273.013 273.013 273.012 273.011 273.009 273.008 273.007 273.006 273.005 273.004 273.003 273.002 273.002 273.001 273.001 273.001 273.001 273 273 273 273 273 273 273 273 273 273 273 273 273 273 273
273.002 273.002 273.003 273.004 273.005 273.006 273.008 273.01 273.012 273.014 273.016 273.018 273.02 273.022 273.023 273.024 273.024 273.024 273.024 273.023 273.021 273.02 273.018 273.016 273.013 273.011 273.01 273.008 273.006 273.005 273.004 273.003 273.002 273.002 273.001 273.001 273.001 273 273 273 273 273 273 273 273 273 273 273 273 273 273
273.004 273.004 273.005 273.006 273.008 273.01 273.013 273.016 273.02 273.023 273.027 273.031 273.034 273.037 273.039 273.04 273.041 273.04 273.039 273.037 273.035 273.032 273.029 273.025 273.022 273.018 273.015 273.012 273.01 273.008 273.006 273.005 273.004 273.003 273.002 273.001 273.001 273.001 273 273 273 273 273 273 273 273 273 273 273 273 273
273.007 273.007 273.009 273.011 273.014 273.017 273.022 273.027 273.033 273.039 273.045 273.051 273.056 273.06 273.064 273.066 273.066 273.066 273.064 273.06 273.056 273.051 273.046 273.04 273.034 273.029 273.024 273.019 273.016 273.012 273.009 273.007 273.005 273.004 273.003 273.002 273.002 273.001 273.001 273.001 273 273 273 273 273 273 273 273 273 273 273
273.012 273.012 273.014 273.018 273.023 273.029 273.036 273.044 273.053 273.063 273.072 273.082 273.09 273.097 273.102 273.105 273.106 273.105 273.101 273.096 273.088 273.08 273.071 273.062 273.053 273.045 273.037 273.03 273.024 273.018 273.014 273.011 273.008 273.006 273.004 273.003 273.002 273.002 273.001 273.001 273.001 273 273 273 273 273 273 273 273 273 273
273.019 273.02 273.023 273.028 273.036 273.045 273.057 273.07 273.084 273.099 273.115 273.129 273.142 273.152 273.16 273.165 273.165 273.163 273.157 273.148 273.136 273.123 273.109 273.095 273.08 273.067 273.055 273.044 273.035 273.027 273.021 273.016 273.012 273.009 273.006 273.004 273.003 273.002 273.002 273.001 273.001 273 273 273 273 273 273 273 273 273 273
273.03 273.031 273.036 273.044 273.056 273.07 273.088 273.108 273.131 273.154 273.177 273.199 273.218 273.234 273.246 273.252 273.253 273.248 273.238 273.223 273.205 273.185 273.163 273.141 273.119 273.099 273.081 273.065 273.051 273.039 273.03 273.023 273.017 273.012 273.009 273.006 273.004 273.003 273.002 273.001 273.001 273.001 273 273 273 273 273 273 273 273 273
273.046 273.046 273.054 273.067 273.084 273.106 273.133 273.164 273.197 273.233 273.267 273.3 273.329 273.352 273.369 273.377 273.377 273.369 273.353 273.331 273.303 273.271 273.238 273.205 273.172 273.143 273.116 273.092 273.072 273.056 273.042 273.032 273.023 273.017 273.012 273.009 273.006 273.004 273.003 273.002 273.001 273.001 273.001 273 273 273 273 273 273 273 273
273.069 273.069 273.08 273.098 273.124 273.157 273.196 273.242 273.291 273.343 273.394 273.442 273.484 273.518 273.541 273.553 273.551 273.538 273.513 273.479 273.437 273.39 273.341 273.292 273.244 273.201 273.162 273.129 273.1 273.077 273.058 273.043 273.032 273.023 273.017 273.012 273.008 273.006 273.004 273.003 273.002 273.001 273.001 273.001 273 273 273 273 273 273 273
273.099 273.099 273.115 273.141 273.178 273.225 273.282 273.348 273.42 273.494 273.568 273.637 273.697 273.745 273.777 273.792 273.789 273.768 273.73 273.679 273.618 273.549 273.478 273.407 273.339 273.277 273.222 273.175 273.136 273.104 273.078 273.058 273.042 273.031 273.022 273.015 273.011 273.007 273.005 273.003 273.002 273.002 273.001 273.001 273 273 273 273 273 273 273
273.138 273.139 273.16 273.197 273.248 273.315 273.396 273.488 273.59 273.695 273.8 273.897 273.981 274.047 274.091 274.11 274.104 274.072 274.017 273.943 273.855 273.757 273.655 273.554 273.46 273.374 273.298 273.234 273.181 273.137 273.103 273.076 273.055 273.04 273.028 273.02 273.014 273.01 273.007 273.004 273.003 273.002 273.001 273.001 273.001 273 273 273 273 273 273
273.188 273.189 273.218 273.267 273.337 273.429 273.54 273.668 273.808 273.955 274.099 274.234 274.35 274.44 274.499 274.524 274.513 274.467 274.388 274.283 274.158 274.021 273.879 273.74 273.61 273.493 273.391 273.305 273.234 273.177 273.132 273.097 273.07 273.051 273.036 273.025 273.017 273.012 273.008 273.006 273.004 273.002 273.002 273.001 273.001 273 273 273 273 273 273
273.249 273.25 273.287 273.352 273.446 273.568 273.718 273.891 274.081 274.28 274.478 274.661 274.818 274.939 275.018 275.049 275.031 274.966 274.857 274.711 274.538 274.349 274.155 273.966 273.792 273.636 273.502 273.389 273.297 273.223 273.166 273.121 273.088 273.063 273.044 273.031 273.022 273.015 273.01 273.007 273.005 273.003 273.002 273.001 273.001 273.001 273 273 273 273 273
273.319 273.321 273.368 273.452 273.573 273.733 273.928 274.157 274.41 274.677 274.942 275.187 275.396 275.557 275.66 275.699 275.673 275.582 275.434 275.236 275.001 274.745 274.485 274.234 274.004 273.801 273.628 273.484 273.367 273.275 273.203 273.148 273.107 273.076 273.054 273.037 273.026 273.018 273.012 273.008 273.005 273.004 273.002 273.002 273.001 273.001 273 273 273 273 273
273.398 273.399 273.457 273.562 273.715 273.918 274.169 274.464 274.794 275.144 275.493 275.816 276.091 276.3 276.433 276.481 276.444 276.324 276.126 275.862 275.55 275.21 274.867 274.54 274.244 273.985 273.767 273.588 273.444 273.331 273.243 273.177 273.127 273.09 273.064 273.044 273.031 273.021 273.014 273.01 273.006 273.004 273.003 273.002 273.001 273.001 273 273 273 273 273
273.48 273.482 273.552 273.679 273.867 274.116 274.429 274.801 275.223 275.674 276.127 276.545 276.898 277.166 277.333 277.392 277.343 277.187 276.931 276.588 276.18 275.737 275.293 274.876 274.502 274.181 273.913 273.696 273.523 273.388 273.284 273.206 273.148 273.105 273.074 273.051 273.035 273.024 273.016 273.011 273.007 273.005 273.003 273.002 273.001 273.001 273.001 273 273 273 273
273.562 273.564 273.645 273.795 274.018 274.317 274.696 275.152 275.676 276.246 276.823 277.353 277.798 278.13 278.336 278.408 278.345 278.149 277.827 277.393 276.873 276.307 275.744 275.224 274.767 274.379 274.059 273.803 273.6 273.444 273.324 273.234 273.168 273.119 273.083 273.058 273.04 273.027 273.018 273.012 273.008 273.005 273.004 273.002 273.002 273.001 273.001 273 273 273 273
273.638 273.64 273.732 273.903 274.159 274.505 274.949 275.49 276.122 276.822 277.54 278.196 278.737 279.137 279.382 279.467 279.391 279.155 278.765 278.234 277.589 276.881 276.189 275.56 275.017 274.564 274.195 273.901 273.672 273.495 273.361 273.26 273.186 273.132 273.092 273.064 273.044 273.03 273.02 273.014 273.009 273.006 273.004 273.003 273.002 273.001 273.001 273 273 273 273
273.702 273.704 273.805 273.994 274.277 274.664 275.163 275.78 276.511 277.337 278.202 278.979 279.611 280.072 280.353 280.449 280.362 280.091 279.639 279.018 278.251 277.396 276.578 275.851 275.232 274.721 274.31 273.985 273.732 273.539 273.392 273.283 273.202 273.143 273.1 273.07 273.048 273.033 273.022 273.015 273.01 273.007 273.004 273.003 273.002 273.001 273.001 273.001 273 273 273
273.749 273.752 273.859 274.06 274.363 274.778 275.316 275.985 276.787 277.701 278.664 279.527 280.223 280.728 281.034 281.139 281.043 280.748 280.253 279.568 278.717 277.764 276.858 276.059 275.386 274.835 274.394 274.047 273.777 273.572 273.416 273.3 273.214 273.152 273.107 273.074 273.051 273.035 273.024 273.016 273.011 273.007 273.005 273.003 273.002 273.001 273.001 273.001 273 273 273
273.778 273.781 273.891 274.097 274.409 274.836 275.391 276.083 276.913 277.861 278.862 279.757 280.48 281.003 281.319 281.428 281.33 281.025 280.514 279.804 278.92 277.93 276.989 276.162 275.466 274.897 274.441 274.083 273.805 273.593 273.432 273.312 273.223 273.158 273.111 273.078 273.054 273.037 273.025 273.017 273.011 273.007 273.005 273.003 273.002 273.001 273.001 273.001 273 273 273
273.787 273.79 273.899 274.105 274.414 274.837 275.385 276.065 276.878 277.804 278.779 279.653 280.359 280.872 281.183 281.291 281.197 280.899 280.399 279.706 278.845 277.881 276.963 276.152 275.466 274.903 274.45 274.093 273.815 273.601 273.44 273.318 273.228 273.162 273.114 273.08 273.055 273.038 273.026 273.017 273.012 273.008 273.005 273.003 273.002 273.001 273.001 273.001 273 273 273
273.779 273.782 273.888 274.087 274.384 274.788 275.307 275.947 276.704 277.555 278.446 279.247 279.9 280.378 280.671 280.774 280.686 280.41 279.947 279.309 278.521 277.642 276.798 276.043 275.397 274.861 274.426 274.08 273.809 273.599 273.44 273.319 273.23 273.164 273.116 273.081 273.056 273.039 273.026 273.018 273.012 273.008 273.005 273.004 273.002 273.001 273.001 273.001 273 273 273
273.757 273.76 273.862 274.049 274.328 274.703 275.181 275.761 276.436 277.179 277.94 278.635 279.212 279.64 279.904 279.999 279.923 279.676 279.266 278.706 278.025 277.276 276.54 275.867 275.28 274.785 274.378 274.05 273.791 273.589 273.434 273.317 273.229 273.164 273.116 273.081 273.057 273.039 273.027 273.018 273.012 273.008 273.005 273.004 273.002 273.002 273.001 273.001 273 273 273
273.729 273.732 273.827 274.002 274.259 274.603 275.034 275.551 276.14 276.776 277.418 278.01 278.507 278.882 279.116 279.202 279.137 278.923 278.568 278.089 277.513 276.883 276.253 275.665 275.142 274.692 274.317 274.011 273.766 273.574 273.425 273.311 273.226 273.162 273.115 273.081 273.057 273.039 273.027 273.018 273.012 273.008 273.006 273.004 273.002 273.002 273.001 273.001 273 273 273
273.7 273.703 273.792 273.955 274.193 274.507 274.896 275.356 275.872 276.421 276.969 277.476 277.907 278.234 278.441 278.519 278.464 278.279 277.973 277.562 277.071 276.535 275.993 275.478 275.01 274.603 274.257 273.972 273.741 273.558 273.415 273.305 273.222 273.16 273.114 273.081 273.056 273.039 273.027 273.018 273.012 273.008 273.006 273.004 273.002 273.002 273.001 273.001 273 273 273
273.676 273.679 273.764 273.917 274.14 274.431 274.789 275.207 275.67 276.159 276.643 277.092 277.475 277.768 277.955 278.027 277.98 277.816 277.545 277.182 276.75 276.278 275.797 275.334 274.908 274.532 274.209 273.94 273.72 273.544 273.407 273.3 273.219 273.158 273.113 273.08 273.056 273.039 273.027 273.018 273.012 273.008 273.006 273.004 273.002 273.002 273.001 273.001 273 273 273
273.662 273.665 273.747 273.895 274.109 274.388 274.729 275.124 275.56 276.016 276.468 276.886 277.244 277.519 277.696 277.764 277.721 277.568 277.316 276.978 276.577 276.138 275.689 275.253 274.85 274.491 274.181 273.92 273.707 273.536 273.401 273.297 273.217 273.157 273.112 273.08 273.056 273.039 273.027 273.018 273.012 273.008 273.006 273.004 273.002 273.002 273.001 273.001 273 273 273
273.662 273.662 273.744 273.892 274.105 274.382 274.722 275.115 275.55 276.004 276.454 276.871 277.227 277.501 277.677 277.745 277.702 277.55 277.298 276.962 276.563 276.126 275.678 275.244 274.843 274.485 274.176 273.917 273.704 273.534 273.399 273.295 273.216 273.156 273.112 273.079 273.056 273.039 273.027 273.018 273.012 273.008 273.006 273.004 273.002 273.002 273.001 273.001 273 273 273
