# node x y psi
       1    0.000000000000    0.000000000000   -0.000000000000
       2    0.500000000000    0.000000000000   -0.000000000000
       3    1.000000000000    0.000000000000   -0.000000000000
       4    1.500000000000    0.000000000000   -0.000000000000
       5    2.000000000000    0.000000000000   -0.000000000000
       6    2.500000000000    0.000000000000   -0.000000000000
       7    3.000000000000    0.000000000000   -0.000000000000
       8    3.500000000000    0.000000000000   -0.000000000000
       9    4.000000000000    0.000000000000   -0.000000000000
      10    4.500000000000    0.000000000000   -0.000000000000
      11    0.000000000000    0.500000000000   -0.000000000000
      12    0.500000000000    0.500000000000   -0.000280602423
      13    1.000000000000    0.500000000000    0.014712961916
      14    1.500000000000    0.500000000000    0.052935996945
      15    2.000000000000    0.500000000000    0.110646965680
      16    2.500000000000    0.500000000000    0.172773737934
      17    3.000000000000    0.500000000000    0.217988212934
      18    3.500000000000    0.500000000000    0.226617783396
      19    4.000000000000    0.500000000000    0.188394748367
      20    4.500000000000    0.500000000000    0.107060644830
      21    0.000000000000    1.000000000000   -0.000000000000
      22    0.500000000000    1.000000000000   -0.015700723700
      23    1.000000000000    1.000000000000   -0.000863605459
      24    1.500000000000    1.000000000000    0.060982564372
      25    2.000000000000    1.000000000000    0.163783851781
      26    2.500000000000    1.000000000000    0.279553780341
      27    3.000000000000    1.000000000000    0.367959037116
      28    3.500000000000    1.000000000000    0.391344953903
      29    4.000000000000    1.000000000000    0.329498784073
      30    4.500000000000    1.000000000000    0.188474461635
      31    0.000000000000    1.500000000000    0.000000000000
      32    0.500000000000    1.500000000000   -0.054124647885
      33    1.000000000000    1.500000000000   -0.063034820770
      34    1.500000000000    1.500000000000   -0.001188650940
      35    2.000000000000    1.500000000000    0.125359927596
      36    2.500000000000    1.500000000000    0.279553780341
      37    3.000000000000    1.500000000000    0.406382961300
      38    3.500000000000    1.500000000000    0.453516169215
      39    4.000000000000    1.500000000000    0.391669999384
      40    4.500000000000    1.500000000000    0.226898385819
      41    0.000000000000    2.000000000000   -0.000000000000
      42    0.500000000000    2.000000000000   -0.111791173562
      43    1.000000000000    2.000000000000   -0.165714932292
      44    1.500000000000    2.000000000000   -0.127491897263
      45    2.000000000000    2.000000000000   -0.000863605459
      46    2.500000000000    2.000000000000    0.172773737934
      47    3.000000000000    2.000000000000    0.329498784073
      48    3.500000000000    2.000000000000    0.407045677604
      49    4.000000000000    2.000000000000    0.368822642574
      50    4.500000000000    2.000000000000    0.218571215969
      51    0.000000000000    2.500000000000    0.000000000000
      52    0.500000000000    2.500000000000   -0.173681786451
      53    1.000000000000    2.500000000000   -0.281023033704
      54    1.500000000000    2.500000000000   -0.281023033704
      55    2.000000000000    2.500000000000   -0.173681786451
      56    2.500000000000    2.500000000000    0.000000000000
      57    3.000000000000    2.500000000000    0.173681786451
      58    3.500000000000    2.500000000000    0.281023033704
      59    4.000000000000    2.500000000000    0.281023033704
      60    4.500000000000    2.500000000000    0.173681786451
      61    0.000000000000    3.000000000000   -0.000000000000
      62    0.500000000000    3.000000000000   -0.218571215969
      63    1.000000000000    3.000000000000   -0.368822642574
      64    1.500000000000    3.000000000000   -0.407045677604
      65    2.000000000000    3.000000000000   -0.329498784073
      66    2.500000000000    3.000000000000   -0.172773737934
      67    3.000000000000    3.000000000000    0.000863605459
      68    3.500000000000    3.000000000000    0.127491897263
      69    4.000000000000    3.000000000000    0.165714932292
      70    4.500000000000    3.000000000000    0.111791173562
      71    0.000000000000    3.500000000000   -0.000000000000
      72    0.500000000000    3.500000000000   -0.226898385819
      73    1.000000000000    3.500000000000   -0.391669999384
      74    1.500000000000    3.500000000000   -0.453516169215
      75    2.000000000000    3.500000000000   -0.406382961300
      76    2.500000000000    3.500000000000   -0.279553780341
      77    3.000000000000    3.500000000000   -0.125359927596
      78    3.500000000000    3.500000000000    0.001188650940
      79    4.000000000000    3.500000000000    0.063034820770
      80    4.500000000000    3.500000000000    0.054124647885
      81    0.000000000000    4.000000000000   -0.000000000000
      82    0.500000000000    4.000000000000   -0.188474461635
      83    1.000000000000    4.000000000000   -0.329498784073
      84    1.500000000000    4.000000000000   -0.391344953903
      85    2.000000000000    4.000000000000   -0.367959037116
      86    2.500000000000    4.000000000000   -0.279553780341
      87    3.000000000000    4.000000000000   -0.163783851781
      88    3.500000000000    4.000000000000   -0.060982564372
      89    4.000000000000    4.000000000000    0.000863605459
      90    4.500000000000    4.000000000000    0.015700723700
      91    0.000000000000    4.500000000000    0.000000000000
      92    0.500000000000    4.500000000000   -0.107060644830
      93    1.000000000000    4.500000000000   -0.188394748367
      94    1.500000000000    4.500000000000   -0.226617783396
      95    2.000000000000    4.500000000000   -0.217988212934
      96    2.500000000000    4.500000000000   -0.172773737934
      97    3.000000000000    4.500000000000   -0.110646965680
      98    3.500000000000    4.500000000000   -0.052935996945
      99    4.000000000000    4.500000000000   -0.014712961916
     100    4.500000000000    4.500000000000    0.000280602423
     101    5.000000000000    0.000000000000   -0.000000000000
     102    5.000000000000    0.500000000000   -0.000000000000
     103    5.000000000000    1.000000000000   -0.000000000000
     104    5.000000000000    1.500000000000   -0.000000000000
     105    5.000000000000    2.000000000000   -0.000000000000
     106    5.000000000000    2.500000000000   -0.000000000000
     107    5.000000000000    3.000000000000   -0.000000000000
     108    5.000000000000    3.500000000000   -0.000000000000
     109    5.000000000000    4.000000000000   -0.000000000000
     110    5.000000000000    4.500000000000   -0.000000000000
     111    0.000000000000    5.000000000000   -0.000000000000
     112    0.500000000000    5.000000000000   -0.000000000000
     113    1.000000000000    5.000000000000   -0.000000000000
     114    1.500000000000    5.000000000000   -0.000000000000
     115    2.000000000000    5.000000000000   -0.000000000000
     116    2.500000000000    5.000000000000   -0.000000000000
     117    3.000000000000    5.000000000000   -0.000000000000
     118    3.500000000000    5.000000000000   -0.000000000000
     119    4.000000000000    5.000000000000   -0.000000000000
     120    4.500000000000    5.000000000000   -0.000000000000
     121    5.000000000000    5.000000000000   -0.000000000000
