# state nx ny E_numerical E_exact abs_error
     1     1     1      0.398041719103      0.394784176044      0.003257543059
     2     1     2      1.014892060078      0.986960440109      0.027931619969
     3     2     1      1.014892060078      0.986960440109      0.027931619969
     4     2     2      1.631742401053      1.579136704174      0.052605696879
     5     1     3      2.110530699137      1.973920880218      0.136609818919
     6     3     1      2.110530699137      1.973920880218      0.136609818919
     7     2     3      2.727381040112      2.566097144283      0.161283895829
     8     3     2      2.727381040112      2.566097144283      0.161283895829
     9     1     4      3.790071115007      3.355665496370      0.434405618636
    10     4     1      3.790071115007      3.355665496370      0.434405618636
