# node x y psi
       1    0.000000000000    0.000000000000   -0.000000000000
       2    0.500000000000    0.000000000000   -0.000000000000
       3    1.000000000000    0.000000000000   -0.000000000000
       4    1.500000000000    0.000000000000   -0.000000000000
       5    2.000000000000    0.000000000000   -0.000000000000
       6    2.500000000000    0.000000000000   -0.000000000000
       7    3.000000000000    0.000000000000   -0.000000000000
       8    3.500000000000    0.000000000000   -0.000000000000
       9    4.000000000000    0.000000000000   -0.000000000000
      10    4.500000000000    0.000000000000   -0.000000000000
      11    0.000000000000    0.500000000000   -0.000000000000
      12    0.500000000000    0.500000000000   -0.107060644830
      13    1.000000000000    0.500000000000   -0.188474461635
      14    1.500000000000    0.500000000000   -0.226898385819
      15    2.000000000000    0.500000000000   -0.218571215969
      16    2.500000000000    0.500000000000   -0.173681786451
      17    3.000000000000    0.500000000000   -0.111791173562
      18    3.500000000000    0.500000000000   -0.054124647885
      19    4.000000000000    0.500000000000   -0.015700723700
      20    4.500000000000    0.500000000000   -0.000280602423
      21    0.000000000000    1.000000000000   -0.000000000000
      22    0.500000000000    1.000000000000   -0.188394748367
      23    1.000000000000    1.000000000000   -0.329498784073
      24    1.500000000000    1.000000000000   -0.391669999384
      25    2.000000000000    1.000000000000   -0.368822642574
      26    2.500000000000    1.000000000000   -0.281023033704
      27    3.000000000000    1.000000000000   -0.165714932292
      28    3.500000000000    1.000000000000   -0.063034820770
      29    4.000000000000    1.000000000000   -0.000863605459
      30    4.500000000000    1.000000000000    0.014712961916
      31    0.000000000000    1.500000000000    0.000000000000
      32    0.500000000000    1.500000000000   -0.226617783396
      33    1.000000000000    1.500000000000   -0.391344953903
      34    1.500000000000    1.500000000000   -0.453516169215
      35    2.000000000000    1.500000000000   -0.407045677604
      36    2.500000000000    1.500000000000   -0.281023033704
      37    3.000000000000    1.500000000000   -0.127491897263
      38    3.500000000000    1.500000000000   -0.001188650940
      39    4.000000000000    1.500000000000    0.060982564372
      40    4.500000000000    1.500000000000    0.052935996945
      41    0.000000000000    2.000000000000   -0.000000000000
      42    0.500000000000    2.000000000000   -0.217988212934
      43    1.000000000000    2.000000000000   -0.367959037116
      44    1.500000000000    2.000000000000   -0.406382961300
      45    2.000000000000    2.000000000000   -0.329498784073
      46    2.500000000000    2.000000000000   -0.173681786451
      47    3.000000000000    2.000000000000   -0.000863605459
      48    3.500000000000    2.000000000000    0.125359927596
      49    4.000000000000    2.000000000000    0.163783851781
      50    4.500000000000    2.000000000000    0.110646965680
      51    0.000000000000    2.500000000000   -0.000000000000
      52    0.500000000000    2.500000000000   -0.172773737934
      53    1.000000000000    2.500000000000   -0.279553780341
      54    1.500000000000    2.500000000000   -0.279553780341
      55    2.000000000000    2.500000000000   -0.172773737934
      56    2.500000000000    2.500000000000    0.000000000000
      57    3.000000000000    2.500000000000    0.172773737934
      58    3.500000000000    2.500000000000    0.279553780341
      59    4.000000000000    2.500000000000    0.279553780341
      60    4.500000000000    2.500000000000    0.172773737934
      61    0.000000000000    3.000000000000    0.000000000000
      62    0.500000000000    3.000000000000   -0.110646965680
      63    1.000000000000    3.000000000000   -0.163783851781
      64    1.500000000000    3.000000000000   -0.125359927596
      65    2.000000000000    3.000000000000    0.000863605459
      66    2.500000000000    3.000000000000    0.173681786451
      67    3.000000000000    3.000000000000    0.329498784073
      68    3.500000000000    3.000000000000    0.406382961300
      69    4.000000000000    3.000000000000    0.367959037116
      70    4.500000000000    3.000000000000    0.217988212934
      71    0.000000000000    3.500000000000    0.000000000000
      72    0.500000000000    3.500000000000   -0.052935996945
      73    1.000000000000    3.500000000000   -0.060982564372
      74    1.500000000000    3.500000000000    0.001188650940
      75    2.000000000000    3.500000000000    0.127491897263
      76    2.500000000000    3.500000000000    0.281023033704
      77    3.000000000000    3.500000000000    0.407045677604
      78    3.500000000000    3.500000000000    0.453516169215
      79    4.000000000000    3.500000000000    0.391344953903
      80    4.500000000000    3.500000000000    0.226617783396
      81    0.000000000000    4.000000000000    0.000000000000
      82    0.500000000000    4.000000000000   -0.014712961916
      83    1.000000000000    4.000000000000    0.000863605459
      84    1.500000000000    4.000000000000    0.063034820770
      85    2.000000000000    4.000000000000    0.165714932292
      86    2.500000000000    4.000000000000    0.281023033704
      87    3.000000000000    4.000000000000    0.368822642574
      88    3.500000000000    4.000000000000    0.391669999384
      89    4.000000000000    4.000000000000    0.329498784073
      90    4.500000000000    4.000000000000    0.188394748367
      91    0.000000000000    4.500000000000   -0.000000000000
      92    0.500000000000    4.500000000000    0.000280602423
      93    1.000000000000    4.500000000000    0.015700723700
      94    1.500000000000    4.500000000000    0.054124647885
      95    2.000000000000    4.500000000000    0.111791173562
      96    2.500000000000    4.500000000000    0.173681786451
      97    3.000000000000    4.500000000000    0.218571215969
      98    3.500000000000    4.500000000000    0.226898385819
      99    4.000000000000    4.500000000000    0.188474461635
     100    4.500000000000    4.500000000000    0.107060644830
     101    5.000000000000    0.000000000000   -0.000000000000
     102    5.000000000000    0.500000000000   -0.000000000000
     103    5.000000000000    1.000000000000   -0.000000000000
     104    5.000000000000    1.500000000000   -0.000000000000
     105    5.000000000000    2.000000000000   -0.000000000000
     106    5.000000000000    2.500000000000   -0.000000000000
     107    5.000000000000    3.000000000000   -0.000000000000
     108    5.000000000000    3.500000000000   -0.000000000000
     109    5.000000000000    4.000000000000   -0.000000000000
     110    5.000000000000    4.500000000000   -0.000000000000
     111    0.000000000000    5.000000000000   -0.000000000000
     112    0.500000000000    5.000000000000   -0.000000000000
     113    1.000000000000    5.000000000000   -0.000000000000
     114    1.500000000000    5.000000000000   -0.000000000000
     115    2.000000000000    5.000000000000   -0.000000000000
     116    2.500000000000    5.000000000000   -0.000000000000
     117    3.000000000000    5.000000000000   -0.000000000000
     118    3.500000000000    5.000000000000   -0.000000000000
     119    4.000000000000    5.000000000000   -0.000000000000
     120    4.500000000000    5.000000000000   -0.000000000000
     121    5.000000000000    5.000000000000   -0.000000000000
