# node x y psi
       1    0.000000000000    0.000000000000   -0.000000000000
       2    0.500000000000    0.000000000000   -0.000000000000
       3    1.000000000000    0.000000000000   -0.000000000000
       4    1.500000000000    0.000000000000   -0.000000000000
       5    2.000000000000    0.000000000000   -0.000000000000
       6    2.500000000000    0.000000000000   -0.000000000000
       7    3.000000000000    0.000000000000   -0.000000000000
       8    3.500000000000    0.000000000000   -0.000000000000
       9    4.000000000000    0.000000000000   -0.000000000000
      10    4.500000000000    0.000000000000   -0.000000000000
      11    0.000000000000    0.500000000000   -0.000000000000
      12    0.500000000000    0.500000000000    0.147592486697
      13    1.000000000000    0.500000000000    0.238809659960
      14    1.500000000000    0.500000000000    0.238809659960
      15    2.000000000000    0.500000000000    0.147592486697
      16    2.500000000000    0.500000000000    0.000000000000
      17    3.000000000000    0.500000000000   -0.147592486697
      18    3.500000000000    0.500000000000   -0.238809659960
      19    4.000000000000    0.500000000000   -0.238809659960
      20    4.500000000000    0.500000000000   -0.147592486697
      21    0.000000000000    1.000000000000    0.000000000000
      22    0.500000000000    1.000000000000    0.238809659960
      23    1.000000000000    1.000000000000    0.386402146658
      24    1.500000000000    1.000000000000    0.386402146658
      25    2.000000000000    1.000000000000    0.238809659960
      26    2.500000000000    1.000000000000    0.000000000000
      27    3.000000000000    1.000000000000   -0.238809659960
      28    3.500000000000    1.000000000000   -0.386402146658
      29    4.000000000000    1.000000000000   -0.386402146658
      30    4.500000000000    1.000000000000   -0.238809659960
      31    0.000000000000    1.500000000000   -0.000000000000
      32    0.500000000000    1.500000000000    0.238809659960
      33    1.000000000000    1.500000000000    0.386402146658
      34    1.500000000000    1.500000000000    0.386402146658
      35    2.000000000000    1.500000000000    0.238809659960
      36    2.500000000000    1.500000000000   -0.000000000000
      37    3.000000000000    1.500000000000   -0.238809659960
      38    3.500000000000    1.500000000000   -0.386402146658
      39    4.000000000000    1.500000000000   -0.386402146658
      40    4.500000000000    1.500000000000   -0.238809659960
      41    0.000000000000    2.000000000000   -0.000000000000
      42    0.500000000000    2.000000000000    0.147592486697
      43    1.000000000000    2.000000000000    0.238809659960
      44    1.500000000000    2.000000000000    0.238809659960
      45    2.000000000000    2.000000000000    0.147592486697
      46    2.500000000000    2.000000000000   -0.000000000000
      47    3.000000000000    2.000000000000   -0.147592486697
      48    3.500000000000    2.000000000000   -0.238809659960
      49    4.000000000000    2.000000000000   -0.238809659960
      50    4.500000000000    2.000000000000   -0.147592486697
      51    0.000000000000    2.500000000000    0.000000000000
      52    0.500000000000    2.500000000000    0.000000000000
      53    1.000000000000    2.500000000000    0.000000000000
      54    1.500000000000    2.500000000000   -0.000000000000
      55    2.000000000000    2.500000000000   -0.000000000000
      56    2.500000000000    2.500000000000   -0.000000000000
      57    3.000000000000    2.500000000000   -0.000000000000
      58    3.500000000000    2.500000000000   -0.000000000000
      59    4.000000000000    2.500000000000   -0.000000000000
      60    4.500000000000    2.500000000000    0.000000000000
      61    0.000000000000    3.000000000000   -0.000000000000
      62    0.500000000000    3.000000000000   -0.147592486697
      63    1.000000000000    3.000000000000   -0.238809659960
      64    1.500000000000    3.000000000000   -0.238809659960
      65    2.000000000000    3.000000000000   -0.147592486697
      66    2.500000000000    3.000000000000   -0.000000000000
      67    3.000000000000    3.000000000000    0.147592486697
      68    3.500000000000    3.000000000000    0.238809659960
      69    4.000000000000    3.000000000000    0.238809659960
      70    4.500000000000    3.000000000000    0.147592486697
      71    0.000000000000    3.500000000000   -0.000000000000
      72    0.500000000000    3.500000000000   -0.238809659960
      73    1.000000000000    3.500000000000   -0.386402146658
      74    1.500000000000    3.500000000000   -0.386402146658
      75    2.000000000000    3.500000000000   -0.238809659960
      76    2.500000000000    3.500000000000   -0.000000000000
      77    3.000000000000    3.500000000000    0.238809659960
      78    3.500000000000    3.500000000000    0.386402146658
      79    4.000000000000    3.500000000000    0.386402146658
      80    4.500000000000    3.500000000000    0.238809659960
      81    0.000000000000    4.000000000000   -0.000000000000
      82    0.500000000000    4.000000000000   -0.238809659960
      83    1.000000000000    4.000000000000   -0.386402146658
      84    1.500000000000    4.000000000000   -0.386402146658
      85    2.000000000000    4.000000000000   -0.238809659960
      86    2.500000000000    4.000000000000    0.000000000000
      87    3.000000000000    4.000000000000    0.238809659960
      88    3.500000000000    4.000000000000    0.386402146658
      89    4.000000000000    4.000000000000    0.386402146658
      90    4.500000000000    4.000000000000    0.238809659960
      91    0.000000000000    4.500000000000    0.000000000000
      92    0.500000000000    4.500000000000   -0.147592486697
      93    1.000000000000    4.500000000000   -0.238809659960
      94    1.500000000000    4.500000000000   -0.238809659960
      95    2.000000000000    4.500000000000   -0.147592486697
      96    2.500000000000    4.500000000000    0.000000000000
      97    3.000000000000    4.500000000000    0.147592486697
      98    3.500000000000    4.500000000000    0.238809659960
      99    4.000000000000    4.500000000000    0.238809659960
     100    4.500000000000    4.500000000000    0.147592486697
     101    5.000000000000    0.000000000000   -0.000000000000
     102    5.000000000000    0.500000000000   -0.000000000000
     103    5.000000000000    1.000000000000   -0.000000000000
     104    5.000000000000    1.500000000000   -0.000000000000
     105    5.000000000000    2.000000000000   -0.000000000000
     106    5.000000000000    2.500000000000   -0.000000000000
     107    5.000000000000    3.000000000000   -0.000000000000
     108    5.000000000000    3.500000000000   -0.000000000000
     109    5.000000000000    4.000000000000   -0.000000000000
     110    5.000000000000    4.500000000000   -0.000000000000
     111    0.000000000000    5.000000000000   -0.000000000000
     112    0.500000000000    5.000000000000   -0.000000000000
     113    1.000000000000    5.000000000000   -0.000000000000
     114    1.500000000000    5.000000000000   -0.000000000000
     115    2.000000000000    5.000000000000   -0.000000000000
     116    2.500000000000    5.000000000000   -0.000000000000
     117    3.000000000000    5.000000000000   -0.000000000000
     118    3.500000000000    5.000000000000   -0.000000000000
     119    4.000000000000    5.000000000000   -0.000000000000
     120    4.500000000000    5.000000000000   -0.000000000000
     121    5.000000000000    5.000000000000   -0.000000000000
