# node x y psi
       1    0.000000000000    0.000000000000    0.000000000000
       2    0.500000000000    0.000000000000    0.000000000000
       3    1.000000000000    0.000000000000    0.000000000000
       4    1.500000000000    0.000000000000    0.000000000000
       5    2.000000000000    0.000000000000    0.000000000000
       6    2.500000000000    0.000000000000    0.000000000000
       7    3.000000000000    0.000000000000    0.000000000000
       8    3.500000000000    0.000000000000    0.000000000000
       9    4.000000000000    0.000000000000    0.000000000000
      10    4.500000000000    0.000000000000    0.000000000000
      11    0.000000000000    0.500000000000    0.000000000000
      12    0.500000000000    0.500000000000    0.038830094491
      13    1.000000000000    0.500000000000    0.073859228787
      14    1.500000000000    0.500000000000    0.101658507163
      15    2.000000000000    0.500000000000    0.119506742561
      16    2.500000000000    0.500000000000    0.125656825345
      17    3.000000000000    0.500000000000    0.119506742561
      18    3.500000000000    0.500000000000    0.101658507163
      19    4.000000000000    0.500000000000    0.073859228787
      20    4.500000000000    0.500000000000    0.038830094491
      21    0.000000000000    1.000000000000   -0.000000000000
      22    0.500000000000    1.000000000000    0.073859228787
      23    1.000000000000    1.000000000000    0.140488601654
      24    1.500000000000    1.000000000000    0.193365971348
      25    2.000000000000    1.000000000000    0.227315332507
      26    2.500000000000    1.000000000000    0.239013485122
      27    3.000000000000    1.000000000000    0.227315332507
      28    3.500000000000    1.000000000000    0.193365971348
      29    4.000000000000    1.000000000000    0.140488601654
      30    4.500000000000    1.000000000000    0.073859228787
      31    0.000000000000    1.500000000000    0.000000000000
      32    0.500000000000    1.500000000000    0.101658507163
      33    1.000000000000    1.500000000000    0.193365971348
      34    1.500000000000    1.500000000000    0.266145426998
      35    2.000000000000    1.500000000000    0.312872713909
      36    2.500000000000    1.500000000000    0.328973839670
      37    3.000000000000    1.500000000000    0.312872713909
      38    3.500000000000    1.500000000000    0.266145426998
      39    4.000000000000    1.500000000000    0.193365971348
      40    4.500000000000    1.500000000000    0.101658507163
      41    0.000000000000    2.000000000000   -0.000000000000
      42    0.500000000000    2.000000000000    0.119506742561
      43    1.000000000000    2.000000000000    0.227315332507
      44    1.500000000000    2.000000000000    0.312872713909
      45    2.000000000000    2.000000000000    0.367803934161
      46    2.500000000000    2.000000000000    0.386731942697
      47    3.000000000000    2.000000000000    0.367803934161
      48    3.500000000000    2.000000000000    0.312872713909
      49    4.000000000000    2.000000000000    0.227315332507
      50    4.500000000000    2.000000000000    0.119506742561
      51    0.000000000000    2.500000000000    0.000000000000
      52    0.500000000000    2.500000000000    0.125656825345
      53    1.000000000000    2.500000000000    0.239013485122
      54    1.500000000000    2.500000000000    0.328973839670
      55    2.000000000000    2.500000000000    0.386731942697
      56    2.500000000000    2.500000000000    0.406634028652
      57    3.000000000000    2.500000000000    0.386731942697
      58    3.500000000000    2.500000000000    0.328973839670
      59    4.000000000000    2.500000000000    0.239013485122
      60    4.500000000000    2.500000000000    0.125656825345
      61    0.000000000000    3.000000000000    0.000000000000
      62    0.500000000000    3.000000000000    0.119506742561
      63    1.000000000000    3.000000000000    0.227315332507
      64    1.500000000000    3.000000000000    0.312872713909
      65    2.000000000000    3.000000000000    0.367803934161
      66    2.500000000000    3.000000000000    0.386731942697
      67    3.000000000000    3.000000000000    0.367803934161
      68    3.500000000000    3.000000000000    0.312872713909
      69    4.000000000000    3.000000000000    0.227315332507
      70    4.500000000000    3.000000000000    0.119506742561
      71    0.000000000000    3.500000000000    0.000000000000
      72    0.500000000000    3.500000000000    0.101658507163
      73    1.000000000000    3.500000000000    0.193365971348
      74    1.500000000000    3.500000000000    0.266145426998
      75    2.000000000000    3.500000000000    0.312872713909
      76    2.500000000000    3.500000000000    0.328973839670
      77    3.000000000000    3.500000000000    0.312872713909
      78    3.500000000000    3.500000000000    0.266145426998
      79    4.000000000000    3.500000000000    0.193365971348
      80    4.500000000000    3.500000000000    0.101658507163
      81    0.000000000000    4.000000000000    0.000000000000
      82    0.500000000000    4.000000000000    0.073859228787
      83    1.000000000000    4.000000000000    0.140488601654
      84    1.500000000000    4.000000000000    0.193365971348
      85    2.000000000000    4.000000000000    0.227315332507
      86    2.500000000000    4.000000000000    0.239013485122
      87    3.000000000000    4.000000000000    0.227315332507
      88    3.500000000000    4.000000000000    0.193365971348
      89    4.000000000000    4.000000000000    0.140488601654
      90    4.500000000000    4.000000000000    0.073859228787
      91    0.000000000000    4.500000000000   -0.000000000000
      92    0.500000000000    4.500000000000    0.038830094491
      93    1.000000000000    4.500000000000    0.073859228787
      94    1.500000000000    4.500000000000    0.101658507163
      95    2.000000000000    4.500000000000    0.119506742561
      96    2.500000000000    4.500000000000    0.125656825345
      97    3.000000000000    4.500000000000    0.119506742561
      98    3.500000000000    4.500000000000    0.101658507163
      99    4.000000000000    4.500000000000    0.073859228787
     100    4.500000000000    4.500000000000    0.038830094491
     101    5.000000000000    0.000000000000    0.000000000000
     102    5.000000000000    0.500000000000    0.000000000000
     103    5.000000000000    1.000000000000    0.000000000000
     104    5.000000000000    1.500000000000    0.000000000000
     105    5.000000000000    2.000000000000    0.000000000000
     106    5.000000000000    2.500000000000    0.000000000000
     107    5.000000000000    3.000000000000    0.000000000000
     108    5.000000000000    3.500000000000    0.000000000000
     109    5.000000000000    4.000000000000    0.000000000000
     110    5.000000000000    4.500000000000    0.000000000000
     111    0.000000000000    5.000000000000    0.000000000000
     112    0.500000000000    5.000000000000    0.000000000000
     113    1.000000000000    5.000000000000    0.000000000000
     114    1.500000000000    5.000000000000    0.000000000000
     115    2.000000000000    5.000000000000    0.000000000000
     116    2.500000000000    5.000000000000    0.000000000000
     117    3.000000000000    5.000000000000    0.000000000000
     118    3.500000000000    5.000000000000    0.000000000000
     119    4.000000000000    5.000000000000    0.000000000000
     120    4.500000000000    5.000000000000    0.000000000000
     121    5.000000000000    5.000000000000    0.000000000000
