# state nx ny E_numerical E_exact abs_error
     1     1     1      0.394789489683      0.394784176044      0.000005313639
     2     1     2      0.987130576032      0.986960440109      0.000170135923
     3     2     1      0.987130576032      0.986960440109      0.000170135923
     4     2     2      1.579471662380      1.579136704174      0.000334958206
     5     1     3      1.975785267842      1.973920880218      0.001864387624
     6     3     1      1.975785267842      1.973920880218      0.001864387624
     7     2     3      2.568126354191      2.566097144283      0.002029209908
     8     3     2      2.568126354191      2.566097144283      0.002029209908
     9     1     4      3.365793509225      3.355665496370      0.010128012854
    10     4     1      3.365793509225      3.355665496370      0.010128012854
