# node x y psi
       1    0.000000000000    0.000000000000    0.000000000000
       2    0.500000000000    0.000000000000    0.000000000000
       3    1.000000000000    0.000000000000    0.000000000000
       4    1.500000000000    0.000000000000    0.000000000000
       5    2.000000000000    0.000000000000    0.000000000000
       6    2.500000000000    0.000000000000    0.000000000000
       7    3.000000000000    0.000000000000    0.000000000000
       8    3.500000000000    0.000000000000    0.000000000000
       9    4.000000000000    0.000000000000    0.000000000000
      10    4.500000000000    0.000000000000    0.000000000000
      11    0.000000000000    0.500000000000    0.000000000000
      12    0.500000000000    0.500000000000    0.000320116395
      13    1.000000000000    0.500000000000   -0.014034077424
      14    1.500000000000    0.500000000000   -0.050707349194
      15    2.000000000000    0.500000000000   -0.106109863559
      16    2.500000000000    0.500000000000   -0.165768580158
      17    3.000000000000    0.500000000000   -0.209200713154
      18    3.500000000000    0.500000000000   -0.217511847768
      19    4.000000000000    0.500000000000   -0.180838575997
      20    4.500000000000    0.500000000000   -0.102770733200
      21    0.000000000000    1.000000000000   -0.000000000000
      22    0.500000000000    1.000000000000    0.015160934199
      23    1.000000000000    1.000000000000    0.000985216959
      24    1.500000000000    1.000000000000   -0.058353383244
      25    2.000000000000    1.000000000000   -0.157046390789
      26    2.500000000000    1.000000000000   -0.268219196962
      27    3.000000000000    1.000000000000   -0.353136839344
      28    3.500000000000    1.000000000000   -0.375634393876
      29    4.000000000000    1.000000000000   -0.316295793672
      30    4.500000000000    1.000000000000   -0.180929514357
      31    0.000000000000    1.500000000000    0.000000000000
      32    0.500000000000    1.500000000000    0.052063384005
      33    1.000000000000    1.500000000000    0.060694635015
      34    1.500000000000    1.500000000000    0.001356034811
      35    2.000000000000    1.500000000000   -0.120143940982
      36    2.500000000000    1.500000000000   -0.268219196962
      37    3.000000000000    1.500000000000   -0.390039289151
      38    3.500000000000    1.500000000000   -0.435343811931
      39    4.000000000000    1.500000000000   -0.376005211727
      40    4.500000000000    1.500000000000   -0.217831964163
      41    0.000000000000    2.000000000000    0.000000000000
      42    0.500000000000    2.000000000000    0.107415196913
      43    1.000000000000    2.000000000000    0.159249402883
      44    1.500000000000    2.000000000000    0.122576131112
      45    2.000000000000    2.000000000000    0.000985216959
      46    2.500000000000    2.000000000000   -0.165768580158
      47    3.000000000000    2.000000000000   -0.316295793672
      48    3.500000000000    2.000000000000   -0.390795328074
      49    4.000000000000    2.000000000000   -0.354122056304
      50    4.500000000000    2.000000000000   -0.209865813718
      51    0.000000000000    2.500000000000    0.000000000000
      52    0.500000000000    2.500000000000    0.166804498574
      53    1.000000000000    2.500000000000    0.269895348168
      54    1.500000000000    2.500000000000    0.269895348168
      55    2.000000000000    2.500000000000    0.166804498574
      56    2.500000000000    2.500000000000   -0.000000000000
      57    3.000000000000    2.500000000000   -0.166804498574
      58    3.500000000000    2.500000000000   -0.269895348168
      59    4.000000000000    2.500000000000   -0.269895348168
      60    4.500000000000    2.500000000000   -0.166804498574
      61    0.000000000000    3.000000000000    0.000000000000
      62    0.500000000000    3.000000000000    0.209865813718
      63    1.000000000000    3.000000000000    0.354122056304
      64    1.500000000000    3.000000000000    0.390795328074
      65    2.000000000000    3.000000000000    0.316295793672
      66    2.500000000000    3.000000000000    0.165768580158
      67    3.000000000000    3.000000000000   -0.000985216959
      68    3.500000000000    3.000000000000   -0.122576131112
      69    4.000000000000    3.000000000000   -0.159249402883
      70    4.500000000000    3.000000000000   -0.107415196914
      71    0.000000000000    3.500000000000   -0.000000000000
      72    0.500000000000    3.500000000000    0.217831964163
      73    1.000000000000    3.500000000000    0.376005211727
      74    1.500000000000    3.500000000000    0.435343811931
      75    2.000000000000    3.500000000000    0.390039289151
      76    2.500000000000    3.500000000000    0.268219196962
      77    3.000000000000    3.500000000000    0.120143940982
      78    3.500000000000    3.500000000000   -0.001356034811
      79    4.000000000000    3.500000000000   -0.060694635015
      80    4.500000000000    3.500000000000   -0.052063384005
      81    0.000000000000    4.000000000000   -0.000000000000
      82    0.500000000000    4.000000000000    0.180929514357
      83    1.000000000000    4.000000000000    0.316295793672
      84    1.500000000000    4.000000000000    0.375634393876
      85    2.000000000000    4.000000000000    0.353136839344
      86    2.500000000000    4.000000000000    0.268219196962
      87    3.000000000000    4.000000000000    0.157046390789
      88    3.500000000000    4.000000000000    0.058353383244
      89    4.000000000000    4.000000000000   -0.000985216959
      90    4.500000000000    4.000000000000   -0.015160934199
      91    0.000000000000    4.500000000000    0.000000000000
      92    0.500000000000    4.500000000000    0.102770733200
      93    1.000000000000    4.500000000000    0.180838575997
      94    1.500000000000    4.500000000000    0.217511847768
      95    2.000000000000    4.500000000000    0.209200713154
      96    2.500000000000    4.500000000000    0.165768580158
      97    3.000000000000    4.500000000000    0.106109863559
      98    3.500000000000    4.500000000000    0.050707349194
      99    4.000000000000    4.500000000000    0.014034077424
     100    4.500000000000    4.500000000000   -0.000320116395
     101    0.250000000000    0.000000000000    0.000000000000
     102    0.500000000000    0.250000000000   -0.000834983327
     103    0.000000000000    0.250000000000    0.000000000000
     104    0.250000000000    0.500000000000    0.001165319082
     105    0.250000000000    0.250000000000    0.000085190021
     106    0.750000000000    0.000000000000   -0.000000000000
     107    1.000000000000    0.250000000000   -0.009000946997
     108    0.750000000000    0.500000000000   -0.004315833631
     109    0.750000000000    0.250000000000   -0.003649586974
     110    1.250000000000    0.000000000000   -0.000000000000
     111    1.500000000000    0.250000000000   -0.028279858991
     112    1.250000000000    0.500000000000   -0.029527418544
     113    1.250000000000    0.250000000000   -0.017229119054
     114    1.750000000000    0.000000000000   -0.000000000000
     115    2.000000000000    0.250000000000   -0.056784565081
     116    1.750000000000    0.500000000000   -0.076759003481
     117    1.750000000000    0.250000000000   -0.041732513005
     118    2.250000000000    0.000000000000   -0.000000000000
     119    2.500000000000    0.250000000000   -0.087143516627
     120    2.250000000000    0.500000000000   -0.136629778413
     121    2.250000000000    0.250000000000   -0.072352839902
     122    2.750000000000    0.000000000000    0.000000000000
     123    3.000000000000    0.250000000000   -0.108972253601
     124    2.750000000000    0.500000000000   -0.190824000003
     125    2.750000000000    0.250000000000   -0.099787584761
     126    3.250000000000    0.000000000000    0.000000000000
     127    3.500000000000    0.250000000000   -0.112721312811
     128    3.250000000000    0.500000000000   -0.218641317599
     129    3.250000000000    0.250000000000   -0.113557607519
     130    3.750000000000    0.000000000000   -0.000000000000
     131    4.000000000000    0.250000000000   -0.093442400816
     132    3.750000000000    0.500000000000   -0.204903603598
     133    3.750000000000    0.250000000000   -0.106009818364
     134    4.250000000000    0.000000000000   -0.000000000000
     135    4.500000000000    0.250000000000   -0.053022671847
     136    4.250000000000    0.500000000000   -0.146198147748
     137    4.250000000000    0.250000000000   -0.075474681488
     138    5.000000000000    0.000000000000   -0.000000000000
     139    5.000000000000    0.500000000000    0.000000000000
     140    4.750000000000    0.000000000000   -0.000000000000
     141    5.000000000000    0.250000000000    0.000000000000
     142    4.750000000000    0.500000000000   -0.053028902508
     143    4.750000000000    0.250000000000   -0.027349554838
     144    0.500000000000    0.750000000000    0.005226699596
     145    0.000000000000    0.750000000000    0.000000000000
     146    0.250000000000    1.000000000000    0.009583247208
     147    0.250000000000    0.750000000000    0.004119848414
     148    1.000000000000    0.750000000000   -0.011570761437
     149    0.750000000000    1.000000000000    0.013169730561
     150    0.750000000000    0.750000000000    0.000647259344
     151    1.500000000000    0.750000000000   -0.062043608305
     152    1.250000000000    1.000000000000   -0.022866017323
     153    1.250000000000    0.750000000000   -0.032496051195
     154    2.000000000000    0.750000000000   -0.141251207091
     155    1.750000000000    1.000000000000   -0.104045780509
     156    1.750000000000    0.750000000000   -0.099055135396
     157    2.500000000000    0.750000000000   -0.228144688429
     158    2.250000000000    1.000000000000   -0.213373904022
     159    2.250000000000    0.750000000000   -0.185525376001
     160    3.000000000000    0.750000000000   -0.292705778086
     161    2.750000000000    1.000000000000   -0.316457439200
     162    2.750000000000    0.750000000000   -0.265144106603
     163    3.500000000000    0.750000000000   -0.307102251926
     164    3.250000000000    1.000000000000   -0.373921979286
     165    3.250000000000    0.750000000000   -0.307499678252
     166    4.000000000000    0.750000000000   -0.256629405058
     167    3.750000000000    1.000000000000   -0.356451344520
     168    3.750000000000    0.750000000000   -0.290147675703
     169    4.500000000000    0.750000000000   -0.146227871399
     170    4.250000000000    1.000000000000   -0.256706468215
     171    4.250000000000    0.750000000000   -0.207797283512
     172    5.000000000000    1.000000000000    0.000000000000
     173    5.000000000000    0.750000000000    0.000000000000
     174    4.750000000000    1.000000000000   -0.093500287970
     175    4.750000000000    0.750000000000   -0.075498882187
     176    0.500000000000    1.250000000000    0.030804495780
     177    0.000000000000    1.250000000000    0.000000000000
     178    0.250000000000    1.500000000000    0.028982636677
     179    0.250000000000    1.250000000000    0.017889871172
     180    1.000000000000    1.250000000000    0.025087074298
     181    0.750000000000    1.500000000000    0.063957991554
     182    0.750000000000    1.250000000000    0.034304237806
     183    1.500000000000    1.250000000000   -0.037300795449
     184    1.250000000000    1.500000000000    0.039911725723
     185    1.250000000000    1.250000000000    0.001246117288
     186    2.000000000000    1.250000000000   -0.150252154088
     187    1.750000000000    1.500000000000   -0.053257519517
     188    1.750000000000    1.250000000000   -0.088934699612
     189    2.500000000000    1.250000000000   -0.282002343604
     190    2.250000000000    1.500000000000   -0.193974514552
     191    2.250000000000    1.250000000000   -0.216524517814
     192    3.000000000000    1.250000000000   -0.386148178903
     193    2.750000000000    1.500000000000   -0.335856828670
     194    2.750000000000    1.250000000000   -0.340533598070
     195    3.500000000000    1.250000000000   -0.418988581410
     196    3.250000000000    1.500000000000   -0.424710240278
     197    3.250000000000    1.250000000000   -0.413594686636
     198    4.000000000000    1.250000000000   -0.356600711663
     199    3.750000000000    1.500000000000   -0.419229087565
     200    3.750000000000    1.250000000000   -0.400055696248
     201    4.500000000000    1.250000000000   -0.205091529035
     202    4.250000000000    1.500000000000   -0.307494729207
     203    4.250000000000    1.250000000000   -0.290355749218
     204    5.000000000000    1.500000000000    0.000000000000
     205    5.000000000000    1.250000000000    0.000000000000
     206    4.750000000000    1.500000000000   -0.112899677440
     207    4.750000000000    1.250000000000   -0.106119209084
     208    0.500000000000    1.750000000000    0.078122580170
     209    0.000000000000    1.750000000000    0.000000000000
     210    0.250000000000    2.000000000000    0.057464540086
     211    0.250000000000    1.750000000000    0.042440761670
     212    1.000000000000    1.750000000000    0.106377250970
     213    0.750000000000    2.000000000000    0.143077440498
     214    0.750000000000    1.750000000000    0.100972712728
     215    1.500000000000    1.750000000000    0.055904404102
     216    1.250000000000    2.000000000000    0.152660687706
     217    1.250000000000    1.750000000000    0.091513029061
     218    2.000000000000    1.750000000000   -0.068355326518
     219    1.750000000000    2.000000000000    0.070634270647
     220    1.750000000000    1.750000000000    0.001270317988
     221    2.500000000000    1.750000000000   -0.228144688429
     222    2.250000000000    2.000000000000   -0.080330557409
     223    2.250000000000    1.750000000000   -0.147204462745
     224    3.000000000000    1.750000000000   -0.365601658660
     225    2.750000000000    2.000000000000   -0.247123221007
     226    2.750000000000    1.750000000000   -0.303465019859
     227    3.500000000000    1.750000000000   -0.425050264334
     228    3.250000000000    2.000000000000   -0.366034591728
     229    3.250000000000    1.750000000000   -0.407825131636
     230    4.000000000000    1.750000000000   -0.374577417466
     231    3.750000000000    2.000000000000   -0.387091709847
     232    3.750000000000    1.750000000000   -0.414156755959
     233    4.500000000000    1.750000000000   -0.219123751972
     234    4.250000000000    2.000000000000   -0.293591421877
     235    4.250000000000    1.750000000000   -0.308122736896
     236    5.000000000000    2.000000000000    0.000000000000
     237    5.000000000000    1.750000000000   -0.000000000000
     238    4.750000000000    2.000000000000   -0.109328123513
     239    4.750000000000    1.750000000000   -0.113819795443
     240    0.500000000000    2.250000000000    0.137821221133
     241    0.000000000000    2.250000000000   -0.000000000000
     242    0.250000000000    2.500000000000    0.087688092527
     243    0.250000000000    2.250000000000    0.072975898546
     244    1.000000000000    2.250000000000    0.215349504572
     245    0.750000000000    2.500000000000    0.229570406644
     246    0.750000000000    2.250000000000    0.187180765408
     247    1.500000000000    2.250000000000    0.196070592577
     248    1.250000000000    2.500000000000    0.283764628234
     249    1.250000000000    2.250000000000    0.218650168660
     250    2.000000000000    2.250000000000    0.081871639379
     251    1.750000000000    2.500000000000    0.229570406644
     252    1.750000000000    2.250000000000    0.149097839377
     253    2.500000000000    2.250000000000   -0.087143516627
     254    2.250000000000    2.500000000000    0.087688092527
     255    2.250000000000    2.250000000000    0.000537868623
     256    3.000000000000    2.250000000000   -0.247628458062
     257    2.750000000000    2.500000000000   -0.087688092527
     258    2.750000000000    2.250000000000   -0.172678293286
     259    3.500000000000    2.250000000000   -0.337071764379
     260    3.250000000000    2.500000000000   -0.229570406644
     261    3.250000000000    2.250000000000   -0.304387959901
     262    4.000000000000    2.250000000000   -0.317792852384
     263    3.750000000000    2.500000000000   -0.283764628234
     264    3.750000000000    2.250000000000   -0.341889106078
     265    4.500000000000    2.250000000000   -0.191678876308
     266    4.250000000000    2.500000000000   -0.229570406644
     267    4.250000000000    2.250000000000   -0.266305033870
     268    5.000000000000    2.500000000000   -0.000000000000
     269    5.000000000000    2.250000000000   -0.000000000000
     270    4.750000000000    2.500000000000   -0.087688092527
     271    4.750000000000    2.250000000000   -0.100240263363
     272    0.500000000000    2.750000000000    0.191678876308
     273    0.000000000000    2.750000000000   -0.000000000000
     274    0.250000000000    3.000000000000    0.109328123513
     275    0.250000000000    2.750000000000    0.100240263363
     276    1.000000000000    2.750000000000    0.317792852384
     277    0.750000000000    3.000000000000    0.293591421877
     278    0.750000000000    2.750000000000    0.266305033870
     279    1.500000000000    2.750000000000    0.337071764379
     280    1.250000000000    3.000000000000    0.387091709847
     281    1.250000000000    2.750000000000    0.341889106078
     282    2.000000000000    2.750000000000    0.247628458062
     283    1.750000000000    3.000000000000    0.366034591728
     284    1.750000000000    2.750000000000    0.304387959901
     285    2.500000000000    2.750000000000    0.087143516627
     286    2.250000000000    3.000000000000    0.247123221007
     287    2.250000000000    2.750000000000    0.172678293286
     288    3.000000000000    2.750000000000   -0.081871639379
     289    2.750000000000    3.000000000000    0.080330557409
     290    2.750000000000    2.750000000000   -0.000537868623
     291    3.500000000000    2.750000000000   -0.196070592577
     292    3.250000000000    3.000000000000   -0.070634270647
     293    3.250000000000    2.750000000000   -0.149097839377
     294    4.000000000000    2.750000000000   -0.215349504572
     295    3.750000000000    3.000000000000   -0.152660687706
     296    3.750000000000    2.750000000000   -0.218650168660
     297    4.500000000000    2.750000000000   -0.137821221133
     298    4.250000000000    3.000000000000   -0.143077440498
     299    4.250000000000    2.750000000000   -0.187180765408
     300    5.000000000000    3.000000000000   -0.000000000000
     301    5.000000000000    2.750000000000    0.000000000000
     302    4.750000000000    3.000000000000   -0.057464540086
     303    4.750000000000    2.750000000000   -0.072975898546
     304    0.500000000000    3.250000000000    0.219123751972
     305    0.000000000000    3.250000000000    0.000000000000
     306    0.250000000000    3.500000000000    0.112899677440
     307    0.250000000000    3.250000000000    0.113819795443
     308    1.000000000000    3.250000000000    0.374577417466
     309    0.750000000000    3.500000000000    0.307494729207
     310    0.750000000000    3.250000000000    0.308122736896
     311    1.500000000000    3.250000000000    0.425050264334
     312    1.250000000000    3.500000000000    0.419229087566
     313    1.250000000000    3.250000000000    0.414156755959
     314    2.000000000000    3.250000000000    0.365601658660
     315    1.750000000000    3.500000000000    0.424710240278
     316    1.750000000000    3.250000000000    0.407825131636
     317    2.500000000000    3.250000000000    0.228144688429
     318    2.250000000000    3.500000000000    0.335856828670
     319    2.250000000000    3.250000000000    0.303465019859
     320    3.000000000000    3.250000000000    0.068355326518
     321    2.750000000000    3.500000000000    0.193974514552
     322    2.750000000000    3.250000000000    0.147204462745
     323    3.500000000000    3.250000000000   -0.055904404102
     324    3.250000000000    3.500000000000    0.053257519517
     325    3.250000000000    3.250000000000   -0.001270317988
     326    4.000000000000    3.250000000000   -0.106377250970
     327    3.750000000000    3.500000000000   -0.039911725723
     328    3.750000000000    3.250000000000   -0.091513029061
     329    4.500000000000    3.250000000000   -0.078122580170
     330    4.250000000000    3.500000000000   -0.063957991554
     331    4.250000000000    3.250000000000   -0.100972712728
     332    5.000000000000    3.500000000000   -0.000000000000
     333    5.000000000000    3.250000000000    0.000000000000
     334    4.750000000000    3.500000000000   -0.028982636677
     335    4.750000000000    3.250000000000   -0.042440761670
     336    0.500000000000    3.750000000000    0.205091529035
     337    0.000000000000    3.750000000000    0.000000000000
     338    0.250000000000    4.000000000000    0.093500287970
     339    0.250000000000    3.750000000000    0.106119209084
     340    1.000000000000    3.750000000000    0.356600711663
     341    0.750000000000    4.000000000000    0.256706468215
     342    0.750000000000    3.750000000000    0.290355749218
     343    1.500000000000    3.750000000000    0.418988581410
     344    1.250000000000    4.000000000000    0.356451344520
     345    1.250000000000    3.750000000000    0.400055696248
     346    2.000000000000    3.750000000000    0.386148178903
     347    1.750000000000    4.000000000000    0.373921979286
     348    1.750000000000    3.750000000000    0.413594686636
     349    2.500000000000    3.750000000000    0.282002343604
     350    2.250000000000    4.000000000000    0.316457439200
     351    2.250000000000    3.750000000000    0.340533598070
     352    3.000000000000    3.750000000000    0.150252154088
     353    2.750000000000    4.000000000000    0.213373904022
     354    2.750000000000    3.750000000000    0.216524517814
     355    3.500000000000    3.750000000000    0.037300795449
     356    3.250000000000    4.000000000000    0.104045780509
     357    3.250000000000    3.750000000000    0.088934699612
     358    4.000000000000    3.750000000000   -0.025087074298
     359    3.750000000000    4.000000000000    0.022866017323
     360    3.750000000000    3.750000000000   -0.001246117288
     361    4.500000000000    3.750000000000   -0.030804495780
     362    4.250000000000    4.000000000000   -0.013169730561
     363    4.250000000000    3.750000000000   -0.034304237806
     364    5.000000000000    4.000000000000   -0.000000000000
     365    5.000000000000    3.750000000000   -0.000000000000
     366    4.750000000000    4.000000000000   -0.009583247208
     367    4.750000000000    3.750000000000   -0.017889871172
     368    0.500000000000    4.250000000000    0.146227871399
     369    0.000000000000    4.250000000000    0.000000000000
     370    0.250000000000    4.500000000000    0.053028902508
     371    0.250000000000    4.250000000000    0.075498882187
     372    1.000000000000    4.250000000000    0.256629405058
     373    0.750000000000    4.500000000000    0.146198147748
     374    0.750000000000    4.250000000000    0.207797283512
     375    1.500000000000    4.250000000000    0.307102251926
     376    1.250000000000    4.500000000000    0.204903603598
     377    1.250000000000    4.250000000000    0.290147675703
     378    2.000000000000    4.250000000000    0.292705778086
     379    1.750000000000    4.500000000000    0.218641317599
     380    1.750000000000    4.250000000000    0.307499678252
     381    2.500000000000    4.250000000000    0.228144688429
     382    2.250000000000    4.500000000000    0.190824000003
     383    2.250000000000    4.250000000000    0.265144106603
     384    3.000000000000    4.250000000000    0.141251207091
     385    2.750000000000    4.500000000000    0.136629778413
     386    2.750000000000    4.250000000000    0.185525376001
     387    3.500000000000    4.250000000000    0.062043608305
     388    3.250000000000    4.500000000000    0.076759003481
     389    3.250000000000    4.250000000000    0.099055135396
     390    4.000000000000    4.250000000000    0.011570761437
     391    3.750000000000    4.500000000000    0.029527418544
     392    3.750000000000    4.250000000000    0.032496051195
     393    4.500000000000    4.250000000000   -0.005226699596
     394    4.250000000000    4.500000000000    0.004315833631
     395    4.250000000000    4.250000000000   -0.000647259344
     396    5.000000000000    4.500000000000    0.000000000000
     397    5.000000000000    4.250000000000    0.000000000000
     398    4.750000000000    4.500000000000   -0.001165319082
     399    4.750000000000    4.250000000000   -0.004119848414
     400    0.000000000000    5.000000000000    0.000000000000
     401    0.500000000000    5.000000000000    0.000000000000
     402    0.500000000000    4.750000000000    0.053022671847
     403    0.000000000000    4.750000000000    0.000000000000
     404    0.250000000000    5.000000000000    0.000000000000
     405    0.250000000000    4.750000000000    0.027349554838
     406    1.000000000000    5.000000000000    0.000000000000
     407    1.000000000000    4.750000000000    0.093442400816
     408    0.750000000000    5.000000000000    0.000000000000
     409    0.750000000000    4.750000000000    0.075474681488
     410    1.500000000000    5.000000000000    0.000000000000
     411    1.500000000000    4.750000000000    0.112721312811
     412    1.250000000000    5.000000000000    0.000000000000
     413    1.250000000000    4.750000000000    0.106009818364
     414    2.000000000000    5.000000000000    0.000000000000
     415    2.000000000000    4.750000000000    0.108972253601
     416    1.750000000000    5.000000000000    0.000000000000
     417    1.750000000000    4.750000000000    0.113557607519
     418    2.500000000000    5.000000000000    0.000000000000
     419    2.500000000000    4.750000000000    0.087143516627
     420    2.250000000000    5.000000000000    0.000000000000
     421    2.250000000000    4.750000000000    0.099787584761
     422    3.000000000000    5.000000000000    0.000000000000
     423    3.000000000000    4.750000000000    0.056784565081
     424    2.750000000000    5.000000000000    0.000000000000
     425    2.750000000000    4.750000000000    0.072352839902
     426    3.500000000000    5.000000000000    0.000000000000
     427    3.500000000000    4.750000000000    0.028279858991
     428    3.250000000000    5.000000000000    0.000000000000
     429    3.250000000000    4.750000000000    0.041732513005
     430    4.000000000000    5.000000000000    0.000000000000
     431    4.000000000000    4.750000000000    0.009000946997
     432    3.750000000000    5.000000000000    0.000000000000
     433    3.750000000000    4.750000000000    0.017229119054
     434    4.500000000000    5.000000000000    0.000000000000
     435    4.500000000000    4.750000000000    0.000834983327
     436    4.250000000000    5.000000000000    0.000000000000
     437    4.250000000000    4.750000000000    0.003649586974
     438    5.000000000000    5.000000000000    0.000000000000
     439    5.000000000000    4.750000000000    0.000000000000
     440    4.750000000000    5.000000000000    0.000000000000
     441    4.750000000000    4.750000000000   -0.000085190021
