# node x y psi
       1    0.000000000000    0.000000000000    0.000000000000
       2    0.500000000000    0.000000000000    0.000000000000
       3    1.000000000000    0.000000000000    0.000000000000
       4    1.500000000000    0.000000000000    0.000000000000
       5    2.000000000000    0.000000000000    0.000000000000
       6    2.500000000000    0.000000000000    0.000000000000
       7    3.000000000000    0.000000000000    0.000000000000
       8    3.500000000000    0.000000000000    0.000000000000
       9    4.000000000000    0.000000000000    0.000000000000
      10    4.500000000000    0.000000000000    0.000000000000
      11    0.000000000000    0.500000000000    0.000000000000
      12    0.500000000000    0.500000000000   -0.138253709327
      13    1.000000000000    0.500000000000   -0.223699200762
      14    1.500000000000    0.500000000000   -0.223699200762
      15    2.000000000000    0.500000000000   -0.138253709327
      16    2.500000000000    0.500000000000    0.000000000000
      17    3.000000000000    0.500000000000    0.138253709327
      18    3.500000000000    0.500000000000    0.223699200762
      19    4.000000000000    0.500000000000    0.223699200762
      20    4.500000000000    0.500000000000    0.138253709327
      21    0.000000000000    1.000000000000   -0.000000000000
      22    0.500000000000    1.000000000000   -0.223699200762
      23    1.000000000000    1.000000000000   -0.361952910088
      24    1.500000000000    1.000000000000   -0.361952910088
      25    2.000000000000    1.000000000000   -0.223699200762
      26    2.500000000000    1.000000000000    0.000000000000
      27    3.000000000000    1.000000000000    0.223699200762
      28    3.500000000000    1.000000000000    0.361952910088
      29    4.000000000000    1.000000000000    0.361952910088
      30    4.500000000000    1.000000000000    0.223699200762
      31    0.000000000000    1.500000000000   -0.000000000000
      32    0.500000000000    1.500000000000   -0.223699200762
      33    1.000000000000    1.500000000000   -0.361952910088
      34    1.500000000000    1.500000000000   -0.361952910088
      35    2.000000000000    1.500000000000   -0.223699200762
      36    2.500000000000    1.500000000000   -0.000000000000
      37    3.000000000000    1.500000000000    0.223699200762
      38    3.500000000000    1.500000000000    0.361952910088
      39    4.000000000000    1.500000000000    0.361952910088
      40    4.500000000000    1.500000000000    0.223699200762
      41    0.000000000000    2.000000000000   -0.000000000000
      42    0.500000000000    2.000000000000   -0.138253709327
      43    1.000000000000    2.000000000000   -0.223699200762
      44    1.500000000000    2.000000000000   -0.223699200762
      45    2.000000000000    2.000000000000   -0.138253709327
      46    2.500000000000    2.000000000000   -0.000000000000
      47    3.000000000000    2.000000000000    0.138253709327
      48    3.500000000000    2.000000000000    0.223699200762
      49    4.000000000000    2.000000000000    0.223699200762
      50    4.500000000000    2.000000000000    0.138253709327
      51    0.000000000000    2.500000000000    0.000000000000
      52    0.500000000000    2.500000000000    0.000000000000
      53    1.000000000000    2.500000000000    0.000000000000
      54    1.500000000000    2.500000000000   -0.000000000000
      55    2.000000000000    2.500000000000   -0.000000000000
      56    2.500000000000    2.500000000000   -0.000000000000
      57    3.000000000000    2.500000000000   -0.000000000000
      58    3.500000000000    2.500000000000    0.000000000000
      59    4.000000000000    2.500000000000    0.000000000000
      60    4.500000000000    2.500000000000    0.000000000000
      61    0.000000000000    3.000000000000    0.000000000000
      62    0.500000000000    3.000000000000    0.138253709327
      63    1.000000000000    3.000000000000    0.223699200762
      64    1.500000000000    3.000000000000    0.223699200762
      65    2.000000000000    3.000000000000    0.138253709327
      66    2.500000000000    3.000000000000   -0.000000000000
      67    3.000000000000    3.000000000000   -0.138253709327
      68    3.500000000000    3.000000000000   -0.223699200762
      69    4.000000000000    3.000000000000   -0.223699200762
      70    4.500000000000    3.000000000000   -0.138253709327
      71    0.000000000000    3.500000000000   -0.000000000000
      72    0.500000000000    3.500000000000    0.223699200762
      73    1.000000000000    3.500000000000    0.361952910088
      74    1.500000000000    3.500000000000    0.361952910088
      75    2.000000000000    3.500000000000    0.223699200762
      76    2.500000000000    3.500000000000   -0.000000000000
      77    3.000000000000    3.500000000000   -0.223699200762
      78    3.500000000000    3.500000000000   -0.361952910088
      79    4.000000000000    3.500000000000   -0.361952910088
      80    4.500000000000    3.500000000000   -0.223699200762
      81    0.000000000000    4.000000000000   -0.000000000000
      82    0.500000000000    4.000000000000    0.223699200762
      83    1.000000000000    4.000000000000    0.361952910088
      84    1.500000000000    4.000000000000    0.361952910088
      85    2.000000000000    4.000000000000    0.223699200762
      86    2.500000000000    4.000000000000    0.000000000000
      87    3.000000000000    4.000000000000   -0.223699200762
      88    3.500000000000    4.000000000000   -0.361952910088
      89    4.000000000000    4.000000000000   -0.361952910088
      90    4.500000000000    4.000000000000   -0.223699200762
      91    0.000000000000    4.500000000000    0.000000000000
      92    0.500000000000    4.500000000000    0.138253709327
      93    1.000000000000    4.500000000000    0.223699200762
      94    1.500000000000    4.500000000000    0.223699200762
      95    2.000000000000    4.500000000000    0.138253709327
      96    2.500000000000    4.500000000000    0.000000000000
      97    3.000000000000    4.500000000000   -0.138253709327
      98    3.500000000000    4.500000000000   -0.223699200762
      99    4.000000000000    4.500000000000   -0.223699200762
     100    4.500000000000    4.500000000000   -0.138253709327
     101    0.250000000000    0.000000000000    0.000000000000
     102    0.500000000000    0.250000000000   -0.072679119324
     103    0.000000000000    0.250000000000    0.000000000000
     104    0.250000000000    0.500000000000   -0.072679119324
     105    0.250000000000    0.250000000000   -0.038206963209
     106    0.750000000000    0.000000000000   -0.000000000000
     107    1.000000000000    0.250000000000   -0.117597285339
     108    0.750000000000    0.500000000000   -0.190276404663
     109    0.750000000000    0.250000000000   -0.100027128288
     110    1.250000000000    0.000000000000   -0.000000000000
     111    1.500000000000    0.250000000000   -0.117597285339
     112    1.250000000000    0.500000000000   -0.235194570678
     113    1.250000000000    0.250000000000   -0.123640330158
     114    1.750000000000    0.000000000000    0.000000000000
     115    2.000000000000    0.250000000000   -0.072679119324
     116    1.750000000000    0.500000000000   -0.190276404663
     117    1.750000000000    0.250000000000   -0.100027128288
     118    2.250000000000    0.000000000000   -0.000000000000
     119    2.500000000000    0.250000000000    0.000000000000
     120    2.250000000000    0.500000000000   -0.072679119324
     121    2.250000000000    0.250000000000   -0.038206963209
     122    2.750000000000    0.000000000000   -0.000000000000
     123    3.000000000000    0.250000000000    0.072679119324
     124    2.750000000000    0.500000000000    0.072679119324
     125    2.750000000000    0.250000000000    0.038206963209
     126    3.250000000000    0.000000000000   -0.000000000000
     127    3.500000000000    0.250000000000    0.117597285339
     128    3.250000000000    0.500000000000    0.190276404663
     129    3.250000000000    0.250000000000    0.100027128288
     130    3.750000000000    0.000000000000    0.000000000000
     131    4.000000000000    0.250000000000    0.117597285339
     132    3.750000000000    0.500000000000    0.235194570678
     133    3.750000000000    0.250000000000    0.123640330158
     134    4.250000000000    0.000000000000    0.000000000000
     135    4.500000000000    0.250000000000    0.072679119324
     136    4.250000000000    0.500000000000    0.190276404663
     137    4.250000000000    0.250000000000    0.100027128288
     138    5.000000000000    0.000000000000   -0.000000000000
     139    5.000000000000    0.500000000000   -0.000000000000
     140    4.750000000000    0.000000000000   -0.000000000000
     141    5.000000000000    0.250000000000    0.000000000000
     142    4.750000000000    0.500000000000    0.072679119324
     143    4.750000000000    0.250000000000    0.038206963209
     144    0.500000000000    0.750000000000   -0.190276404663
     145    0.000000000000    0.750000000000   -0.000000000000
     146    0.250000000000    1.000000000000   -0.117597285339
     147    0.250000000000    0.750000000000   -0.100027128288
     148    1.000000000000    0.750000000000   -0.307873690002
     149    0.750000000000    1.000000000000   -0.307873690002
     150    0.750000000000    0.750000000000   -0.261874421655
     151    1.500000000000    0.750000000000   -0.307873690002
     152    1.250000000000    1.000000000000   -0.380552809326
     153    1.250000000000    0.750000000000   -0.323694586733
     154    2.000000000000    0.750000000000   -0.190276404663
     155    1.750000000000    1.000000000000   -0.307873690002
     156    1.750000000000    0.750000000000   -0.261874421655
     157    2.500000000000    0.750000000000    0.000000000000
     158    2.250000000000    1.000000000000   -0.117597285339
     159    2.250000000000    0.750000000000   -0.100027128288
     160    3.000000000000    0.750000000000    0.190276404663
     161    2.750000000000    1.000000000000    0.117597285339
     162    2.750000000000    0.750000000000    0.100027128288
     163    3.500000000000    0.750000000000    0.307873690002
     164    3.250000000000    1.000000000000    0.307873690002
     165    3.250000000000    0.750000000000    0.261874421655
     166    4.000000000000    0.750000000000    0.307873690002
     167    3.750000000000    1.000000000000    0.380552809326
     168    3.750000000000    0.750000000000    0.323694586733
     169    4.500000000000    0.750000000000    0.190276404663
     170    4.250000000000    1.000000000000    0.307873690002
     171    4.250000000000    0.750000000000    0.261874421655
     172    5.000000000000    1.000000000000   -0.000000000000
     173    5.000000000000    0.750000000000   -0.000000000000
     174    4.750000000000    1.000000000000    0.117597285339
     175    4.750000000000    0.750000000000    0.100027128288
     176    0.500000000000    1.250000000000   -0.235194570678
     177    0.000000000000    1.250000000000   -0.000000000000
     178    0.250000000000    1.500000000000   -0.117597285339
     179    0.250000000000    1.250000000000   -0.123640330158
     180    1.000000000000    1.250000000000   -0.380552809326
     181    0.750000000000    1.500000000000   -0.307873690002
     182    0.750000000000    1.250000000000   -0.323694586733
     183    1.500000000000    1.250000000000   -0.380552809326
     184    1.250000000000    1.500000000000   -0.380552809326
     185    1.250000000000    1.250000000000   -0.400108513151
     186    2.000000000000    1.250000000000   -0.235194570678
     187    1.750000000000    1.500000000000   -0.307873690002
     188    1.750000000000    1.250000000000   -0.323694586733
     189    2.500000000000    1.250000000000    0.000000000000
     190    2.250000000000    1.500000000000   -0.117597285339
     191    2.250000000000    1.250000000000   -0.123640330158
     192    3.000000000000    1.250000000000    0.235194570678
     193    2.750000000000    1.500000000000    0.117597285339
     194    2.750000000000    1.250000000000    0.123640330158
     195    3.500000000000    1.250000000000    0.380552809326
     196    3.250000000000    1.500000000000    0.307873690002
     197    3.250000000000    1.250000000000    0.323694586733
     198    4.000000000000    1.250000000000    0.380552809326
     199    3.750000000000    1.500000000000    0.380552809326
     200    3.750000000000    1.250000000000    0.400108513151
     201    4.500000000000    1.250000000000    0.235194570678
     202    4.250000000000    1.500000000000    0.307873690002
     203    4.250000000000    1.250000000000    0.323694586733
     204    5.000000000000    1.500000000000   -0.000000000000
     205    5.000000000000    1.250000000000    0.000000000000
     206    4.750000000000    1.500000000000    0.117597285339
     207    4.750000000000    1.250000000000    0.123640330158
     208    0.500000000000    1.750000000000   -0.190276404663
     209    0.000000000000    1.750000000000    0.000000000000
     210    0.250000000000    2.000000000000   -0.072679119324
     211    0.250000000000    1.750000000000   -0.100027128288
     212    1.000000000000    1.750000000000   -0.307873690002
     213    0.750000000000    2.000000000000   -0.190276404663
     214    0.750000000000    1.750000000000   -0.261874421655
     215    1.500000000000    1.750000000000   -0.307873690002
     216    1.250000000000    2.000000000000   -0.235194570678
     217    1.250000000000    1.750000000000   -0.323694586733
     218    2.000000000000    1.750000000000   -0.190276404663
     219    1.750000000000    2.000000000000   -0.190276404663
     220    1.750000000000    1.750000000000   -0.261874421655
     221    2.500000000000    1.750000000000   -0.000000000000
     222    2.250000000000    2.000000000000   -0.072679119324
     223    2.250000000000    1.750000000000   -0.100027128288
     224    3.000000000000    1.750000000000    0.190276404663
     225    2.750000000000    2.000000000000    0.072679119324
     226    2.750000000000    1.750000000000    0.100027128288
     227    3.500000000000    1.750000000000    0.307873690002
     228    3.250000000000    2.000000000000    0.190276404663
     229    3.250000000000    1.750000000000    0.261874421655
     230    4.000000000000    1.750000000000    0.307873690002
     231    3.750000000000    2.000000000000    0.235194570678
     232    3.750000000000    1.750000000000    0.323694586733
     233    4.500000000000    1.750000000000    0.190276404663
     234    4.250000000000    2.000000000000    0.190276404663
     235    4.250000000000    1.750000000000    0.261874421655
     236    5.000000000000    2.000000000000   -0.000000000000
     237    5.000000000000    1.750000000000   -0.000000000000
     238    4.750000000000    2.000000000000    0.072679119324
     239    4.750000000000    1.750000000000    0.100027128288
     240    0.500000000000    2.250000000000   -0.072679119324
     241    0.000000000000    2.250000000000    0.000000000000
     242    0.250000000000    2.500000000000    0.000000000000
     243    0.250000000000    2.250000000000   -0.038206963209
     244    1.000000000000    2.250000000000   -0.117597285339
     245    0.750000000000    2.500000000000    0.000000000000
     246    0.750000000000    2.250000000000   -0.100027128288
     247    1.500000000000    2.250000000000   -0.117597285339
     248    1.250000000000    2.500000000000    0.000000000000
     249    1.250000000000    2.250000000000   -0.123640330158
     250    2.000000000000    2.250000000000   -0.072679119324
     251    1.750000000000    2.500000000000   -0.000000000000
     252    1.750000000000    2.250000000000   -0.100027128288
     253    2.500000000000    2.250000000000   -0.000000000000
     254    2.250000000000    2.500000000000   -0.000000000000
     255    2.250000000000    2.250000000000   -0.038206963209
     256    3.000000000000    2.250000000000    0.072679119324
     257    2.750000000000    2.500000000000   -0.000000000000
     258    2.750000000000    2.250000000000    0.038206963209
     259    3.500000000000    2.250000000000    0.117597285339
     260    3.250000000000    2.500000000000   -0.000000000000
     261    3.250000000000    2.250000000000    0.100027128288
     262    4.000000000000    2.250000000000    0.117597285339
     263    3.750000000000    2.500000000000    0.000000000000
     264    3.750000000000    2.250000000000    0.123640330158
     265    4.500000000000    2.250000000000    0.072679119324
     266    4.250000000000    2.500000000000    0.000000000000
     267    4.250000000000    2.250000000000    0.100027128288
     268    5.000000000000    2.500000000000   -0.000000000000
     269    5.000000000000    2.250000000000   -0.000000000000
     270    4.750000000000    2.500000000000    0.000000000000
     271    4.750000000000    2.250000000000    0.038206963209
     272    0.500000000000    2.750000000000    0.072679119324
     273    0.000000000000    2.750000000000    0.000000000000
     274    0.250000000000    3.000000000000    0.072679119324
     275    0.250000000000    2.750000000000    0.038206963209
     276    1.000000000000    2.750000000000    0.117597285339
     277    0.750000000000    3.000000000000    0.190276404663
     278    0.750000000000    2.750000000000    0.100027128288
     279    1.500000000000    2.750000000000    0.117597285339
     280    1.250000000000    3.000000000000    0.235194570678
     281    1.250000000000    2.750000000000    0.123640330158
     282    2.000000000000    2.750000000000    0.072679119324
     283    1.750000000000    3.000000000000    0.190276404663
     284    1.750000000000    2.750000000000    0.100027128288
     285    2.500000000000    2.750000000000   -0.000000000000
     286    2.250000000000    3.000000000000    0.072679119324
     287    2.250000000000    2.750000000000    0.038206963209
     288    3.000000000000    2.750000000000   -0.072679119324
     289    2.750000000000    3.000000000000   -0.072679119324
     290    2.750000000000    2.750000000000   -0.038206963209
     291    3.500000000000    2.750000000000   -0.117597285339
     292    3.250000000000    3.000000000000   -0.190276404663
     293    3.250000000000    2.750000000000   -0.100027128288
     294    4.000000000000    2.750000000000   -0.117597285339
     295    3.750000000000    3.000000000000   -0.235194570678
     296    3.750000000000    2.750000000000   -0.123640330158
     297    4.500000000000    2.750000000000   -0.072679119324
     298    4.250000000000    3.000000000000   -0.190276404663
     299    4.250000000000    2.750000000000   -0.100027128288
     300    5.000000000000    3.000000000000    0.000000000000
     301    5.000000000000    2.750000000000    0.000000000000
     302    4.750000000000    3.000000000000   -0.072679119324
     303    4.750000000000    2.750000000000   -0.038206963209
     304    0.500000000000    3.250000000000    0.190276404663
     305    0.000000000000    3.250000000000    0.000000000000
     306    0.250000000000    3.500000000000    0.117597285339
     307    0.250000000000    3.250000000000    0.100027128288
     308    1.000000000000    3.250000000000    0.307873690002
     309    0.750000000000    3.500000000000    0.307873690002
     310    0.750000000000    3.250000000000    0.261874421655
     311    1.500000000000    3.250000000000    0.307873690002
     312    1.250000000000    3.500000000000    0.380552809326
     313    1.250000000000    3.250000000000    0.323694586733
     314    2.000000000000    3.250000000000    0.190276404663
     315    1.750000000000    3.500000000000    0.307873690002
     316    1.750000000000    3.250000000000    0.261874421655
     317    2.500000000000    3.250000000000   -0.000000000000
     318    2.250000000000    3.500000000000    0.117597285339
     319    2.250000000000    3.250000000000    0.100027128288
     320    3.000000000000    3.250000000000   -0.190276404663
     321    2.750000000000    3.500000000000   -0.117597285339
     322    2.750000000000    3.250000000000   -0.100027128288
     323    3.500000000000    3.250000000000   -0.307873690002
     324    3.250000000000    3.500000000000   -0.307873690002
     325    3.250000000000    3.250000000000   -0.261874421655
     326    4.000000000000    3.250000000000   -0.307873690002
     327    3.750000000000    3.500000000000   -0.380552809326
     328    3.750000000000    3.250000000000   -0.323694586733
     329    4.500000000000    3.250000000000   -0.190276404663
     330    4.250000000000    3.500000000000   -0.307873690002
     331    4.250000000000    3.250000000000   -0.261874421654
     332    5.000000000000    3.500000000000    0.000000000000
     333    5.000000000000    3.250000000000    0.000000000000
     334    4.750000000000    3.500000000000   -0.117597285339
     335    4.750000000000    3.250000000000   -0.100027128288
     336    0.500000000000    3.750000000000    0.235194570678
     337    0.000000000000    3.750000000000   -0.000000000000
     338    0.250000000000    4.000000000000    0.117597285339
     339    0.250000000000    3.750000000000    0.123640330158
     340    1.000000000000    3.750000000000    0.380552809326
     341    0.750000000000    4.000000000000    0.307873690002
     342    0.750000000000    3.750000000000    0.323694586733
     343    1.500000000000    3.750000000000    0.380552809326
     344    1.250000000000    4.000000000000    0.380552809326
     345    1.250000000000    3.750000000000    0.400108513151
     346    2.000000000000    3.750000000000    0.235194570678
     347    1.750000000000    4.000000000000    0.307873690002
     348    1.750000000000    3.750000000000    0.323694586733
     349    2.500000000000    3.750000000000    0.000000000000
     350    2.250000000000    4.000000000000    0.117597285339
     351    2.250000000000    3.750000000000    0.123640330158
     352    3.000000000000    3.750000000000   -0.235194570678
     353    2.750000000000    4.000000000000   -0.117597285339
     354    2.750000000000    3.750000000000   -0.123640330158
     355    3.500000000000    3.750000000000   -0.380552809326
     356    3.250000000000    4.000000000000   -0.307873690002
     357    3.250000000000    3.750000000000   -0.323694586733
     358    4.000000000000    3.750000000000   -0.380552809326
     359    3.750000000000    4.000000000000   -0.380552809326
     360    3.750000000000    3.750000000000   -0.400108513151
     361    4.500000000000    3.750000000000   -0.235194570678
     362    4.250000000000    4.000000000000   -0.307873690002
     363    4.250000000000    3.750000000000   -0.323694586733
     364    5.000000000000    4.000000000000    0.000000000000
     365    5.000000000000    3.750000000000    0.000000000000
     366    4.750000000000    4.000000000000   -0.117597285339
     367    4.750000000000    3.750000000000   -0.123640330158
     368    0.500000000000    4.250000000000    0.190276404663
     369    0.000000000000    4.250000000000   -0.000000000000
     370    0.250000000000    4.500000000000    0.072679119324
     371    0.250000000000    4.250000000000    0.100027128288
     372    1.000000000000    4.250000000000    0.307873690002
     373    0.750000000000    4.500000000000    0.190276404663
     374    0.750000000000    4.250000000000    0.261874421655
     375    1.500000000000    4.250000000000    0.307873690002
     376    1.250000000000    4.500000000000    0.235194570678
     377    1.250000000000    4.250000000000    0.323694586733
     378    2.000000000000    4.250000000000    0.190276404663
     379    1.750000000000    4.500000000000    0.190276404663
     380    1.750000000000    4.250000000000    0.261874421655
     381    2.500000000000    4.250000000000    0.000000000000
     382    2.250000000000    4.500000000000    0.072679119324
     383    2.250000000000    4.250000000000    0.100027128288
     384    3.000000000000    4.250000000000   -0.190276404663
     385    2.750000000000    4.500000000000   -0.072679119324
     386    2.750000000000    4.250000000000   -0.100027128288
     387    3.500000000000    4.250000000000   -0.307873690002
     388    3.250000000000    4.500000000000   -0.190276404663
     389    3.250000000000    4.250000000000   -0.261874421655
     390    4.000000000000    4.250000000000   -0.307873690002
     391    3.750000000000    4.500000000000   -0.235194570678
     392    3.750000000000    4.250000000000   -0.323694586733
     393    4.500000000000    4.250000000000   -0.190276404663
     394    4.250000000000    4.500000000000   -0.190276404663
     395    4.250000000000    4.250000000000   -0.261874421654
     396    5.000000000000    4.500000000000    0.000000000000
     397    5.000000000000    4.250000000000    0.000000000000
     398    4.750000000000    4.500000000000   -0.072679119324
     399    4.750000000000    4.250000000000   -0.100027128288
     400    0.000000000000    5.000000000000    0.000000000000
     401    0.500000000000    5.000000000000    0.000000000000
     402    0.500000000000    4.750000000000    0.072679119324
     403    0.000000000000    4.750000000000    0.000000000000
     404    0.250000000000    5.000000000000    0.000000000000
     405    0.250000000000    4.750000000000    0.038206963209
     406    1.000000000000    5.000000000000    0.000000000000
     407    1.000000000000    4.750000000000    0.117597285339
     408    0.750000000000    5.000000000000    0.000000000000
     409    0.750000000000    4.750000000000    0.100027128288
     410    1.500000000000    5.000000000000    0.000000000000
     411    1.500000000000    4.750000000000    0.117597285339
     412    1.250000000000    5.000000000000    0.000000000000
     413    1.250000000000    4.750000000000    0.123640330158
     414    2.000000000000    5.000000000000    0.000000000000
     415    2.000000000000    4.750000000000    0.072679119324
     416    1.750000000000    5.000000000000    0.000000000000
     417    1.750000000000    4.750000000000    0.100027128288
     418    2.500000000000    5.000000000000    0.000000000000
     419    2.500000000000    4.750000000000    0.000000000000
     420    2.250000000000    5.000000000000    0.000000000000
     421    2.250000000000    4.750000000000    0.038206963209
     422    3.000000000000    5.000000000000    0.000000000000
     423    3.000000000000    4.750000000000   -0.072679119324
     424    2.750000000000    5.000000000000    0.000000000000
     425    2.750000000000    4.750000000000   -0.038206963209
     426    3.500000000000    5.000000000000    0.000000000000
     427    3.500000000000    4.750000000000   -0.117597285339
     428    3.250000000000    5.000000000000    0.000000000000
     429    3.250000000000    4.750000000000   -0.100027128288
     430    4.000000000000    5.000000000000    0.000000000000
     431    4.000000000000    4.750000000000   -0.117597285339
     432    3.750000000000    5.000000000000    0.000000000000
     433    3.750000000000    4.750000000000   -0.123640330158
     434    4.500000000000    5.000000000000    0.000000000000
     435    4.500000000000    4.750000000000   -0.072679119324
     436    4.250000000000    5.000000000000    0.000000000000
     437    4.250000000000    4.750000000000   -0.100027128288
     438    5.000000000000    5.000000000000    0.000000000000
     439    5.000000000000    4.750000000000    0.000000000000
     440    4.750000000000    5.000000000000    0.000000000000
     441    4.750000000000    4.750000000000   -0.038206963209
