# node x y psi
       1    0.000000000000    0.000000000000    0.000000000000
       2    0.500000000000    0.000000000000    0.000000000000
       3    1.000000000000    0.000000000000    0.000000000000
       4    1.500000000000    0.000000000000    0.000000000000
       5    2.000000000000    0.000000000000    0.000000000000
       6    2.500000000000    0.000000000000    0.000000000000
       7    3.000000000000    0.000000000000    0.000000000000
       8    3.500000000000    0.000000000000    0.000000000000
       9    4.000000000000    0.000000000000    0.000000000000
      10    4.500000000000    0.000000000000    0.000000000000
      11    0.000000000000    0.500000000000    0.000000000000
      12    0.500000000000    0.500000000000    0.038197622792
      13    1.000000000000    0.500000000000    0.072656196126
      14    1.500000000000    0.500000000000    0.100002674759
      15    2.000000000000    0.500000000000    0.117560194826
      16    2.500000000000    0.500000000000    0.123610103934
      17    3.000000000000    0.500000000000    0.117560194826
      18    3.500000000000    0.500000000000    0.100002674759
      19    4.000000000000    0.500000000000    0.072656196126
      20    4.500000000000    0.500000000000    0.038197622792
      21    0.000000000000    1.000000000000   -0.000000000000
      22    0.500000000000    1.000000000000    0.072656196126
      23    1.000000000000    1.000000000000    0.138200297551
      24    1.500000000000    1.000000000000    0.190216390952
      25    2.000000000000    1.000000000000    0.223612778692
      26    2.500000000000    1.000000000000    0.235120389652
      27    3.000000000000    1.000000000000    0.223612778692
      28    3.500000000000    1.000000000000    0.190216390952
      29    4.000000000000    1.000000000000    0.138200297551
      30    4.500000000000    1.000000000000    0.072656196126
      31    0.000000000000    1.500000000000    0.000000000000
      32    0.500000000000    1.500000000000    0.100002674759
      33    1.000000000000    1.500000000000    0.190216390952
      34    1.500000000000    1.500000000000    0.261810401484
      35    2.000000000000    1.500000000000    0.307776585778
      36    2.500000000000    1.500000000000    0.323615453451
      37    3.000000000000    1.500000000000    0.307776585778
      38    3.500000000000    1.500000000000    0.261810401484
      39    4.000000000000    1.500000000000    0.190216390952
      40    4.500000000000    1.500000000000    0.100002674759
      41    0.000000000000    2.000000000000   -0.000000000000
      42    0.500000000000    2.000000000000    0.117560194826
      43    1.000000000000    2.000000000000    0.223612778692
      44    1.500000000000    2.000000000000    0.307776585778
      45    2.000000000000    2.000000000000    0.361813076243
      46    2.500000000000    2.000000000000    0.380432781905
      47    3.000000000000    2.000000000000    0.361813076243
      48    3.500000000000    2.000000000000    0.307776585778
      49    4.000000000000    2.000000000000    0.223612778692
      50    4.500000000000    2.000000000000    0.117560194826
      51    0.000000000000    2.500000000000   -0.000000000000
      52    0.500000000000    2.500000000000    0.123610103934
      53    1.000000000000    2.500000000000    0.235120389652
      54    1.500000000000    2.500000000000    0.323615453451
      55    2.000000000000    2.500000000000    0.380432781905
      56    2.500000000000    2.500000000000    0.400010699035
      57    3.000000000000    2.500000000000    0.380432781905
      58    3.500000000000    2.500000000000    0.323615453451
      59    4.000000000000    2.500000000000    0.235120389652
      60    4.500000000000    2.500000000000    0.123610103934
      61    0.000000000000    3.000000000000   -0.000000000000
      62    0.500000000000    3.000000000000    0.117560194826
      63    1.000000000000    3.000000000000    0.223612778692
      64    1.500000000000    3.000000000000    0.307776585778
      65    2.000000000000    3.000000000000    0.361813076243
      66    2.500000000000    3.000000000000    0.380432781905
      67    3.000000000000    3.000000000000    0.361813076243
      68    3.500000000000    3.000000000000    0.307776585778
      69    4.000000000000    3.000000000000    0.223612778692
      70    4.500000000000    3.000000000000    0.117560194826
      71    0.000000000000    3.500000000000    0.000000000000
      72    0.500000000000    3.500000000000    0.100002674759
      73    1.000000000000    3.500000000000    0.190216390952
      74    1.500000000000    3.500000000000    0.261810401484
      75    2.000000000000    3.500000000000    0.307776585778
      76    2.500000000000    3.500000000000    0.323615453451
      77    3.000000000000    3.500000000000    0.307776585778
      78    3.500000000000    3.500000000000    0.261810401484
      79    4.000000000000    3.500000000000    0.190216390952
      80    4.500000000000    3.500000000000    0.100002674759
      81    0.000000000000    4.000000000000    0.000000000000
      82    0.500000000000    4.000000000000    0.072656196126
      83    1.000000000000    4.000000000000    0.138200297551
      84    1.500000000000    4.000000000000    0.190216390952
      85    2.000000000000    4.000000000000    0.223612778692
      86    2.500000000000    4.000000000000    0.235120389652
      87    3.000000000000    4.000000000000    0.223612778692
      88    3.500000000000    4.000000000000    0.190216390952
      89    4.000000000000    4.000000000000    0.138200297551
      90    4.500000000000    4.000000000000    0.072656196126
      91    0.000000000000    4.500000000000   -0.000000000000
      92    0.500000000000    4.500000000000    0.038197622792
      93    1.000000000000    4.500000000000    0.072656196126
      94    1.500000000000    4.500000000000    0.100002674759
      95    2.000000000000    4.500000000000    0.117560194826
      96    2.500000000000    4.500000000000    0.123610103934
      97    3.000000000000    4.500000000000    0.117560194826
      98    3.500000000000    4.500000000000    0.100002674759
      99    4.000000000000    4.500000000000    0.072656196126
     100    4.500000000000    4.500000000000    0.038197622792
     101    0.250000000000    0.000000000000   -0.000000000000
     102    0.500000000000    0.250000000000    0.019336785450
     103    0.000000000000    0.250000000000   -0.000000000000
     104    0.250000000000    0.500000000000    0.019336785450
     105    0.250000000000    0.250000000000    0.009788862348
     106    0.750000000000    0.000000000000    0.000000000000
     107    1.000000000000    0.250000000000    0.036780751613
     108    0.750000000000    0.500000000000    0.056117537063
     109    0.750000000000    0.250000000000    0.028408384995
     110    1.250000000000    0.000000000000    0.000000000000
     111    1.500000000000    0.250000000000    0.050624361541
     112    1.250000000000    0.500000000000    0.087405113154
     113    1.250000000000    0.250000000000    0.044247096986
     114    1.750000000000    0.000000000000   -0.000000000000
     115    2.000000000000    0.250000000000    0.059512506241
     116    1.750000000000    0.500000000000    0.110136867783
     117    1.750000000000    0.250000000000    0.055754594836
     118    2.250000000000    0.000000000000    0.000000000000
     119    2.500000000000    0.250000000000    0.062575152182
     120    2.250000000000    0.500000000000    0.122087658424
     121    2.250000000000    0.250000000000    0.061804444478
     122    2.750000000000    0.000000000000    0.000000000000
     123    3.000000000000    0.250000000000    0.059512506241
     124    2.750000000000    0.500000000000    0.122087658424
     125    2.750000000000    0.250000000000    0.061804444478
     126    3.250000000000    0.000000000000    0.000000000000
     127    3.500000000000    0.250000000000    0.050624361541
     128    3.250000000000    0.500000000000    0.110136867783
     129    3.250000000000    0.250000000000    0.055754594836
     130    3.750000000000    0.000000000000   -0.000000000000
     131    4.000000000000    0.250000000000    0.036780751613
     132    3.750000000000    0.500000000000    0.087405113154
     133    3.750000000000    0.250000000000    0.044247096986
     134    4.250000000000    0.000000000000   -0.000000000000
     135    4.500000000000    0.250000000000    0.019336785450
     136    4.250000000000    0.500000000000    0.056117537063
     137    4.250000000000    0.250000000000    0.028408384995
     138    5.000000000000    0.000000000000    0.000000000000
     139    5.000000000000    0.500000000000    0.000000000000
     140    4.750000000000    0.000000000000    0.000000000000
     141    5.000000000000    0.250000000000   -0.000000000000
     142    4.750000000000    0.500000000000    0.019336785450
     143    4.750000000000    0.250000000000    0.009788862348
     144    0.500000000000    0.750000000000    0.056117537063
     145    0.000000000000    0.750000000000    0.000000000000
     146    0.250000000000    1.000000000000    0.036780751613
     147    0.250000000000    0.750000000000    0.028408384995
     148    1.000000000000    0.750000000000    0.106741898604
     149    0.750000000000    1.000000000000    0.106741898604
     150    0.750000000000    0.750000000000    0.082444344329
     151    1.500000000000    0.750000000000    0.146917619395
     152    1.250000000000    1.000000000000    0.166254404845
     153    1.250000000000    0.750000000000    0.128410076816
     154    2.000000000000    0.750000000000    0.172712019965
     155    1.750000000000    1.000000000000    0.209492771578
     156    1.750000000000    0.750000000000    0.161806136299
     157    2.500000000000    0.750000000000    0.181600164665
     158    2.250000000000    1.000000000000    0.232224526206
     159    2.250000000000    0.750000000000    0.179363483791
     160    3.000000000000    0.750000000000    0.172712019965
     161    2.750000000000    1.000000000000    0.232224526206
     162    2.750000000000    0.750000000000    0.179363483791
     163    3.500000000000    0.750000000000    0.146917619395
     164    3.250000000000    1.000000000000    0.209492771578
     165    3.250000000000    0.750000000000    0.161806136299
     166    4.000000000000    0.750000000000    0.106741898604
     167    3.750000000000    1.000000000000    0.166254404845
     168    3.750000000000    0.750000000000    0.128410076816
     169    4.500000000000    0.750000000000    0.056117537063
     170    4.250000000000    1.000000000000    0.106741898604
     171    4.250000000000    0.750000000000    0.082444344329
     172    5.000000000000    1.000000000000    0.000000000000
     173    5.000000000000    0.750000000000   -0.000000000000
     174    4.750000000000    1.000000000000    0.036780751613
     175    4.750000000000    0.750000000000    0.028408384995
     176    0.500000000000    1.250000000000    0.087405113154
     177    0.000000000000    1.250000000000   -0.000000000000
     178    0.250000000000    1.500000000000    0.050624361541
     179    0.250000000000    1.250000000000    0.044247096986
     180    1.000000000000    1.250000000000    0.166254404845
     181    0.750000000000    1.500000000000    0.146917619395
     182    0.750000000000    1.250000000000    0.128410076816
     183    1.500000000000    1.250000000000    0.228829557028
     184    1.250000000000    1.500000000000    0.228829557028
     185    1.250000000000    1.250000000000    0.200003383642
     186    2.000000000000    1.250000000000    0.269005277819
     187    1.750000000000    1.500000000000    0.288342063269
     188    1.750000000000    1.250000000000    0.252018965772
     189    2.500000000000    1.250000000000    0.282848887747
     190    2.250000000000    1.500000000000    0.319629639360
     191    2.250000000000    1.250000000000    0.279365175612
     192    3.000000000000    1.250000000000    0.269005277819
     193    2.750000000000    1.500000000000    0.319629639360
     194    2.750000000000    1.250000000000    0.279365175612
     195    3.500000000000    1.250000000000    0.228829557028
     196    3.250000000000    1.500000000000    0.288342063269
     197    3.250000000000    1.250000000000    0.252018965772
     198    4.000000000000    1.250000000000    0.166254404845
     199    3.750000000000    1.500000000000    0.228829557028
     200    3.750000000000    1.250000000000    0.200003383642
     201    4.500000000000    1.250000000000    0.087405113154
     202    4.250000000000    1.500000000000    0.146917619395
     203    4.250000000000    1.250000000000    0.128410076816
     204    5.000000000000    1.500000000000    0.000000000000
     205    5.000000000000    1.250000000000   -0.000000000000
     206    4.750000000000    1.500000000000    0.050624361541
     207    4.750000000000    1.250000000000    0.044247096986
     208    0.500000000000    1.750000000000    0.110136867783
     209    0.000000000000    1.750000000000   -0.000000000000
     210    0.250000000000    2.000000000000    0.059512506241
     211    0.250000000000    1.750000000000    0.055754594836
     212    1.000000000000    1.750000000000    0.209492771578
     213    0.750000000000    2.000000000000    0.172712019965
     214    0.750000000000    1.750000000000    0.161806136299
     215    1.500000000000    1.750000000000    0.288342063269
     216    1.250000000000    2.000000000000    0.269005277819
     217    1.250000000000    1.750000000000    0.252018965772
     218    2.000000000000    1.750000000000    0.338966424810
     219    1.750000000000    2.000000000000    0.338966424810
     220    1.750000000000    1.750000000000    0.317562422956
     221    2.500000000000    1.750000000000    0.356410390973
     222    2.250000000000    2.000000000000    0.375747176423
     223    2.250000000000    1.750000000000    0.352020657593
     224    3.000000000000    1.750000000000    0.338966424810
     225    2.750000000000    2.000000000000    0.375747176423
     226    2.750000000000    1.750000000000    0.352020657593
     227    3.500000000000    1.750000000000    0.288342063269
     228    3.250000000000    2.000000000000    0.338966424810
     229    3.250000000000    1.750000000000    0.317562422956
     230    4.000000000000    1.750000000000    0.209492771578
     231    3.750000000000    2.000000000000    0.269005277819
     232    3.750000000000    1.750000000000    0.252018965772
     233    4.500000000000    1.750000000000    0.110136867782
     234    4.250000000000    2.000000000000    0.172712019965
     235    4.250000000000    1.750000000000    0.161806136299
     236    5.000000000000    2.000000000000   -0.000000000000
     237    5.000000000000    1.750000000000    0.000000000000
     238    4.750000000000    2.000000000000    0.059512506241
     239    4.750000000000    1.750000000000    0.055754594836
     240    0.500000000000    2.250000000000    0.122087658424
     241    0.000000000000    2.250000000000    0.000000000000
     242    0.250000000000    2.500000000000    0.062575152182
     243    0.250000000000    2.250000000000    0.061804444478
     244    1.000000000000    2.250000000000    0.232224526206
     245    0.750000000000    2.500000000000    0.181600164665
     246    0.750000000000    2.250000000000    0.179363483791
     247    1.500000000000    2.250000000000    0.319629639360
     248    1.250000000000    2.500000000000    0.282848887747
     249    1.250000000000    2.250000000000    0.279365175612
     250    2.000000000000    2.250000000000    0.375747176423
     251    1.750000000000    2.500000000000    0.356410390973
     252    1.750000000000    2.250000000000    0.352020657593
     253    2.500000000000    2.250000000000    0.395083961873
     254    2.250000000000    2.500000000000    0.395083961873
     255    2.250000000000    2.250000000000    0.390217904936
     256    3.000000000000    2.250000000000    0.375747176423
     257    2.750000000000    2.500000000000    0.395083961873
     258    2.750000000000    2.250000000000    0.390217904936
     259    3.500000000000    2.250000000000    0.319629639360
     260    3.250000000000    2.500000000000    0.356410390973
     261    3.250000000000    2.250000000000    0.352020657593
     262    4.000000000000    2.250000000000    0.232224526206
     263    3.750000000000    2.500000000000    0.282848887747
     264    3.750000000000    2.250000000000    0.279365175612
     265    4.500000000000    2.250000000000    0.122087658424
     266    4.250000000000    2.500000000000    0.181600164665
     267    4.250000000000    2.250000000000    0.179363483791
     268    5.000000000000    2.500000000000   -0.000000000000
     269    5.000000000000    2.250000000000    0.000000000000
     270    4.750000000000    2.500000000000    0.062575152182
     271    4.750000000000    2.250000000000    0.061804444478
     272    0.500000000000    2.750000000000    0.122087658424
     273    0.000000000000    2.750000000000    0.000000000000
     274    0.250000000000    3.000000000000    0.059512506241
     275    0.250000000000    2.750000000000    0.061804444478
     276    1.000000000000    2.750000000000    0.232224526206
     277    0.750000000000    3.000000000000    0.172712019965
     278    0.750000000000    2.750000000000    0.179363483791
     279    1.500000000000    2.750000000000    0.319629639360
     280    1.250000000000    3.000000000000    0.269005277819
     281    1.250000000000    2.750000000000    0.279365175612
     282    2.000000000000    2.750000000000    0.375747176423
     283    1.750000000000    3.000000000000    0.338966424810
     284    1.750000000000    2.750000000000    0.352020657593
     285    2.500000000000    2.750000000000    0.395083961873
     286    2.250000000000    3.000000000000    0.375747176423
     287    2.250000000000    2.750000000000    0.390217904936
     288    3.000000000000    2.750000000000    0.375747176423
     289    2.750000000000    3.000000000000    0.375747176423
     290    2.750000000000    2.750000000000    0.390217904936
     291    3.500000000000    2.750000000000    0.319629639360
     292    3.250000000000    3.000000000000    0.338966424810
     293    3.250000000000    2.750000000000    0.352020657593
     294    4.000000000000    2.750000000000    0.232224526206
     295    3.750000000000    3.000000000000    0.269005277819
     296    3.750000000000    2.750000000000    0.279365175612
     297    4.500000000000    2.750000000000    0.122087658424
     298    4.250000000000    3.000000000000    0.172712019965
     299    4.250000000000    2.750000000000    0.179363483791
     300    5.000000000000    3.000000000000    0.000000000000
     301    5.000000000000    2.750000000000    0.000000000000
     302    4.750000000000    3.000000000000    0.059512506241
     303    4.750000000000    2.750000000000    0.061804444478
     304    0.500000000000    3.250000000000    0.110136867782
     305    0.000000000000    3.250000000000   -0.000000000000
     306    0.250000000000    3.500000000000    0.050624361541
     307    0.250000000000    3.250000000000    0.055754594836
     308    1.000000000000    3.250000000000    0.209492771578
     309    0.750000000000    3.500000000000    0.146917619395
     310    0.750000000000    3.250000000000    0.161806136299
     311    1.500000000000    3.250000000000    0.288342063269
     312    1.250000000000    3.500000000000    0.228829557028
     313    1.250000000000    3.250000000000    0.252018965772
     314    2.000000000000    3.250000000000    0.338966424810
     315    1.750000000000    3.500000000000    0.288342063269
     316    1.750000000000    3.250000000000    0.317562422956
     317    2.500000000000    3.250000000000    0.356410390973
     318    2.250000000000    3.500000000000    0.319629639360
     319    2.250000000000    3.250000000000    0.352020657593
     320    3.000000000000    3.250000000000    0.338966424810
     321    2.750000000000    3.500000000000    0.319629639360
     322    2.750000000000    3.250000000000    0.352020657593
     323    3.500000000000    3.250000000000    0.288342063269
     324    3.250000000000    3.500000000000    0.288342063269
     325    3.250000000000    3.250000000000    0.317562422956
     326    4.000000000000    3.250000000000    0.209492771578
     327    3.750000000000    3.500000000000    0.228829557028
     328    3.750000000000    3.250000000000    0.252018965772
     329    4.500000000000    3.250000000000    0.110136867783
     330    4.250000000000    3.500000000000    0.146917619395
     331    4.250000000000    3.250000000000    0.161806136299
     332    5.000000000000    3.500000000000   -0.000000000000
     333    5.000000000000    3.250000000000    0.000000000000
     334    4.750000000000    3.500000000000    0.050624361541
     335    4.750000000000    3.250000000000    0.055754594836
     336    0.500000000000    3.750000000000    0.087405113154
     337    0.000000000000    3.750000000000    0.000000000000
     338    0.250000000000    4.000000000000    0.036780751613
     339    0.250000000000    3.750000000000    0.044247096986
     340    1.000000000000    3.750000000000    0.166254404845
     341    0.750000000000    4.000000000000    0.106741898604
     342    0.750000000000    3.750000000000    0.128410076816
     343    1.500000000000    3.750000000000    0.228829557028
     344    1.250000000000    4.000000000000    0.166254404845
     345    1.250000000000    3.750000000000    0.200003383642
     346    2.000000000000    3.750000000000    0.269005277819
     347    1.750000000000    4.000000000000    0.209492771578
     348    1.750000000000    3.750000000000    0.252018965772
     349    2.500000000000    3.750000000000    0.282848887747
     350    2.250000000000    4.000000000000    0.232224526206
     351    2.250000000000    3.750000000000    0.279365175612
     352    3.000000000000    3.750000000000    0.269005277819
     353    2.750000000000    4.000000000000    0.232224526206
     354    2.750000000000    3.750000000000    0.279365175612
     355    3.500000000000    3.750000000000    0.228829557028
     356    3.250000000000    4.000000000000    0.209492771578
     357    3.250000000000    3.750000000000    0.252018965772
     358    4.000000000000    3.750000000000    0.166254404845
     359    3.750000000000    4.000000000000    0.166254404845
     360    3.750000000000    3.750000000000    0.200003383642
     361    4.500000000000    3.750000000000    0.087405113154
     362    4.250000000000    4.000000000000    0.106741898604
     363    4.250000000000    3.750000000000    0.128410076816
     364    5.000000000000    4.000000000000   -0.000000000000
     365    5.000000000000    3.750000000000    0.000000000000
     366    4.750000000000    4.000000000000    0.036780751613
     367    4.750000000000    3.750000000000    0.044247096986
     368    0.500000000000    4.250000000000    0.056117537063
     369    0.000000000000    4.250000000000   -0.000000000000
     370    0.250000000000    4.500000000000    0.019336785450
     371    0.250000000000    4.250000000000    0.028408384995
     372    1.000000000000    4.250000000000    0.106741898604
     373    0.750000000000    4.500000000000    0.056117537063
     374    0.750000000000    4.250000000000    0.082444344329
     375    1.500000000000    4.250000000000    0.146917619395
     376    1.250000000000    4.500000000000    0.087405113154
     377    1.250000000000    4.250000000000    0.128410076816
     378    2.000000000000    4.250000000000    0.172712019965
     379    1.750000000000    4.500000000000    0.110136867782
     380    1.750000000000    4.250000000000    0.161806136299
     381    2.500000000000    4.250000000000    0.181600164665
     382    2.250000000000    4.500000000000    0.122087658424
     383    2.250000000000    4.250000000000    0.179363483791
     384    3.000000000000    4.250000000000    0.172712019965
     385    2.750000000000    4.500000000000    0.122087658424
     386    2.750000000000    4.250000000000    0.179363483791
     387    3.500000000000    4.250000000000    0.146917619395
     388    3.250000000000    4.500000000000    0.110136867783
     389    3.250000000000    4.250000000000    0.161806136299
     390    4.000000000000    4.250000000000    0.106741898604
     391    3.750000000000    4.500000000000    0.087405113154
     392    3.750000000000    4.250000000000    0.128410076816
     393    4.500000000000    4.250000000000    0.056117537063
     394    4.250000000000    4.500000000000    0.056117537063
     395    4.250000000000    4.250000000000    0.082444344329
     396    5.000000000000    4.500000000000    0.000000000000
     397    5.000000000000    4.250000000000    0.000000000000
     398    4.750000000000    4.500000000000    0.019336785450
     399    4.750000000000    4.250000000000    0.028408384995
     400    0.000000000000    5.000000000000    0.000000000000
     401    0.500000000000    5.000000000000    0.000000000000
     402    0.500000000000    4.750000000000    0.019336785450
     403    0.000000000000    4.750000000000    0.000000000000
     404    0.250000000000    5.000000000000    0.000000000000
     405    0.250000000000    4.750000000000    0.009788862348
     406    1.000000000000    5.000000000000    0.000000000000
     407    1.000000000000    4.750000000000    0.036780751613
     408    0.750000000000    5.000000000000    0.000000000000
     409    0.750000000000    4.750000000000    0.028408384995
     410    1.500000000000    5.000000000000    0.000000000000
     411    1.500000000000    4.750000000000    0.050624361541
     412    1.250000000000    5.000000000000    0.000000000000
     413    1.250000000000    4.750000000000    0.044247096986
     414    2.000000000000    5.000000000000    0.000000000000
     415    2.000000000000    4.750000000000    0.059512506241
     416    1.750000000000    5.000000000000    0.000000000000
     417    1.750000000000    4.750000000000    0.055754594836
     418    2.500000000000    5.000000000000    0.000000000000
     419    2.500000000000    4.750000000000    0.062575152182
     420    2.250000000000    5.000000000000    0.000000000000
     421    2.250000000000    4.750000000000    0.061804444478
     422    3.000000000000    5.000000000000    0.000000000000
     423    3.000000000000    4.750000000000    0.059512506241
     424    2.750000000000    5.000000000000    0.000000000000
     425    2.750000000000    4.750000000000    0.061804444478
     426    3.500000000000    5.000000000000    0.000000000000
     427    3.500000000000    4.750000000000    0.050624361541
     428    3.250000000000    5.000000000000    0.000000000000
     429    3.250000000000    4.750000000000    0.055754594836
     430    4.000000000000    5.000000000000    0.000000000000
     431    4.000000000000    4.750000000000    0.036780751613
     432    3.750000000000    5.000000000000    0.000000000000
     433    3.750000000000    4.750000000000    0.044247096986
     434    4.500000000000    5.000000000000    0.000000000000
     435    4.500000000000    4.750000000000    0.019336785450
     436    4.250000000000    5.000000000000    0.000000000000
     437    4.250000000000    4.750000000000    0.028408384995
     438    5.000000000000    5.000000000000    0.000000000000
     439    5.000000000000    4.750000000000    0.000000000000
     440    4.750000000000    5.000000000000    0.000000000000
     441    4.750000000000    4.750000000000    0.009788862348
