# node x y psi
       1    0.000000000000    0.000000000000   -0.000000000000
       2    0.500000000000    0.000000000000   -0.000000000000
       3    1.000000000000    0.000000000000   -0.000000000000
       4    1.500000000000    0.000000000000   -0.000000000000
       5    2.000000000000    0.000000000000   -0.000000000000
       6    2.500000000000    0.000000000000   -0.000000000000
       7    3.000000000000    0.000000000000   -0.000000000000
       8    3.500000000000    0.000000000000   -0.000000000000
       9    4.000000000000    0.000000000000   -0.000000000000
      10    4.500000000000    0.000000000000   -0.000000000000
      11    0.000000000000    0.500000000000   -0.000000000000
      12    0.500000000000    0.500000000000   -0.102770733200
      13    1.000000000000    0.500000000000   -0.180929514357
      14    1.500000000000    0.500000000000   -0.217831964163
      15    2.000000000000    0.500000000000   -0.209865813718
      16    2.500000000000    0.500000000000   -0.166804498574
      17    3.000000000000    0.500000000000   -0.107415196914
      18    3.500000000000    0.500000000000   -0.052063384005
      19    4.000000000000    0.500000000000   -0.015160934199
      20    4.500000000000    0.500000000000   -0.000320116395
      21    0.000000000000    1.000000000000   -0.000000000000
      22    0.500000000000    1.000000000000   -0.180838575997
      23    1.000000000000    1.000000000000   -0.316295793672
      24    1.500000000000    1.000000000000   -0.376005211727
      25    2.000000000000    1.000000000000   -0.354122056304
      26    2.500000000000    1.000000000000   -0.269895348168
      27    3.000000000000    1.000000000000   -0.159249402883
      28    3.500000000000    1.000000000000   -0.060694635015
      29    4.000000000000    1.000000000000   -0.000985216959
      30    4.500000000000    1.000000000000    0.014034077424
      31    0.000000000000    1.500000000000   -0.000000000000
      32    0.500000000000    1.500000000000   -0.217511847768
      33    1.000000000000    1.500000000000   -0.375634393876
      34    1.500000000000    1.500000000000   -0.435343811931
      35    2.000000000000    1.500000000000   -0.390795328074
      36    2.500000000000    1.500000000000   -0.269895348168
      37    3.000000000000    1.500000000000   -0.122576131112
      38    3.500000000000    1.500000000000   -0.001356034811
      39    4.000000000000    1.500000000000    0.058353383244
      40    4.500000000000    1.500000000000    0.050707349194
      41    0.000000000000    2.000000000000    0.000000000000
      42    0.500000000000    2.000000000000   -0.209200713154
      43    1.000000000000    2.000000000000   -0.353136839344
      44    1.500000000000    2.000000000000   -0.390039289151
      45    2.000000000000    2.000000000000   -0.316295793672
      46    2.500000000000    2.000000000000   -0.166804498574
      47    3.000000000000    2.000000000000   -0.000985216959
      48    3.500000000000    2.000000000000    0.120143940982
      49    4.000000000000    2.000000000000    0.157046390789
      50    4.500000000000    2.000000000000    0.106109863559
      51    0.000000000000    2.500000000000   -0.000000000000
      52    0.500000000000    2.500000000000   -0.165768580158
      53    1.000000000000    2.500000000000   -0.268219196962
      54    1.500000000000    2.500000000000   -0.268219196962
      55    2.000000000000    2.500000000000   -0.165768580158
      56    2.500000000000    2.500000000000    0.000000000000
      57    3.000000000000    2.500000000000    0.165768580158
      58    3.500000000000    2.500000000000    0.268219196962
      59    4.000000000000    2.500000000000    0.268219196962
      60    4.500000000000    2.500000000000    0.165768580158
      61    0.000000000000    3.000000000000   -0.000000000000
      62    0.500000000000    3.000000000000   -0.106109863559
      63    1.000000000000    3.000000000000   -0.157046390789
      64    1.500000000000    3.000000000000   -0.120143940982
      65    2.000000000000    3.000000000000    0.000985216959
      66    2.500000000000    3.000000000000    0.166804498574
      67    3.000000000000    3.000000000000    0.316295793672
      68    3.500000000000    3.000000000000    0.390039289151
      69    4.000000000000    3.000000000000    0.353136839344
      70    4.500000000000    3.000000000000    0.209200713154
      71    0.000000000000    3.500000000000    0.000000000000
      72    0.500000000000    3.500000000000   -0.050707349194
      73    1.000000000000    3.500000000000   -0.058353383244
      74    1.500000000000    3.500000000000    0.001356034811
      75    2.000000000000    3.500000000000    0.122576131112
      76    2.500000000000    3.500000000000    0.269895348168
      77    3.000000000000    3.500000000000    0.390795328075
      78    3.500000000000    3.500000000000    0.435343811931
      79    4.000000000000    3.500000000000    0.375634393876
      80    4.500000000000    3.500000000000    0.217511847768
      81    0.000000000000    4.000000000000    0.000000000000
      82    0.500000000000    4.000000000000   -0.014034077424
      83    1.000000000000    4.000000000000    0.000985216959
      84    1.500000000000    4.000000000000    0.060694635015
      85    2.000000000000    4.000000000000    0.159249402883
      86    2.500000000000    4.000000000000    0.269895348168
      87    3.000000000000    4.000000000000    0.354122056304
      88    3.500000000000    4.000000000000    0.376005211727
      89    4.000000000000    4.000000000000    0.316295793672
      90    4.500000000000    4.000000000000    0.180838575997
      91    0.000000000000    4.500000000000    0.000000000000
      92    0.500000000000    4.500000000000    0.000320116395
      93    1.000000000000    4.500000000000    0.015160934199
      94    1.500000000000    4.500000000000    0.052063384005
      95    2.000000000000    4.500000000000    0.107415196913
      96    2.500000000000    4.500000000000    0.166804498574
      97    3.000000000000    4.500000000000    0.209865813718
      98    3.500000000000    4.500000000000    0.217831964163
      99    4.000000000000    4.500000000000    0.180929514357
     100    4.500000000000    4.500000000000    0.102770733200
     101    0.250000000000    0.000000000000   -0.000000000000
     102    0.500000000000    0.250000000000   -0.053028902508
     103    0.000000000000    0.250000000000    0.000000000000
     104    0.250000000000    0.500000000000   -0.053022671847
     105    0.250000000000    0.250000000000   -0.027349554838
     106    0.750000000000    0.000000000000    0.000000000000
     107    1.000000000000    0.250000000000   -0.093500287970
     108    0.750000000000    0.500000000000   -0.146227871398
     109    0.750000000000    0.250000000000   -0.075498882187
     110    1.250000000000    0.000000000000   -0.000000000000
     111    1.500000000000    0.250000000000   -0.112899677440
     112    1.250000000000    0.500000000000   -0.205091529035
     113    1.250000000000    0.250000000000   -0.106119209084
     114    1.750000000000    0.000000000000   -0.000000000000
     115    2.000000000000    0.250000000000   -0.109328123513
     116    1.750000000000    0.500000000000   -0.219123751972
     117    1.750000000000    0.250000000000   -0.113819795443
     118    2.250000000000    0.000000000000   -0.000000000000
     119    2.500000000000    0.250000000000   -0.087688092527
     120    2.250000000000    0.500000000000   -0.191678876308
     121    2.250000000000    0.250000000000   -0.100240263363
     122    2.750000000000    0.000000000000    0.000000000000
     123    3.000000000000    0.250000000000   -0.057464540086
     124    2.750000000000    0.500000000000   -0.137821221133
     125    2.750000000000    0.250000000000   -0.072975898546
     126    3.250000000000    0.000000000000    0.000000000000
     127    3.500000000000    0.250000000000   -0.028982636677
     128    3.250000000000    0.500000000000   -0.078122580170
     129    3.250000000000    0.250000000000   -0.042440761670
     130    3.750000000000    0.000000000000   -0.000000000000
     131    4.000000000000    0.250000000000   -0.009583247208
     132    3.750000000000    0.500000000000   -0.030804495780
     133    3.750000000000    0.250000000000   -0.017889871172
     134    4.250000000000    0.000000000000   -0.000000000000
     135    4.500000000000    0.250000000000   -0.001165319082
     136    4.250000000000    0.500000000000   -0.005226699596
     137    4.250000000000    0.250000000000   -0.004119848414
     138    5.000000000000    0.000000000000   -0.000000000000
     139    5.000000000000    0.500000000000    0.000000000000
     140    4.750000000000    0.000000000000   -0.000000000000
     141    5.000000000000    0.250000000000    0.000000000000
     142    4.750000000000    0.500000000000    0.000834983327
     143    4.750000000000    0.250000000000   -0.000085190021
     144    0.500000000000    0.750000000000   -0.146198147748
     145    0.000000000000    0.750000000000    0.000000000000
     146    0.250000000000    1.000000000000   -0.093442400816
     147    0.250000000000    0.750000000000   -0.075474681488
     148    1.000000000000    0.750000000000   -0.256706468215
     149    0.750000000000    1.000000000000   -0.256629405058
     150    0.750000000000    0.750000000000   -0.207797283512
     151    1.500000000000    0.750000000000   -0.307494729207
     152    1.250000000000    1.000000000000   -0.356600711663
     153    1.250000000000    0.750000000000   -0.290355749218
     154    2.000000000000    0.750000000000   -0.293591421877
     155    1.750000000000    1.000000000000   -0.374577417466
     156    1.750000000000    0.750000000000   -0.308122736896
     157    2.500000000000    0.750000000000   -0.229570406644
     158    2.250000000000    1.000000000000   -0.317792852384
     159    2.250000000000    0.750000000000   -0.266305033870
     160    3.000000000000    0.750000000000   -0.143077440498
     161    2.750000000000    1.000000000000   -0.215349504572
     162    2.750000000000    0.750000000000   -0.187180765408
     163    3.500000000000    0.750000000000   -0.063957991554
     164    3.250000000000    1.000000000000   -0.106377250970
     165    3.250000000000    0.750000000000   -0.100972712728
     166    4.000000000000    0.750000000000   -0.013169730561
     167    3.750000000000    1.000000000000   -0.025087074298
     168    3.750000000000    0.750000000000   -0.034304237806
     169    4.500000000000    0.750000000000    0.004315833631
     170    4.250000000000    1.000000000000    0.011570761437
     171    4.250000000000    0.750000000000   -0.000647259344
     172    5.000000000000    1.000000000000    0.000000000000
     173    5.000000000000    0.750000000000    0.000000000000
     174    4.750000000000    1.000000000000    0.009000946997
     175    4.750000000000    0.750000000000    0.003649586974
     176    0.500000000000    1.250000000000   -0.204903603598
     177    0.000000000000    1.250000000000    0.000000000000
     178    0.250000000000    1.500000000000   -0.112721312811
     179    0.250000000000    1.250000000000   -0.106009818364
     180    1.000000000000    1.250000000000   -0.356451344520
     181    0.750000000000    1.500000000000   -0.307102251926
     182    0.750000000000    1.250000000000   -0.290147675703
     183    1.500000000000    1.250000000000   -0.419229087565
     184    1.250000000000    1.500000000000   -0.418988581410
     185    1.250000000000    1.250000000000   -0.400055696248
     186    2.000000000000    1.250000000000   -0.387091709847
     187    1.750000000000    1.500000000000   -0.425050264334
     188    1.750000000000    1.250000000000   -0.414156755959
     189    2.500000000000    1.250000000000   -0.283764628234
     190    2.250000000000    1.500000000000   -0.337071764379
     191    2.250000000000    1.250000000000   -0.341889106078
     192    3.000000000000    1.250000000000   -0.152660687706
     193    2.750000000000    1.500000000000   -0.196070592577
     194    2.750000000000    1.250000000000   -0.218650168660
     195    3.500000000000    1.250000000000   -0.039911725723
     196    3.250000000000    1.500000000000   -0.055904404102
     197    3.250000000000    1.250000000000   -0.091513029061
     198    4.000000000000    1.250000000000    0.022866017323
     199    3.750000000000    1.500000000000    0.037300795449
     200    3.750000000000    1.250000000000   -0.001246117288
     201    4.500000000000    1.250000000000    0.029527418544
     202    4.250000000000    1.500000000000    0.062043608305
     203    4.250000000000    1.250000000000    0.032496051195
     204    5.000000000000    1.500000000000    0.000000000000
     205    5.000000000000    1.250000000000    0.000000000000
     206    4.750000000000    1.500000000000    0.028279858991
     207    4.750000000000    1.250000000000    0.017229119054
     208    0.500000000000    1.750000000000   -0.218641317599
     209    0.000000000000    1.750000000000    0.000000000000
     210    0.250000000000    2.000000000000   -0.108972253601
     211    0.250000000000    1.750000000000   -0.113557607519
     212    1.000000000000    1.750000000000   -0.373921979286
     213    0.750000000000    2.000000000000   -0.292705778086
     214    0.750000000000    1.750000000000   -0.307499678252
     215    1.500000000000    1.750000000000   -0.424710240278
     216    1.250000000000    2.000000000000   -0.386148178903
     217    1.250000000000    1.750000000000   -0.413594686636
     218    2.000000000000    1.750000000000   -0.366034591727
     219    1.750000000000    2.000000000000   -0.365601658660
     220    1.750000000000    1.750000000000   -0.407825131636
     221    2.500000000000    1.750000000000   -0.229570406644
     222    2.250000000000    2.000000000000   -0.247628458062
     223    2.250000000000    1.750000000000   -0.304387959901
     224    3.000000000000    1.750000000000   -0.070634270647
     225    2.750000000000    2.000000000000   -0.081871639379
     226    2.750000000000    1.750000000000   -0.149097839377
     227    3.500000000000    1.750000000000    0.053257519517
     228    3.250000000000    2.000000000000    0.068355326518
     229    3.250000000000    1.750000000000   -0.001270317988
     230    4.000000000000    1.750000000000    0.104045780509
     231    3.750000000000    2.000000000000    0.150252154088
     232    3.750000000000    1.750000000000    0.088934699612
     233    4.500000000000    1.750000000000    0.076759003481
     234    4.250000000000    2.000000000000    0.141251207091
     235    4.250000000000    1.750000000000    0.099055135396
     236    5.000000000000    2.000000000000   -0.000000000000
     237    5.000000000000    1.750000000000    0.000000000000
     238    4.750000000000    2.000000000000    0.056784565081
     239    4.750000000000    1.750000000000    0.041732513005
     240    0.500000000000    2.250000000000   -0.190824000003
     241    0.000000000000    2.250000000000    0.000000000000
     242    0.250000000000    2.500000000000   -0.087143516627
     243    0.250000000000    2.250000000000   -0.099787584761
     244    1.000000000000    2.250000000000   -0.316457439200
     245    0.750000000000    2.500000000000   -0.228144688429
     246    0.750000000000    2.250000000000   -0.265144106603
     247    1.500000000000    2.250000000000   -0.335856828670
     248    1.250000000000    2.500000000000   -0.282002343604
     249    1.250000000000    2.250000000000   -0.340533598070
     250    2.000000000000    2.250000000000   -0.247123221007
     251    1.750000000000    2.500000000000   -0.228144688429
     252    1.750000000000    2.250000000000   -0.303465019859
     253    2.500000000000    2.250000000000   -0.087688092527
     254    2.250000000000    2.500000000000   -0.087143516627
     255    2.250000000000    2.250000000000   -0.172678293286
     256    3.000000000000    2.250000000000    0.080330557409
     257    2.750000000000    2.500000000000    0.087143516627
     258    2.750000000000    2.250000000000   -0.000537868623
     259    3.500000000000    2.250000000000    0.193974514552
     260    3.250000000000    2.500000000000    0.228144688429
     261    3.250000000000    2.250000000000    0.147204462745
     262    4.000000000000    2.250000000000    0.213373904022
     263    3.750000000000    2.500000000000    0.282002343604
     264    3.750000000000    2.250000000000    0.216524517814
     265    4.500000000000    2.250000000000    0.136629778413
     266    4.250000000000    2.500000000000    0.228144688429
     267    4.250000000000    2.250000000000    0.185525376001
     268    5.000000000000    2.500000000000   -0.000000000000
     269    5.000000000000    2.250000000000   -0.000000000000
     270    4.750000000000    2.500000000000    0.087143516627
     271    4.750000000000    2.250000000000    0.072352839902
     272    0.500000000000    2.750000000000   -0.136629778413
     273    0.000000000000    2.750000000000    0.000000000000
     274    0.250000000000    3.000000000000   -0.056784565081
     275    0.250000000000    2.750000000000   -0.072352839902
     276    1.000000000000    2.750000000000   -0.213373904022
     277    0.750000000000    3.000000000000   -0.141251207092
     278    0.750000000000    2.750000000000   -0.185525376001
     279    1.500000000000    2.750000000000   -0.193974514552
     280    1.250000000000    3.000000000000   -0.150252154088
     281    1.250000000000    2.750000000000   -0.216524517814
     282    2.000000000000    2.750000000000   -0.080330557409
     283    1.750000000000    3.000000000000   -0.068355326518
     284    1.750000000000    2.750000000000   -0.147204462745
     285    2.500000000000    2.750000000000    0.087688092527
     286    2.250000000000    3.000000000000    0.081871639379
     287    2.250000000000    2.750000000000    0.000537868623
     288    3.000000000000    2.750000000000    0.247123221007
     289    2.750000000000    3.000000000000    0.247628458062
     290    2.750000000000    2.750000000000    0.172678293286
     291    3.500000000000    2.750000000000    0.335856828670
     292    3.250000000000    3.000000000000    0.365601658660
     293    3.250000000000    2.750000000000    0.303465019859
     294    4.000000000000    2.750000000000    0.316457439200
     295    3.750000000000    3.000000000000    0.386148178903
     296    3.750000000000    2.750000000000    0.340533598070
     297    4.500000000000    2.750000000000    0.190824000003
     298    4.250000000000    3.000000000000    0.292705778086
     299    4.250000000000    2.750000000000    0.265144106603
     300    5.000000000000    3.000000000000    0.000000000000
     301    5.000000000000    2.750000000000   -0.000000000000
     302    4.750000000000    3.000000000000    0.108972253601
     303    4.750000000000    2.750000000000    0.099787584761
     304    0.500000000000    3.250000000000   -0.076759003481
     305    0.000000000000    3.250000000000   -0.000000000000
     306    0.250000000000    3.500000000000   -0.028279858991
     307    0.250000000000    3.250000000000   -0.041732513005
     308    1.000000000000    3.250000000000   -0.104045780509
     309    0.750000000000    3.500000000000   -0.062043608305
     310    0.750000000000    3.250000000000   -0.099055135396
     311    1.500000000000    3.250000000000   -0.053257519517
     312    1.250000000000    3.500000000000   -0.037300795449
     313    1.250000000000    3.250000000000   -0.088934699612
     314    2.000000000000    3.250000000000    0.070634270647
     315    1.750000000000    3.500000000000    0.055904404102
     316    1.750000000000    3.250000000000    0.001270317988
     317    2.500000000000    3.250000000000    0.229570406644
     318    2.250000000000    3.500000000000    0.196070592577
     319    2.250000000000    3.250000000000    0.149097839377
     320    3.000000000000    3.250000000000    0.366034591728
     321    2.750000000000    3.500000000000    0.337071764379
     322    2.750000000000    3.250000000000    0.304387959901
     323    3.500000000000    3.250000000000    0.424710240278
     324    3.250000000000    3.500000000000    0.425050264334
     325    3.250000000000    3.250000000000    0.407825131636
     326    4.000000000000    3.250000000000    0.373921979286
     327    3.750000000000    3.500000000000    0.418988581410
     328    3.750000000000    3.250000000000    0.413594686636
     329    4.500000000000    3.250000000000    0.218641317599
     330    4.250000000000    3.500000000000    0.307102251926
     331    4.250000000000    3.250000000000    0.307499678252
     332    5.000000000000    3.500000000000   -0.000000000000
     333    5.000000000000    3.250000000000   -0.000000000000
     334    4.750000000000    3.500000000000    0.112721312811
     335    4.750000000000    3.250000000000    0.113557607519
     336    0.500000000000    3.750000000000   -0.029527418544
     337    0.000000000000    3.750000000000   -0.000000000000
     338    0.250000000000    4.000000000000   -0.009000946997
     339    0.250000000000    3.750000000000   -0.017229119054
     340    1.000000000000    3.750000000000   -0.022866017323
     341    0.750000000000    4.000000000000   -0.011570761437
     342    0.750000000000    3.750000000000   -0.032496051195
     343    1.500000000000    3.750000000000    0.039911725723
     344    1.250000000000    4.000000000000    0.025087074298
     345    1.250000000000    3.750000000000    0.001246117288
     346    2.000000000000    3.750000000000    0.152660687706
     347    1.750000000000    4.000000000000    0.106377250970
     348    1.750000000000    3.750000000000    0.091513029061
     349    2.500000000000    3.750000000000    0.283764628234
     350    2.250000000000    4.000000000000    0.215349504572
     351    2.250000000000    3.750000000000    0.218650168660
     352    3.000000000000    3.750000000000    0.387091709847
     353    2.750000000000    4.000000000000    0.317792852384
     354    2.750000000000    3.750000000000    0.341889106078
     355    3.500000000000    3.750000000000    0.419229087566
     356    3.250000000000    4.000000000000    0.374577417466
     357    3.250000000000    3.750000000000    0.414156755959
     358    4.000000000000    3.750000000000    0.356451344520
     359    3.750000000000    4.000000000000    0.356600711663
     360    3.750000000000    3.750000000000    0.400055696248
     361    4.500000000000    3.750000000000    0.204903603598
     362    4.250000000000    4.000000000000    0.256629405058
     363    4.250000000000    3.750000000000    0.290147675703
     364    5.000000000000    4.000000000000   -0.000000000000
     365    5.000000000000    3.750000000000   -0.000000000000
     366    4.750000000000    4.000000000000    0.093442400816
     367    4.750000000000    3.750000000000    0.106009818364
     368    0.500000000000    4.250000000000   -0.004315833631
     369    0.000000000000    4.250000000000    0.000000000000
     370    0.250000000000    4.500000000000   -0.000834983327
     371    0.250000000000    4.250000000000   -0.003649586974
     372    1.000000000000    4.250000000000    0.013169730561
     373    0.750000000000    4.500000000000    0.005226699596
     374    0.750000000000    4.250000000000    0.000647259344
     375    1.500000000000    4.250000000000    0.063957991554
     376    1.250000000000    4.500000000000    0.030804495780
     377    1.250000000000    4.250000000000    0.034304237806
     378    2.000000000000    4.250000000000    0.143077440498
     379    1.750000000000    4.500000000000    0.078122580170
     380    1.750000000000    4.250000000000    0.100972712728
     381    2.500000000000    4.250000000000    0.229570406644
     382    2.250000000000    4.500000000000    0.137821221133
     383    2.250000000000    4.250000000000    0.187180765408
     384    3.000000000000    4.250000000000    0.293591421877
     385    2.750000000000    4.500000000000    0.191678876308
     386    2.750000000000    4.250000000000    0.266305033870
     387    3.500000000000    4.250000000000    0.307494729207
     388    3.250000000000    4.500000000000    0.219123751972
     389    3.250000000000    4.250000000000    0.308122736896
     390    4.000000000000    4.250000000000    0.256706468215
     391    3.750000000000    4.500000000000    0.205091529035
     392    3.750000000000    4.250000000000    0.290355749218
     393    4.500000000000    4.250000000000    0.146198147748
     394    4.250000000000    4.500000000000    0.146227871399
     395    4.250000000000    4.250000000000    0.207797283512
     396    5.000000000000    4.500000000000   -0.000000000000
     397    5.000000000000    4.250000000000   -0.000000000000
     398    4.750000000000    4.500000000000    0.053022671847
     399    4.750000000000    4.250000000000    0.075474681488
     400    0.000000000000    5.000000000000   -0.000000000000
     401    0.500000000000    5.000000000000   -0.000000000000
     402    0.500000000000    4.750000000000    0.001165319082
     403    0.000000000000    4.750000000000   -0.000000000000
     404    0.250000000000    5.000000000000   -0.000000000000
     405    0.250000000000    4.750000000000    0.000085190021
     406    1.000000000000    5.000000000000   -0.000000000000
     407    1.000000000000    4.750000000000    0.009583247208
     408    0.750000000000    5.000000000000   -0.000000000000
     409    0.750000000000    4.750000000000    0.004119848414
     410    1.500000000000    5.000000000000   -0.000000000000
     411    1.500000000000    4.750000000000    0.028982636677
     412    1.250000000000    5.000000000000   -0.000000000000
     413    1.250000000000    4.750000000000    0.017889871172
     414    2.000000000000    5.000000000000   -0.000000000000
     415    2.000000000000    4.750000000000    0.057464540086
     416    1.750000000000    5.000000000000   -0.000000000000
     417    1.750000000000    4.750000000000    0.042440761670
     418    2.500000000000    5.000000000000   -0.000000000000
     419    2.500000000000    4.750000000000    0.087688092527
     420    2.250000000000    5.000000000000   -0.000000000000
     421    2.250000000000    4.750000000000    0.072975898546
     422    3.000000000000    5.000000000000   -0.000000000000
     423    3.000000000000    4.750000000000    0.109328123513
     424    2.750000000000    5.000000000000   -0.000000000000
     425    2.750000000000    4.750000000000    0.100240263363
     426    3.500000000000    5.000000000000   -0.000000000000
     427    3.500000000000    4.750000000000    0.112899677440
     428    3.250000000000    5.000000000000   -0.000000000000
     429    3.250000000000    4.750000000000    0.113819795443
     430    4.000000000000    5.000000000000   -0.000000000000
     431    4.000000000000    4.750000000000    0.093500287970
     432    3.750000000000    5.000000000000   -0.000000000000
     433    3.750000000000    4.750000000000    0.106119209084
     434    4.500000000000    5.000000000000   -0.000000000000
     435    4.500000000000    4.750000000000    0.053028902508
     436    4.250000000000    5.000000000000   -0.000000000000
     437    4.250000000000    4.750000000000    0.075498882187
     438    5.000000000000    5.000000000000   -0.000000000000
     439    5.000000000000    4.750000000000   -0.000000000000
     440    4.750000000000    5.000000000000   -0.000000000000
     441    4.750000000000    4.750000000000    0.027349554838
