291.062 291.062 291.131 291.194 291.254 291.309 291.359 291.406 291.447 291.485 291.517 291.546 291.57 291.589 291.604 291.615 291.621 291.623 291.621 291.615 291.605 291.591 291.573 291.552 291.527 291.499 291.468 291.433 291.396 291.356 291.313 291.268 291.221 291.172 291.12 291.067 291.012 290.956 290.898 290.838 290.778 290.716 290.654 290.59 290.526 290.461 290.395 290.329 290.261 290.194 290.194
291.062 291.135 291.203 291.267 291.327 291.382 291.433 291.479 291.521 291.559 291.591 291.62 291.644 291.663 291.678 291.689 291.696 291.698 291.696 291.69 291.68 291.666 291.648 291.626 291.601 291.573 291.542 291.507 291.47 291.429 291.387 291.341 291.294 291.244 291.193 291.139 291.084 291.027 290.969 290.91 290.849 290.787 290.725 290.661 290.596 290.531 290.465 290.398 290.33 290.262 290.194
291.142 291.214 291.283 291.347 291.407 291.463 291.514 291.56 291.602 291.64 291.673 291.701 291.725 291.744 291.759 291.77 291.776 291.778 291.776 291.769 291.759 291.744 291.726 291.705 291.679 291.65 291.618 291.583 291.545 291.505 291.461 291.416 291.368 291.317 291.265 291.211 291.156 291.098 291.04 290.98 290.919 290.857 290.793 290.729 290.664 290.598 290.532 290.465 290.397 290.329 290.26
291.228 291.301 291.37 291.434 291.495 291.55 291.601 291.648 291.69 291.727 291.76 291.789 291.812 291.832 291.846 291.856 291.862 291.864 291.861 291.854 291.843 291.828 291.809 291.787 291.76 291.731 291.698 291.662 291.623 291.582 291.538 291.491 291.442 291.391 291.338 291.283 291.227 291.169 291.11 291.049 290.987 290.924 290.861 290.796 290.73 290.664 290.597 290.53 290.462 290.393 290.324
291.321 291.394 291.464 291.529 291.589 291.645 291.696 291.743 291.785 291.822 291.855 291.883 291.906 291.925 291.94 291.949 291.955 291.955 291.952 291.944 291.932 291.916 291.896 291.873 291.846 291.815 291.781 291.744 291.704 291.661 291.616 291.568 291.518 291.466 291.412 291.356 291.298 291.239 291.179 291.117 291.055 290.991 290.927 290.861 290.795 290.728 290.661 290.593 290.524 290.455 290.386
291.422 291.495 291.565 291.63 291.691 291.747 291.798 291.845 291.887 291.924 291.957 291.984 292.007 292.026 292.039 292.048 292.053 292.053 292.048 292.039 292.026 292.009 291.988 291.963 291.934 291.902 291.867 291.828 291.787 291.742 291.696 291.646 291.595 291.541 291.485 291.428 291.369 291.309 291.248 291.185 291.121 291.056 290.991 290.925 290.858 290.79 290.722 290.654 290.585 290.516 290.446
291.53 291.604 291.674 291.739 291.8 291.856 291.908 291.955 291.996 292.033 292.066 292.093 292.116 292.133 292.146 292.154 292.158 292.157 292.151 292.141 292.126 292.107 292.085 292.058 292.028 291.994 291.956 291.916 291.872 291.826 291.777 291.726 291.673 291.617 291.56 291.501 291.441 291.379 291.316 291.252 291.187 291.121 291.054 290.987 290.919 290.851 290.782 290.713 290.644 290.574 290.504
291.646 291.72 291.791 291.857 291.918 291.974 292.026 292.072 292.114 292.151 292.183 292.209 292.231 292.248 292.26 292.267 292.269 292.267 292.26 292.248 292.231 292.211 292.186 292.157 292.125 292.089 292.049 292.007 291.961 291.912 291.861 291.808 291.752 291.695 291.635 291.574 291.512 291.448 291.383 291.318 291.251 291.184 291.116 291.047 290.979 290.91 290.84 290.77 290.7 290.63 290.56
291.77 291.845 291.916 291.982 292.044 292.1 292.152 292.198 292.24 292.276 292.308 292.334 292.355 292.371 292.382 292.388 292.388 292.384 292.375 292.361 292.343 292.32 292.293 292.262 292.227 292.188 292.146 292.101 292.052 292.001 291.947 291.891 291.833 291.773 291.711 291.648 291.583 291.517 291.451 291.383 291.315 291.246 291.176 291.107 291.037 290.966 290.896 290.826 290.755 290.685 290.614
291.903 291.979 292.05 292.117 292.178 292.235 292.287 292.333 292.375 292.411 292.442 292.467 292.487 292.502 292.512 292.516 292.515 292.509 292.498 292.482 292.461 292.436 292.406 292.372 292.334 292.293 292.247 292.199 292.147 292.093 292.036 291.977 291.916 291.853 291.788 291.722 291.655 291.587 291.517 291.448 291.377 291.307 291.236 291.164 291.093 291.022 290.95 290.879 290.808 290.737 290.667
292.045 292.121 292.194 292.261 292.323 292.38 292.431 292.478 292.519 292.554 292.585 292.609 292.628 292.642 292.65 292.653 292.65 292.642 292.628 292.61 292.586 292.558 292.525 292.488 292.447 292.402 292.353 292.301 292.246 292.188 292.128 292.065 292 291.934 291.866 291.797 291.727 291.656 291.584 291.512 291.439 291.366 291.293 291.221 291.148 291.075 291.003 290.931 290.859 290.788 290.717
292.198 292.274 292.347 292.415 292.477 292.534 292.586 292.632 292.673 292.708 292.738 292.761 292.78 292.792 292.798 292.799 292.794 292.783 292.767 292.746 292.719 292.688 292.651 292.61 292.565 292.516 292.464 292.408 292.348 292.286 292.222 292.155 292.087 292.017 291.945 291.873 291.799 291.725 291.65 291.575 291.5 291.425 291.35 291.275 291.201 291.127 291.053 290.981 290.908 290.836 290.765
292.36 292.438 292.511 292.579 292.642 292.699 292.751 292.797 292.838 292.873 292.901 292.924 292.941 292.952 292.956 292.955 292.947 292.934 292.915 292.89 292.86 292.825 292.785 292.74 292.69 292.637 292.579 292.519 292.455 292.389 292.32 292.249 292.176 292.101 292.026 291.949 291.872 291.794 291.716 291.638 291.56 291.483 291.405 291.329 291.252 291.177 291.102 291.028 290.955 290.883 290.812
292.534 292.612 292.686 292.755 292.818 292.876 292.928 292.974 293.014 293.049 293.077 293.098 293.114 293.123 293.125 293.122 293.111 293.095 293.073 293.044 293.01 292.971 292.926 292.876 292.822 292.763 292.701 292.635 292.566 292.495 292.421 292.345 292.267 292.188 292.108 292.027 291.946 291.864 291.782 291.701 291.62 291.539 291.46 291.38 291.302 291.225 291.149 291.074 291 290.928 290.856
292.72 292.799 292.873 292.943 293.007 293.065 293.117 293.163 293.203 293.237 293.264 293.285 293.299 293.306 293.306 293.3 293.287 293.267 293.241 293.208 293.17 293.125 293.076 293.021 292.961 292.897 292.829 292.757 292.683 292.605 292.526 292.444 292.361 292.277 292.192 292.106 292.02 291.934 291.848 291.763 291.679 291.595 291.512 291.431 291.351 291.272 291.194 291.118 291.043 290.97 290.898
292.918 292.998 293.073 293.143 293.208 293.266 293.319 293.365 293.405 293.438 293.464 293.484 293.496 293.502 293.5 293.491 293.474 293.451 293.42 293.383 293.34 293.29 293.235 293.174 293.108 293.038 292.963 292.885 292.804 292.721 292.635 292.547 292.458 292.368 292.277 292.186 292.095 292.004 291.914 291.825 291.737 291.65 291.564 291.48 291.397 291.316 291.237 291.16 291.084 291.01 290.939
293.13 293.21 293.287 293.358 293.423 293.482 293.534 293.581 293.621 293.653 293.679 293.698 293.708 293.712 293.707 293.695 293.675 293.647 293.612 293.57 293.521 293.466 293.404 293.337 293.264 293.187 293.105 293.02 292.932 292.841 292.748 292.653 292.558 292.461 292.364 292.267 292.171 292.075 291.98 291.886 291.794 291.703 291.614 291.527 291.442 291.359 291.278 291.199 291.123 291.048 290.976
293.355 293.437 293.514 293.586 293.652 293.712 293.765 293.812 293.852 293.884 293.909 293.926 293.936 293.937 293.929 293.914 293.89 293.858 293.818 293.77 293.715 293.653 293.584 293.51 293.429 293.344 293.255 293.162 293.066 292.967 292.866 292.764 292.661 292.557 292.454 292.35 292.248 292.146 292.046 291.947 291.85 291.756 291.663 291.573 291.485 291.399 291.317 291.236 291.159 291.084 291.012
293.596 293.678 293.757 293.83 293.896 293.957 294.011 294.059 294.099 294.131 294.155 294.172 294.179 294.178 294.168 294.149 294.121 294.084 294.038 293.984 293.922 293.853 293.776 293.693 293.605 293.511 293.413 293.311 293.206 293.098 292.989 292.879 292.767 292.656 292.545 292.435 292.325 292.218 292.112 292.008 291.906 291.807 291.71 291.617 291.526 291.438 291.353 291.271 291.193 291.117 291.045
293.852 293.935 294.015 294.089 294.157 294.219 294.274 294.322 294.363 294.395 294.419 294.434 294.441 294.437 294.424 294.401 294.368 294.326 294.274 294.214 294.144 294.066 293.981 293.889 293.791 293.688 293.58 293.468 293.353 293.236 293.117 292.998 292.877 292.757 292.638 292.52 292.404 292.289 292.177 292.067 291.961 291.857 291.756 291.659 291.565 291.474 291.387 291.304 291.224 291.148 291.076
294.124 294.209 294.29 294.365 294.435 294.498 294.555 294.604 294.645 294.678 294.702 294.716 294.721 294.715 294.699 294.672 294.635 294.586 294.528 294.459 294.381 294.295 294.2 294.098 293.989 293.875 293.756 293.634 293.508 293.38 293.251 293.121 292.991 292.862 292.734 292.607 292.483 292.361 292.242 292.127 292.014 291.905 291.8 291.698 291.601 291.508 291.419 291.334 291.253 291.176 291.104
294.414 294.5 294.582 294.659 294.731 294.796 294.854 294.904 294.947 294.981 295.005 295.019 295.022 295.014 294.995 294.964 294.921 294.866 294.8 294.723 294.636 294.539 294.434 294.32 294.2 294.074 293.943 293.808 293.671 293.531 293.39 293.249 293.109 292.969 292.831 292.696 292.563 292.433 292.307 292.185 292.066 291.952 291.842 291.736 291.635 291.539 291.447 291.36 291.278 291.201 291.129
294.721 294.808 294.892 294.971 295.045 295.112 295.172 295.225 295.269 295.304 295.329 295.343 295.345 295.336 295.313 295.277 295.229 295.167 295.093 295.007 294.909 294.801 294.684 294.558 294.424 294.285 294.14 293.992 293.841 293.689 293.535 293.382 293.23 293.079 292.931 292.786 292.644 292.505 292.371 292.242 292.117 291.997 291.881 291.771 291.667 291.567 291.473 291.384 291.301 291.223 291.15
295.046 295.135 295.221 295.302 295.378 295.448 295.511 295.567 295.614 295.651 295.677 295.691 295.693 295.681 295.655 295.615 295.56 295.491 295.408 295.311 295.202 295.082 294.951 294.811 294.663 294.509 294.349 294.186 294.02 293.853 293.686 293.52 293.355 293.192 293.032 292.876 292.724 292.577 292.435 292.297 292.165 292.039 291.919 291.804 291.695 291.592 291.495 291.405 291.32 291.241 291.169
295.39 295.48 295.568 295.652 295.731 295.805 295.872 295.931 295.982 296.021 296.05 296.065 296.067 296.054 296.024 295.979 295.918 295.841 295.747 295.639 295.517 295.383 295.237 295.081 294.917 294.746 294.57 294.39 294.208 294.025 293.843 293.662 293.483 293.307 293.135 292.968 292.805 292.648 292.497 292.351 292.212 292.079 291.953 291.833 291.72 291.614 291.514 291.422 291.335 291.256 291.183
295.753 295.844 295.935 296.022 296.105 296.183 296.255 296.319 296.374 296.418 296.449 296.467 296.469 296.455 296.423 296.373 296.304 296.218 296.114 295.993 295.856 295.706 295.543 295.369 295.187 294.997 294.803 294.605 294.405 294.205 294.005 293.808 293.614 293.424 293.239 293.059 292.885 292.718 292.557 292.403 292.256 292.116 291.984 291.859 291.742 291.632 291.529 291.434 291.347 291.267 291.194
296.134 296.227 296.32 296.412 296.499 296.583 296.661 296.731 296.792 296.841 296.878 296.898 296.902 296.887 296.853 296.798 296.722 296.625 296.509 296.374 296.221 296.052 295.87 295.677 295.474 295.263 295.048 294.83 294.61 294.391 294.173 293.959 293.749 293.543 293.344 293.151 292.965 292.786 292.615 292.452 292.297 292.15 292.012 291.881 291.759 291.646 291.54 291.443 291.354 291.273 291.2
296.534 296.628 296.725 296.821 296.915 297.005 297.09 297.169 297.237 297.294 297.337 297.362 297.369 297.354 297.318 297.257 297.174 297.066 296.936 296.785 296.613 296.425 296.221 296.005 295.779 295.545 295.307 295.066 294.824 294.584 294.346 294.113 293.885 293.663 293.449 293.242 293.043 292.852 292.671 292.498 292.335 292.18 292.035 291.899 291.773 291.655 291.547 291.447 291.356 291.275 291.202
296.952 297.048 297.148 297.25 297.351 297.449 297.544 297.633 297.711 297.778 297.829 297.861 297.872 297.859 297.821 297.756 297.664 297.544 297.399 297.229 297.037 296.825 296.596 296.354 296.102 295.843 295.578 295.312 295.047 294.783 294.524 294.27 294.023 293.784 293.553 293.331 293.118 292.916 292.723 292.54 292.368 292.206 292.054 291.913 291.781 291.659 291.548 291.446 291.354 291.271 291.199
297.387 297.485 297.589 297.697 297.807 297.916 298.023 298.124 298.215 298.294 298.357 298.398 298.416 298.406 298.367 298.297 298.196 298.063 297.9 297.709 297.493 297.255 296.998 296.727 296.445 296.156 295.863 295.569 295.277 294.988 294.705 294.43 294.162 293.904 293.656 293.418 293.191 292.975 292.771 292.578 292.397 292.227 292.068 291.92 291.784 291.658 291.543 291.439 291.346 291.262 291.19
297.837 297.936 298.046 298.162 298.282 298.404 298.525 298.642 298.751 298.846 298.923 298.977 299.004 299 298.961 298.887 298.776 298.628 298.445 298.23 297.986 297.717 297.428 297.123 296.808 296.485 296.16 295.835 295.514 295.198 294.89 294.59 294.301 294.022 293.756 293.502 293.26 293.031 292.814 292.611 292.42 292.242 292.076 291.922 291.781 291.651 291.533 291.426 291.331 291.247 291.175
298.3 298.401 298.517 298.641 298.774 298.912 299.052 299.189 299.318 299.434 299.531 299.602 299.641 299.645 299.609 299.53 299.408 299.244 299.038 298.795 298.519 298.214 297.887 297.544 297.19 296.83 296.469 296.11 295.757 295.411 295.075 294.75 294.437 294.138 293.852 293.581 293.324 293.081 292.852 292.637 292.437 292.25 292.077 291.918 291.771 291.637 291.516 291.407 291.311 291.226 291.154
298.774 298.877 298.999 299.134 299.282 299.439 299.601 299.763 299.919 300.062 300.184 300.277 300.334 300.349 300.317 300.235 300.102 299.918 299.686 299.41 299.095 298.749 298.378 297.99 297.592 297.19 296.788 296.392 296.003 295.625 295.26 294.908 294.571 294.249 293.944 293.654 293.381 293.124 292.882 292.657 292.447 292.252 292.072 291.906 291.754 291.617 291.492 291.381 291.283 291.198 291.125
299.254 299.359 299.488 299.636 299.802 299.982 300.171 300.364 300.554 300.731 300.885 301.008 301.088 301.119 301.094 301.009 300.864 300.658 300.395 300.079 299.719 299.324 298.901 298.461 298.013 297.562 297.116 296.678 296.251 295.839 295.442 295.062 294.699 294.355 294.028 293.72 293.431 293.159 292.905 292.668 292.448 292.245 292.058 291.886 291.73 291.588 291.461 291.348 291.248 291.163 291.09
299.736 299.843 299.98 300.143 300.33 300.537 300.759 300.991 301.222 301.443 301.64 301.801 301.912 301.965 301.95 301.864 301.705 301.474 301.174 300.812 300.397 299.941 299.457 298.957 298.45 297.946 297.449 296.966 296.498 296.049 295.619 295.209 294.82 294.452 294.104 293.777 293.471 293.185 292.918 292.67 292.441 292.229 292.035 291.858 291.697 291.552 291.422 291.306 291.206 291.119 291.047
300.215 300.324 300.47 300.65 300.86 301.099 301.361 301.639 301.923 302.201 302.454 302.665 302.817 302.898 302.898 302.812 302.638 302.377 302.033 301.614 301.133 300.605 300.047 299.474 298.901 298.335 297.784 297.252 296.741 296.252 295.788 295.347 294.931 294.538 294.17 293.824 293.501 293.2 292.92 292.661 292.423 292.203 292.003 291.82 291.655 291.506 291.374 291.257 291.155 291.068 290.996
300.683 300.794 300.951 301.148 301.386 301.661 301.969 302.304 302.655 303.004 303.331 303.609 303.814 303.933 303.953 303.869 303.678 303.382 302.986 302.498 301.934 301.315 300.667 300.01 299.359 298.726 298.115 297.53 296.974 296.445 295.945 295.473 295.029 294.613 294.222 293.858 293.518 293.203 292.911 292.641 292.393 292.167 291.96 291.772 291.603 291.451 291.316 291.198 291.095 291.008 290.937
301.135 301.248 301.414 301.631 301.898 302.213 302.575 302.977 303.41 303.854 304.28 304.646 304.921 305.087 305.132 305.052 304.843 304.507 304.049 303.476 302.808 302.074 301.313 300.555 299.817 299.109 298.435 297.796 297.192 296.623 296.087 295.584 295.113 294.671 294.26 293.877 293.521 293.191 292.887 292.608 292.352 292.118 291.905 291.713 291.54 291.386 291.25 291.13 291.027 290.94 290.868
301.561 301.676 301.853 302.09 302.386 302.744 303.164 303.643 304.177 304.746 305.312 305.797 306.16 306.383 306.458 306.383 306.155 305.776 305.245 304.57 303.767 302.877 301.974 301.097 300.262 299.475 298.735 298.041 297.391 296.781 296.21 295.676 295.177 294.712 294.28 293.879 293.507 293.164 292.849 292.56 292.296 292.056 291.838 291.642 291.467 291.311 291.173 291.053 290.95 290.862 290.791
301.955 302.071 302.258 302.513 302.839 303.239 303.717 304.28 304.931 305.666 306.449 307.093 307.562 307.85 307.959 307.889 307.643 307.216 306.607 305.812 304.835 303.712 302.626 301.614 300.677 299.81 299.006 298.259 297.563 296.914 296.309 295.746 295.221 294.733 294.281 293.862 293.475 293.12 292.794 292.496 292.225 291.979 291.758 291.559 291.382 291.225 291.087 290.966 290.863 290.776 290.705
302.307 302.425 302.62 302.892 303.243 303.68 304.212 304.854 305.626 306.566 307.749 308.593 309.173 309.524 309.663 309.599 309.334 308.864 308.179 307.26 306.069 304.53 303.224 302.073 301.039 300.099 299.236 298.44 297.703 297.018 296.381 295.79 295.24 294.73 294.259 293.824 293.423 293.056 292.72 292.415 292.138 291.888 291.663 291.463 291.284 291.127 290.989 290.87 290.767 290.681 290.61
302.613 302.731 302.933 303.217 303.587 304.051 304.623 305.322 306.179 307.248 308.609 309.578 310.235 310.63 310.79 310.729 310.45 309.947 309.205 308.196 306.867 305.136 303.687 302.434 301.326 300.327 299.416 298.579 297.806 297.089 296.423 295.805 295.232 294.702 294.213 293.762 293.349 292.971 292.627 292.314 292.033 291.779 291.553 291.352 291.174 291.018 290.882 290.764 290.662 290.577 290.507
302.867 302.986 303.192 303.483 303.863 304.341 304.932 305.656 306.549 307.665 309.083 310.096 310.783 311.196 311.363 311.3 311.011 310.491 309.721 308.67 307.285 305.484 303.973 302.67 301.519 300.483 299.539 298.671 297.868 297.123 296.431 295.789 295.195 294.645 294.139 293.675 293.25 292.863 292.511 292.194 291.908 291.653 291.426 291.226 291.05 290.897 290.763 290.648 290.549 290.465 290.396
303.066 303.186 303.394 303.686 304.067 304.545 305.133 305.849 306.724 307.809 309.186 310.167 310.833 311.232 311.391 311.322 311.03 310.508 309.741 308.701 307.336 305.566 304.073 302.774 301.616 300.566 299.604 298.714 297.888 297.119 296.404 295.74 295.125 294.558 294.037 293.56 293.125 292.729 292.372 292.05 291.762 291.507 291.281 291.084 290.912 290.763 290.635 290.524 290.429 290.347 290.278
303.211 303.332 303.538 303.827 304.201 304.667 305.232 305.909 306.717 307.691 308.906 309.776 310.374 310.733 310.87 310.792 310.5 309.992 309.257 308.275 307.012 305.393 303.999 302.755 301.622 300.579 299.612 298.71 297.866 297.077 296.34 295.655 295.021 294.438 293.903 293.415 292.971 292.569 292.207 291.883 291.594 291.34 291.117 290.925 290.759 290.618 290.497 290.393 290.303 290.224 290.155
303.303 303.424 303.628 303.91 304.272 304.716 305.246 305.864 306.571 307.361 308.192 308.878 309.376 309.679 309.785 309.696 309.409 308.924 308.238 307.349 306.262 305.016 303.797 302.643 301.557 300.535 299.573 298.664 297.807 296.998 296.239 295.533 294.88 294.281 293.734 293.237 292.786 292.379 292.015 291.69 291.402 291.15 290.933 290.747 290.59 290.46 290.35 290.256 290.173 290.098 290.03
303.345 303.467 303.667 303.94 304.288 304.708 305.199 305.756 306.369 307.016 307.653 308.197 308.603 308.849 308.924 308.823 308.543 308.084 307.449 306.645 305.693 304.636 303.551 302.481 301.445 300.45 299.497 298.585 297.714 296.884 296.1 295.371 294.699 294.086 293.529 293.024 292.568 292.159 291.793 291.469 291.183 290.936 290.725 290.548 290.404 290.289 290.196 290.116 290.043 289.973 289.906
303.342 303.464 303.66 303.925 304.258 304.656 305.112 305.618 306.159 306.709 307.232 307.681 308.017 308.217 308.266 308.155 307.88 307.444 306.851 306.113 305.252 304.303 303.31 302.306 301.312 300.341 299.397 298.482 297.596 296.74 295.922 295.165 294.474 293.848 293.282 292.773 292.315 291.905 291.54 291.218 290.937 290.695 290.491 290.326 290.198 290.104 290.037 289.978 289.917 289.854 289.787
303.298 303.419 303.612 303.87 304.192 304.573 305.004 305.474 305.966 306.456 306.913 307.302 307.592 307.76 307.79 307.673 307.403 306.983 306.42 305.726 304.922 304.035 303.099 302.139 301.176 300.223 299.286 298.367 297.464 296.573 295.699 294.907 294.197 293.562 292.993 292.482 292.025 291.617 291.255 290.937 290.66 290.424 290.228 290.074 289.965 289.901 289.879 289.848 289.803 289.747 289.68
303.214 303.335 303.526 303.781 304.096 304.466 304.883 305.334 305.801 306.262 306.687 307.047 307.315 307.467 307.487 307.366 307.1 306.689 306.141 305.47 304.694 303.839 302.931 301.994 301.049 300.107 299.175 298.253 297.336 296.403 295.409 294.579 293.859 293.223 292.656 292.149 291.697 291.294 290.937 290.623 290.352 290.121 289.932 289.788 289.694 289.666 289.736 289.739 289.708 289.657 289.591
303.214 303.214 303.404 303.658 303.972 304.341 304.756 305.205 305.671 306.129 306.553 306.912 307.178 307.329 307.35 307.229 306.964 306.555 306.009 305.341 304.568 303.716 302.812 301.879 300.937 299.999 299.07 298.153 297.239 296.31 294.97 294.156 293.45 292.826 292.27 291.774 291.33 290.935 290.585 290.278 290.011 289.785 289.6 289.459 289.367 289.339 289.67 289.672 289.642 289.591 289.591
