296.156 296.156 296.24 296.316 296.382 296.44 296.488 296.528 296.558 296.58 296.593 296.597 296.593 296.581 296.561 296.533 296.498 296.455 296.405 296.349 296.286 296.218 296.144 296.065 295.981 295.892 295.8 295.704 295.605 295.504 295.4 295.294 295.187 295.079 294.971 294.862 294.753 294.645 294.537 294.431 294.326 294.222 294.121 294.021 293.924 293.829 293.736 293.647 293.56 293.475 293.475
296.156 296.248 296.333 296.409 296.476 296.533 296.582 296.622 296.652 296.674 296.687 296.692 296.688 296.675 296.655 296.627 296.592 296.549 296.499 296.442 296.379 296.311 296.236 296.157 296.073 295.984 295.891 295.795 295.696 295.594 295.49 295.384 295.276 295.168 295.059 294.949 294.84 294.731 294.623 294.517 294.411 294.307 294.205 294.105 294.007 293.912 293.819 293.729 293.642 293.557 293.475
296.265 296.358 296.443 296.519 296.586 296.644 296.693 296.733 296.763 296.785 296.798 296.803 296.798 296.786 296.765 296.737 296.701 296.657 296.607 296.55 296.487 296.417 296.342 296.262 296.177 296.087 295.994 295.897 295.797 295.694 295.589 295.482 295.374 295.264 295.155 295.044 294.934 294.825 294.716 294.609 294.502 294.398 294.295 294.195 294.096 294 293.907 293.817 293.729 293.644 293.561
296.39 296.483 296.569 296.646 296.713 296.771 296.82 296.86 296.89 296.912 296.925 296.929 296.924 296.911 296.89 296.861 296.824 296.78 296.729 296.671 296.607 296.536 296.46 296.379 296.292 296.202 296.107 296.009 295.907 295.803 295.697 295.589 295.479 295.369 295.257 295.146 295.035 294.924 294.814 294.706 294.598 294.493 294.389 294.288 294.189 294.093 293.999 293.907 293.819 293.734 293.651
296.531 296.625 296.711 296.788 296.856 296.914 296.963 297.003 297.033 297.055 297.067 297.071 297.065 297.052 297.03 297 296.962 296.917 296.865 296.805 296.739 296.668 296.59 296.507 296.419 296.327 296.23 296.13 296.027 295.921 295.813 295.703 295.592 295.48 295.367 295.254 295.141 295.029 294.918 294.808 294.699 294.593 294.488 294.386 294.286 294.188 294.094 294.002 293.913 293.827 293.744
296.688 296.783 296.869 296.947 297.014 297.073 297.122 297.161 297.192 297.213 297.225 297.228 297.222 297.207 297.184 297.153 297.114 297.068 297.014 296.953 296.885 296.812 296.732 296.647 296.557 296.463 296.364 296.262 296.156 296.048 295.938 295.826 295.713 295.598 295.483 295.368 295.254 295.14 295.027 294.915 294.805 294.697 294.591 294.487 294.386 294.288 294.192 294.1 294.01 293.924 293.84
296.861 296.957 297.044 297.121 297.19 297.248 297.297 297.337 297.367 297.387 297.398 297.401 297.394 297.378 297.354 297.322 297.281 297.233 297.177 297.114 297.044 296.968 296.886 296.799 296.706 296.609 296.508 296.403 296.295 296.184 296.071 295.957 295.841 295.724 295.606 295.489 295.372 295.256 295.141 295.027 294.915 294.805 294.698 294.593 294.49 294.391 294.294 294.201 294.111 294.024 293.94
297.05 297.147 297.234 297.313 297.381 297.44 297.489 297.528 297.558 297.578 297.588 297.589 297.582 297.565 297.539 297.505 297.462 297.412 297.354 297.289 297.216 297.138 297.053 296.963 296.867 296.767 296.663 296.555 296.443 296.33 296.213 296.095 295.976 295.856 295.736 295.616 295.496 295.378 295.26 295.144 295.03 294.918 294.809 294.702 294.598 294.497 294.399 294.305 294.214 294.126 294.042
297.256 297.353 297.442 297.52 297.589 297.648 297.697 297.736 297.765 297.784 297.794 297.794 297.785 297.767 297.739 297.703 297.659 297.606 297.545 297.477 297.402 297.32 297.232 297.138 297.039 296.936 296.828 296.716 296.601 296.483 296.364 296.242 296.12 295.996 295.872 295.749 295.626 295.504 295.384 295.265 295.149 295.035 294.923 294.815 294.709 294.607 294.508 294.412 294.32 294.232 294.147
297.479 297.577 297.666 297.745 297.814 297.873 297.922 297.96 297.989 298.008 298.017 298.015 298.005 297.985 297.955 297.917 297.87 297.814 297.751 297.679 297.601 297.516 297.424 297.326 297.223 297.115 297.003 296.887 296.768 296.646 296.522 296.397 296.27 296.143 296.015 295.888 295.762 295.637 295.513 295.391 295.272 295.155 295.041 294.931 294.823 294.719 294.619 294.522 294.429 294.34 294.255
297.718 297.817 297.907 297.986 298.056 298.115 298.164 298.202 298.23 298.248 298.256 298.253 298.241 298.219 298.187 298.146 298.096 298.038 297.971 297.896 297.814 297.724 297.628 297.526 297.419 297.306 297.19 297.069 296.945 296.818 296.69 296.559 296.428 296.296 296.164 296.033 295.903 295.774 295.647 295.522 295.399 295.279 295.163 295.05 294.94 294.834 294.732 294.635 294.541 294.451 294.366
297.974 298.074 298.165 298.245 298.315 298.374 298.423 298.461 298.488 298.505 298.512 298.508 298.494 298.469 298.435 298.392 298.339 298.277 298.206 298.127 298.04 297.946 297.846 297.739 297.626 297.509 297.386 297.26 297.131 296.999 296.865 296.729 296.593 296.456 296.32 296.184 296.049 295.916 295.785 295.656 295.53 295.407 295.288 295.172 295.06 294.952 294.849 294.749 294.654 294.564 294.478
298.248 298.349 298.44 298.521 298.592 298.651 298.699 298.737 298.764 298.78 298.785 298.779 298.763 298.737 298.7 298.653 298.597 298.531 298.456 298.373 298.281 298.182 298.076 297.964 297.846 297.722 297.594 297.462 297.327 297.189 297.049 296.907 296.765 296.623 296.481 296.34 296.2 296.062 295.927 295.794 295.664 295.538 295.415 295.297 295.182 295.072 294.967 294.866 294.77 294.679 294.592
298.539 298.641 298.734 298.815 298.886 298.945 298.994 299.031 299.057 299.072 299.076 299.069 299.051 299.021 298.982 298.931 298.871 298.801 298.722 298.633 298.537 298.432 298.32 298.202 298.077 297.947 297.812 297.674 297.532 297.387 297.241 297.093 296.944 296.796 296.648 296.501 296.356 296.213 296.073 295.935 295.802 295.671 295.545 295.424 295.307 295.194 295.087 294.984 294.887 294.795 294.708
298.848 298.951 299.045 299.127 299.198 299.258 299.307 299.344 299.369 299.383 299.385 299.376 299.356 299.324 299.281 299.227 299.162 299.088 299.003 298.91 298.807 298.696 298.578 298.452 298.321 298.184 298.042 297.896 297.746 297.594 297.441 297.286 297.13 296.975 296.821 296.668 296.517 296.368 296.222 296.08 295.942 295.808 295.678 295.553 295.432 295.318 295.208 295.104 295.005 294.912 294.825
299.175 299.279 299.374 299.457 299.529 299.589 299.638 299.674 299.699 299.712 299.713 299.702 299.679 299.644 299.598 299.54 299.471 299.391 299.301 299.202 299.092 298.975 298.849 298.716 298.577 298.432 298.282 298.128 297.97 297.81 297.649 297.486 297.323 297.16 296.999 296.839 296.681 296.527 296.375 296.228 296.084 295.946 295.812 295.683 295.56 295.442 295.33 295.224 295.124 295.031 294.943
299.52 299.626 299.722 299.806 299.878 299.939 299.988 300.024 300.048 300.06 300.06 300.047 300.021 299.983 299.933 299.871 299.797 299.712 299.616 299.51 299.394 299.268 299.135 298.994 298.846 298.692 298.533 298.37 298.204 298.035 297.864 297.693 297.522 297.351 297.182 297.015 296.85 296.689 296.531 296.378 296.229 296.086 295.947 295.815 295.688 295.567 295.453 295.345 295.244 295.149 295.061
299.883 299.991 300.088 300.173 300.247 300.308 300.357 300.393 300.417 300.428 300.426 300.411 300.383 300.342 300.288 300.221 300.142 300.051 299.948 299.835 299.711 299.577 299.435 299.285 299.128 298.964 298.796 298.623 298.447 298.268 298.088 297.907 297.727 297.547 297.37 297.194 297.022 296.854 296.689 296.53 296.376 296.227 296.084 295.947 295.817 295.693 295.576 295.466 295.363 295.267 295.179
300.266 300.375 300.473 300.56 300.634 300.696 300.745 300.782 300.805 300.815 300.812 300.795 300.764 300.72 300.662 300.59 300.506 300.408 300.299 300.177 300.045 299.902 299.75 299.59 299.423 299.249 299.069 298.886 298.699 298.509 298.319 298.128 297.938 297.749 297.562 297.378 297.197 297.021 296.85 296.683 296.523 296.368 296.22 296.079 295.945 295.818 295.698 295.586 295.482 295.385 295.296
300.667 300.777 300.877 300.965 301.041 301.104 301.154 301.191 301.214 301.224 301.219 301.2 301.167 301.119 301.057 300.98 300.889 300.785 300.667 300.538 300.396 300.243 300.081 299.91 299.731 299.545 299.354 299.159 298.96 298.759 298.557 298.355 298.154 297.955 297.758 297.564 297.375 297.191 297.011 296.838 296.671 296.51 296.357 296.211 296.073 295.942 295.82 295.705 295.599 295.501 295.412
301.087 301.199 301.301 301.39 301.467 301.531 301.582 301.62 301.644 301.653 301.647 301.627 301.591 301.54 301.473 301.391 301.294 301.182 301.056 300.917 300.765 300.601 300.427 300.244 300.053 299.854 299.65 299.442 299.23 299.017 298.802 298.588 298.375 298.165 297.957 297.754 297.555 297.361 297.174 296.993 296.819 296.652 296.493 296.342 296.199 296.065 295.94 295.823 295.715 295.616 295.526
301.526 301.64 301.744 301.835 301.914 301.979 302.032 302.07 302.095 302.104 302.098 302.076 302.038 301.983 301.912 301.824 301.72 301.6 301.465 301.315 301.152 300.977 300.79 300.594 300.389 300.176 299.958 299.735 299.51 299.282 299.054 298.827 298.601 298.379 298.16 297.945 297.736 297.533 297.337 297.147 296.966 296.792 296.627 296.471 296.324 296.186 296.057 295.938 295.828 295.728 295.637
301.985 302.1 302.206 302.299 302.38 302.448 302.502 302.542 302.568 302.578 302.571 302.548 302.508 302.45 302.374 302.28 302.169 302.041 301.896 301.735 301.56 301.371 301.17 300.959 300.739 300.511 300.277 300.039 299.798 299.555 299.312 299.071 298.832 298.596 298.364 298.138 297.918 297.705 297.499 297.301 297.112 296.931 296.76 296.598 296.446 296.304 296.172 296.05 295.938 295.837 295.746
302.462 302.58 302.687 302.783 302.866 302.937 302.994 303.036 303.064 303.075 303.069 303.045 303.003 302.942 302.861 302.762 302.642 302.505 302.349 302.176 301.987 301.784 301.568 301.34 301.103 300.858 300.607 300.352 300.094 299.835 299.576 299.319 299.065 298.815 298.57 298.332 298.1 297.876 297.66 297.453 297.255 297.067 296.889 296.721 296.564 296.418 296.282 296.158 296.044 295.942 295.85
302.958 303.078 303.187 303.286 303.373 303.446 303.507 303.553 303.583 303.596 303.591 303.568 303.524 303.46 303.375 303.269 303.142 302.994 302.826 302.64 302.436 302.217 301.984 301.738 301.483 301.219 300.949 300.675 300.399 300.121 299.845 299.571 299.301 299.036 298.777 298.525 298.281 298.045 297.819 297.602 297.395 297.199 297.015 296.841 296.678 296.528 296.389 296.261 296.146 296.042 295.95
303.472 303.594 303.706 303.808 303.899 303.977 304.042 304.092 304.126 304.142 304.14 304.117 304.073 304.007 303.917 303.805 303.669 303.51 303.33 303.129 302.908 302.671 302.419 302.153 301.877 301.593 301.302 301.007 300.711 300.414 300.119 299.827 299.54 299.258 298.984 298.717 298.46 298.212 297.974 297.748 297.532 297.328 297.136 296.955 296.788 296.632 296.49 296.36 296.242 296.137 296.045
304.004 304.128 304.243 304.349 304.444 304.528 304.598 304.654 304.693 304.715 304.716 304.695 304.652 304.584 304.49 304.371 304.226 304.055 303.861 303.643 303.405 303.147 302.874 302.586 302.287 301.98 301.666 301.349 301.03 300.712 300.396 300.085 299.779 299.48 299.189 298.908 298.636 298.376 298.126 297.889 297.663 297.451 297.251 297.064 296.891 296.731 296.584 296.451 296.332 296.226 296.133
304.552 304.678 304.797 304.908 305.009 305.099 305.177 305.24 305.286 305.314 305.321 305.304 305.262 305.193 305.096 304.97 304.815 304.632 304.422 304.186 303.927 303.647 303.35 303.037 302.713 302.38 302.041 301.698 301.355 301.014 300.676 300.343 300.018 299.7 299.392 299.095 298.809 298.534 298.273 298.024 297.789 297.567 297.36 297.167 296.987 296.823 296.672 296.536 296.415 296.308 296.215
305.116 305.244 305.367 305.483 305.591 305.69 305.776 305.849 305.905 305.942 305.956 305.945 305.906 305.837 305.737 305.605 305.44 305.243 305.015 304.759 304.477 304.172 303.848 303.507 303.154 302.793 302.426 302.056 301.686 301.32 300.958 300.602 300.255 299.918 299.592 299.277 298.976 298.687 298.413 298.153 297.907 297.677 297.461 297.261 297.076 296.906 296.752 296.613 296.49 296.381 296.288
305.693 305.824 305.951 306.074 306.191 306.299 306.398 306.483 306.551 306.599 306.624 306.621 306.587 306.521 306.418 306.279 306.104 305.891 305.645 305.365 305.057 304.724 304.369 303.997 303.612 303.218 302.82 302.42 302.022 301.627 301.239 300.86 300.49 300.132 299.786 299.454 299.136 298.833 298.545 298.273 298.017 297.777 297.554 297.347 297.156 296.981 296.823 296.681 296.556 296.446 296.353
306.282 306.415 306.548 306.678 306.805 306.927 307.039 307.14 307.224 307.288 307.326 307.335 307.309 307.246 307.143 306.998 306.811 306.582 306.313 306.008 305.67 305.303 304.914 304.506 304.085 303.656 303.223 302.79 302.36 301.935 301.519 301.114 300.72 300.34 299.974 299.623 299.288 298.97 298.669 298.385 298.118 297.868 297.637 297.422 297.226 297.046 296.884 296.74 296.612 296.501 296.408
306.879 307.014 307.153 307.293 307.433 307.57 307.7 307.82 307.925 308.008 308.065 308.09 308.076 308.02 307.917 307.766 307.567 307.319 307.026 306.691 306.318 305.914 305.484 305.035 304.574 304.105 303.633 303.163 302.699 302.242 301.796 301.363 300.944 300.54 300.153 299.783 299.431 299.097 298.782 298.485 298.207 297.948 297.709 297.487 297.285 297.101 296.935 296.787 296.658 296.546 296.452
307.482 307.619 307.765 307.916 308.071 308.226 308.378 308.523 308.653 308.763 308.845 308.89 308.892 308.846 308.746 308.591 308.378 308.11 307.788 307.417 307.004 306.556 306.08 305.585 305.077 304.563 304.048 303.538 303.036 302.545 302.067 301.605 301.159 300.731 300.322 299.932 299.562 299.212 298.882 298.573 298.285 298.016 297.768 297.54 297.332 297.143 296.973 296.823 296.692 296.579 296.485
308.085 308.225 308.378 308.542 308.715 308.893 309.072 309.247 309.41 309.553 309.667 309.74 309.765 309.733 309.639 309.479 309.252 308.96 308.605 308.194 307.734 307.233 306.704 306.154 305.593 305.028 304.467 303.912 303.37 302.841 302.33 301.836 301.363 300.91 300.478 300.067 299.679 299.313 298.969 298.648 298.348 298.07 297.814 297.579 297.365 297.172 296.999 296.846 296.713 296.6 296.506
308.684 308.827 308.988 309.167 309.36 309.565 309.777 309.99 310.195 310.381 310.536 310.647 310.701 310.689 310.604 310.442 310.2 309.88 309.487 309.026 308.509 307.947 307.354 306.741 306.119 305.498 304.884 304.282 303.696 303.128 302.581 302.055 301.553 301.074 300.618 300.187 299.781 299.399 299.04 298.706 298.396 298.109 297.845 297.604 297.385 297.187 297.011 296.856 296.722 296.607 296.513
309.273 309.418 309.589 309.784 310.001 310.237 310.489 310.748 311.005 311.246 311.456 311.616 311.711 311.726 311.655 311.49 311.232 310.881 310.442 309.923 309.337 308.7 308.03 307.343 306.652 305.968 305.296 304.643 304.01 303.401 302.817 302.258 301.726 301.221 300.742 300.29 299.865 299.466 299.094 298.748 298.427 298.132 297.86 297.613 297.389 297.188 297.009 296.852 296.716 296.601 296.507
309.844 309.992 310.173 310.386 310.63 310.902 311.2 311.515 311.837 312.151 312.434 312.659 312.806 312.858 312.805 312.641 312.364 311.977 311.483 310.893 310.223 309.494 308.731 307.956 307.186 306.431 305.697 304.989 304.308 303.656 303.034 302.442 301.88 301.347 300.845 300.372 299.929 299.515 299.129 298.771 298.44 298.136 297.858 297.605 297.377 297.172 296.991 296.832 296.695 296.58 296.486
310.39 310.54 310.732 310.964 311.237 311.55 311.9 312.282 312.686 313.094 313.475 313.788 314.003 314.101 314.072 313.91 313.615 313.186 312.628 311.952 311.175 310.328 309.45 308.572 307.712 306.88 306.08 305.315 304.584 303.889 303.228 302.602 302.01 301.451 300.925 300.432 299.971 299.541 299.142 298.772 298.432 298.121 297.837 297.579 297.347 297.14 296.957 296.797 296.659 296.543 296.45
310.903 311.055 311.257 311.509 311.812 312.167 312.575 313.034 313.538 314.071 314.591 315.023 315.325 315.48 315.479 315.321 315.005 314.53 313.899 313.118 312.204 311.199 310.176 309.177 308.218 307.303 306.435 305.612 304.832 304.093 303.394 302.735 302.113 301.528 300.979 300.466 299.987 299.543 299.131 298.751 298.403 298.084 297.795 297.534 297.299 297.09 296.906 296.745 296.607 296.492 296.398
311.374 311.527 311.739 312.01 312.342 312.739 313.205 313.748 314.369 315.067 315.803 316.394 316.801 317.02 317.051 316.898 316.561 316.038 315.327 314.423 313.333 312.093 310.886 309.749 308.685 307.688 306.753 305.873 305.045 304.264 303.529 302.836 302.186 301.575 301.004 300.472 299.977 299.518 299.095 298.706 298.35 298.025 297.732 297.468 297.231 297.022 296.837 296.676 296.539 296.424 296.331
311.795 311.95 312.17 312.457 312.814 313.248 313.768 314.389 315.132 316.033 317.167 317.956 318.474 318.754 318.815 318.666 318.31 317.742 316.953 315.923 314.618 312.962 311.533 310.255 309.091 308.018 307.021 306.09 305.217 304.397 303.626 302.903 302.224 301.59 300.998 300.447 299.936 299.464 299.03 298.633 298.271 297.942 297.646 297.38 297.143 296.934 296.75 296.591 296.455 296.34 296.247
312.159 312.315 312.542 312.841 313.217 313.678 314.237 314.915 315.743 316.772 318.083 318.996 319.59 319.914 319.996 319.849 319.476 318.874 318.027 316.905 315.461 313.611 312.037 310.654 309.412 308.278 307.23 306.255 305.342 304.487 303.684 302.931 302.226 301.568 300.956 300.388 299.863 299.379 298.936 298.532 298.164 297.833 297.535 297.269 297.034 296.827 296.646 296.489 296.355 296.241 296.149
312.461 312.619 312.85 313.156 313.541 314.016 314.594 315.298 316.161 317.237 318.604 319.561 320.184 320.525 320.613 320.463 320.08 319.459 318.582 317.418 315.914 313.993 312.355 310.92 309.633 308.458 307.374 306.363 305.418 304.53 303.697 302.917 302.187 301.508 300.876 300.292 299.754 299.26 298.809 298.399 298.028 297.695 297.398 297.135 296.903 296.7 296.523 296.37 296.239 296.128 296.036
312.698 312.857 313.09 313.397 313.784 314.259 314.833 315.528 316.373 317.418 318.743 319.667 320.268 320.595 320.674 320.517 320.13 319.506 318.631 317.476 315.992 314.1 312.477 311.043 309.747 308.556 307.45 306.414 305.441 304.526 303.665 302.859 302.105 301.405 300.756 300.157 299.608 299.105 298.647 298.233 297.861 297.528 297.234 296.975 296.749 296.552 296.383 296.236 296.11 296.001 295.909
312.871 313.03 313.262 313.566 313.946 314.408 314.96 315.615 316.392 317.326 318.489 319.302 319.835 320.121 320.177 320.01 319.623 319.012 318.167 317.07 315.687 313.943 312.418 311.036 309.763 308.576 307.461 306.409 305.414 304.473 303.586 302.754 301.977 301.257 300.591 299.98 299.42 298.91 298.448 298.032 297.66 297.33 297.04 296.788 296.57 296.384 296.225 296.088 295.968 295.863 295.772
312.979 313.139 313.368 313.666 314.033 314.474 314.99 315.586 316.262 317.012 317.794 318.422 318.855 319.084 319.109 318.93 318.547 317.959 317.163 316.157 314.947 313.574 312.221 310.928 309.699 308.53 307.417 306.354 305.339 304.373 303.458 302.599 301.799 301.06 300.379 299.757 299.189 298.674 298.209 297.793 297.423 297.097 296.814 296.572 296.367 296.196 296.051 295.927 295.817 295.718 295.627
313.028 313.188 313.413 313.702 314.055 314.471 314.949 315.483 316.065 316.672 317.259 317.746 318.086 318.258 318.251 318.06 317.684 317.121 316.375 315.454 314.379 313.192 311.972 310.762 309.581 308.436 307.328 306.257 305.223 304.228 303.28 302.391 301.567 300.809 300.116 299.485 298.911 298.393 297.928 297.513 297.147 296.827 296.553 296.324 296.136 295.985 295.864 295.758 295.662 295.569 295.479
313.02 313.18 313.401 313.682 314.021 314.414 314.857 315.34 315.849 316.359 316.833 317.223 317.493 317.619 317.585 317.384 317.013 316.472 315.768 314.913 313.929 312.85 311.72 310.575 309.434 308.311 307.208 306.129 305.073 304.043 303.05 302.124 301.275 300.501 299.797 299.16 298.584 298.066 297.603 297.191 296.83 296.518 296.254 296.04 295.874 295.752 295.665 295.587 295.508 295.424 295.334
312.959 313.119 313.337 313.611 313.939 314.315 314.732 315.179 315.64 316.089 316.496 316.827 317.051 317.145 317.093 316.885 316.518 315.994 315.32 314.508 313.58 312.564 311.491 310.389 309.278 308.17 307.072 305.985 304.905 303.827 302.76 301.787 300.913 300.127 299.419 298.78 298.206 297.69 297.231 296.824 296.469 296.165 295.913 295.714 295.572 295.491 295.462 295.423 295.364 295.289 295.2
312.849 313.008 313.224 313.494 313.814 314.181 314.584 315.012 315.448 315.867 316.243 316.546 316.747 316.824 316.762 316.552 316.188 315.674 315.015 314.226 313.327 312.342 311.297 310.218 309.124 308.027 306.933 305.84 304.739 303.606 302.381 301.359 300.469 299.681 298.976 298.342 297.774 297.265 296.811 296.411 296.063 295.766 295.523 295.336 295.216 295.181 295.277 295.283 295.242 295.175 295.086
312.849 312.849 313.064 313.332 313.652 314.017 314.419 314.845 315.279 315.697 316.071 316.372 316.572 316.65 316.588 316.378 316.016 315.504 314.848 314.062 313.166 312.185 311.145 310.07 308.98 307.887 306.797 305.709 304.613 303.484 301.805 300.803 299.931 299.158 298.466 297.845 297.288 296.789 296.344 295.952 295.611 295.32 295.081 294.898 294.781 294.746 295.188 295.194 295.154 295.086 295.086
