294.718 294.718 294.798 294.874 294.945 295.011 295.073 295.131 295.184 295.233 295.277 295.317 295.353 295.384 295.411 295.434 295.452 295.467 295.478 295.484 295.487 295.486 295.481 295.472 295.46 295.444 295.424 295.402 295.375 295.346 295.313 295.278 295.239 295.197 295.152 295.105 295.054 295.001 294.946 294.887 294.826 294.763 294.697 294.629 294.558 294.485 294.41 294.332 294.253 294.171 294.171
294.718 294.805 294.885 294.961 295.033 295.099 295.162 295.219 295.273 295.322 295.366 295.406 295.442 295.473 295.501 295.523 295.542 295.557 295.568 295.574 295.577 295.576 295.571 295.562 295.549 295.534 295.514 295.491 295.465 295.435 295.403 295.367 295.328 295.286 295.241 295.193 295.143 295.089 295.033 294.975 294.914 294.85 294.784 294.715 294.645 294.571 294.496 294.418 294.338 294.255 294.171
294.798 294.886 294.967 295.043 295.115 295.182 295.244 295.302 295.356 295.405 295.449 295.49 295.525 295.557 295.584 295.607 295.626 295.641 295.651 295.658 295.66 295.659 295.654 295.645 295.633 295.617 295.597 295.574 295.548 295.518 295.485 295.449 295.41 295.368 295.323 295.275 295.224 295.171 295.114 295.056 294.994 294.93 294.864 294.795 294.724 294.65 294.575 294.496 294.416 294.333 294.248
294.875 294.963 295.044 295.12 295.192 295.26 295.322 295.381 295.434 295.483 295.528 295.568 295.604 295.636 295.663 295.686 295.705 295.72 295.73 295.737 295.739 295.738 295.733 295.724 295.711 295.695 295.675 295.652 295.626 295.596 295.562 295.526 295.487 295.444 295.399 295.351 295.3 295.246 295.19 295.131 295.069 295.005 294.938 294.869 294.798 294.724 294.648 294.569 294.489 294.406 294.32
294.948 295.035 295.117 295.194 295.266 295.333 295.396 295.455 295.508 295.558 295.603 295.643 295.679 295.71 295.738 295.761 295.779 295.794 295.804 295.811 295.813 295.812 295.807 295.797 295.785 295.768 295.748 295.725 295.698 295.668 295.635 295.598 295.558 295.516 295.47 295.422 295.371 295.317 295.26 295.201 295.139 295.074 295.007 294.938 294.866 294.792 294.716 294.637 294.556 294.473 294.387
295.016 295.104 295.186 295.263 295.335 295.403 295.466 295.525 295.578 295.628 295.673 295.713 295.749 295.78 295.808 295.831 295.849 295.864 295.874 295.88 295.883 295.881 295.875 295.866 295.853 295.837 295.816 295.793 295.766 295.735 295.702 295.665 295.625 295.582 295.536 295.487 295.436 295.381 295.324 295.265 295.203 295.138 295.071 295.001 294.929 294.855 294.778 294.699 294.618 294.534 294.448
295.081 295.169 295.251 295.328 295.401 295.468 295.532 295.59 295.644 295.693 295.738 295.779 295.815 295.846 295.873 295.896 295.915 295.929 295.939 295.945 295.947 295.945 295.94 295.93 295.917 295.9 295.879 295.855 295.828 295.797 295.763 295.726 295.686 295.643 295.597 295.547 295.496 295.441 295.384 295.324 295.261 295.196 295.129 295.059 294.987 294.912 294.835 294.756 294.674 294.59 294.504
295.141 295.23 295.312 295.389 295.462 295.53 295.593 295.652 295.706 295.755 295.8 295.84 295.876 295.907 295.934 295.957 295.975 295.989 295.999 296.005 296.007 296.005 295.999 295.989 295.975 295.958 295.937 295.913 295.885 295.854 295.82 295.782 295.742 295.698 295.652 295.602 295.55 295.495 295.437 295.377 295.314 295.249 295.181 295.111 295.038 294.963 294.886 294.807 294.725 294.641 294.555
295.197 295.286 295.368 295.446 295.519 295.587 295.65 295.709 295.763 295.812 295.857 295.897 295.933 295.964 295.991 296.013 296.031 296.045 296.055 296.06 296.062 296.06 296.053 296.043 296.029 296.011 295.99 295.965 295.937 295.906 295.871 295.833 295.792 295.748 295.701 295.651 295.599 295.544 295.486 295.425 295.362 295.296 295.228 295.158 295.085 295.01 294.932 294.852 294.77 294.686 294.6
295.25 295.339 295.421 295.499 295.572 295.64 295.703 295.762 295.816 295.865 295.91 295.95 295.985 296.016 296.043 296.065 296.083 296.097 296.106 296.111 296.112 296.109 296.103 296.092 296.078 296.06 296.038 296.013 295.984 295.952 295.917 295.879 295.837 295.793 295.746 295.695 295.642 295.587 295.528 295.467 295.404 295.338 295.269 295.199 295.125 295.05 294.972 294.892 294.81 294.726 294.639
295.298 295.387 295.47 295.548 295.62 295.689 295.752 295.811 295.864 295.914 295.958 295.998 296.033 296.064 296.091 296.112 296.13 296.143 296.152 296.157 296.158 296.154 296.147 296.136 296.121 296.103 296.081 296.055 296.026 295.993 295.958 295.919 295.877 295.832 295.784 295.734 295.68 295.624 295.565 295.504 295.44 295.374 295.305 295.234 295.161 295.085 295.007 294.927 294.844 294.76 294.673
295.342 295.431 295.514 295.592 295.665 295.733 295.797 295.855 295.909 295.958 296.002 296.042 296.077 296.108 296.134 296.155 296.172 296.185 296.194 296.198 296.198 296.195 296.187 296.175 296.16 296.141 296.118 296.092 296.062 296.029 295.993 295.954 295.911 295.866 295.818 295.766 295.713 295.656 295.597 295.535 295.471 295.404 295.335 295.264 295.19 295.114 295.036 294.956 294.873 294.788 294.702
295.382 295.472 295.555 295.633 295.706 295.774 295.837 295.895 295.949 295.998 296.042 296.082 296.116 296.147 296.172 296.193 296.21 296.223 296.231 296.235 296.234 296.23 296.222 296.209 296.194 296.174 296.151 296.124 296.094 296.06 296.023 295.983 295.94 295.894 295.845 295.794 295.739 295.682 295.623 295.56 295.496 295.429 295.359 295.288 295.214 295.137 295.059 294.979 294.896 294.811 294.724
295.418 295.508 295.591 295.669 295.742 295.81 295.873 295.932 295.985 296.034 296.078 296.117 296.151 296.181 296.206 296.227 296.243 296.255 296.263 296.266 296.265 296.26 296.251 296.239 296.222 296.202 296.178 296.15 296.119 296.085 296.048 296.007 295.964 295.917 295.868 295.815 295.76 295.703 295.643 295.58 295.515 295.447 295.378 295.306 295.231 295.155 295.076 294.996 294.913 294.828 294.741
295.45 295.54 295.623 295.701 295.774 295.842 295.905 295.963 296.017 296.065 296.109 296.148 296.182 296.211 296.236 296.256 296.272 296.283 296.29 296.293 296.291 296.286 296.276 296.263 296.245 296.224 296.2 296.172 296.14 296.105 296.067 296.026 295.981 295.934 295.884 295.831 295.776 295.718 295.657 295.594 295.528 295.46 295.39 295.318 295.243 295.167 295.088 295.007 294.924 294.839 294.752
295.478 295.568 295.651 295.729 295.802 295.87 295.933 295.991 296.044 296.092 296.136 296.174 296.208 296.237 296.261 296.281 296.296 296.306 296.313 296.315 296.313 296.306 296.296 296.282 296.264 296.242 296.216 296.187 296.155 296.119 296.081 296.039 295.993 295.946 295.895 295.841 295.785 295.726 295.665 295.602 295.536 295.467 295.397 295.324 295.249 295.172 295.094 295.012 294.929 294.844 294.757
295.502 295.592 295.675 295.753 295.826 295.894 295.957 296.015 296.067 296.115 296.158 296.196 296.229 296.258 296.281 296.301 296.315 296.325 296.331 296.332 296.329 296.322 296.311 296.296 296.277 296.254 296.228 296.198 296.165 296.128 296.089 296.046 296 295.951 295.9 295.846 295.789 295.729 295.668 295.604 295.537 295.468 295.398 295.325 295.249 295.172 295.093 295.012 294.929 294.844 294.757
295.522 295.612 295.695 295.773 295.846 295.914 295.976 296.034 296.086 296.134 296.176 296.214 296.246 296.274 296.297 296.316 296.33 296.339 296.344 296.344 296.341 296.333 296.321 296.305 296.285 296.261 296.234 296.203 296.169 296.132 296.091 296.047 296.001 295.951 295.899 295.844 295.786 295.727 295.664 295.599 295.533 295.463 295.392 295.319 295.243 295.166 295.087 295.005 294.922 294.837 294.75
295.538 295.628 295.711 295.789 295.862 295.929 295.992 296.049 296.101 296.148 296.19 296.227 296.259 296.286 296.309 296.327 296.34 296.348 296.352 296.352 296.347 296.338 296.325 296.308 296.287 296.263 296.235 296.203 296.168 296.129 296.088 296.043 295.996 295.945 295.892 295.836 295.778 295.718 295.655 295.589 295.522 295.452 295.38 295.307 295.231 295.153 295.074 294.992 294.909 294.824 294.737
295.55 295.64 295.723 295.801 295.873 295.941 296.003 296.06 296.111 296.158 296.199 296.236 296.267 296.294 296.316 296.333 296.345 296.353 296.356 296.354 296.349 296.339 296.325 296.307 296.285 296.259 296.23 296.197 296.161 296.121 296.079 296.033 295.985 295.933 295.879 295.823 295.764 295.702 295.639 295.573 295.505 295.435 295.363 295.288 295.212 295.135 295.055 294.973 294.89 294.805 294.718
295.558 295.648 295.731 295.809 295.881 295.948 296.01 296.066 296.118 296.164 296.205 296.241 296.271 296.297 296.318 296.334 296.346 296.352 296.355 296.352 296.345 296.334 296.319 296.3 296.277 296.25 296.22 296.186 296.148 296.108 296.064 296.017 295.968 295.915 295.861 295.803 295.743 295.681 295.617 295.55 295.482 295.411 295.338 295.264 295.188 295.109 295.03 294.948 294.865 294.78 294.693
295.561 295.652 295.735 295.812 295.885 295.951 296.013 296.069 296.12 296.165 296.206 296.241 296.271 296.296 296.316 296.331 296.342 296.347 296.349 296.345 296.337 296.325 296.309 296.288 296.264 296.236 296.204 296.169 296.13 296.088 296.043 295.996 295.945 295.891 295.836 295.777 295.716 295.653 295.588 295.521 295.452 295.381 295.308 295.233 295.156 295.078 294.998 294.916 294.833 294.748 294.661
295.561 295.652 295.735 295.812 295.884 295.951 296.012 296.067 296.118 296.163 296.202 296.237 296.266 296.291 296.31 296.324 296.333 296.338 296.338 296.333 296.324 296.311 296.293 296.271 296.245 296.216 296.183 296.146 296.106 296.063 296.017 295.968 295.916 295.861 295.804 295.745 295.683 295.619 295.553 295.485 295.416 295.344 295.27 295.195 295.118 295.04 294.96 294.878 294.794 294.71 294.623
295.558 295.648 295.731 295.808 295.88 295.946 296.007 296.062 296.112 296.156 296.195 296.229 296.257 296.281 296.299 296.312 296.32 296.324 296.322 296.316 296.306 296.291 296.272 296.249 296.222 296.191 296.156 296.118 296.077 296.032 295.984 295.934 295.881 295.825 295.767 295.706 295.644 295.579 295.512 295.443 295.373 295.301 295.227 295.151 295.074 294.995 294.915 294.833 294.75 294.665 294.578
295.55 295.64 295.723 295.8 295.871 295.937 295.997 296.052 296.101 296.145 296.183 296.216 296.244 296.266 296.283 296.296 296.303 296.305 296.302 296.295 296.283 296.267 296.246 296.221 296.193 296.16 296.124 296.084 296.041 295.995 295.946 295.894 295.839 295.782 295.723 295.661 295.597 295.532 295.464 295.395 295.323 295.251 295.176 295.1 295.023 294.944 294.863 294.781 294.698 294.613 294.527
295.538 295.628 295.711 295.788 295.859 295.925 295.984 296.038 296.087 296.13 296.168 296.2 296.226 296.248 296.264 296.275 296.28 296.281 296.277 296.268 296.255 296.237 296.215 296.188 296.158 296.124 296.086 296.045 296 295.952 295.901 295.848 295.792 295.733 295.672 295.609 295.545 295.478 295.409 295.339 295.267 295.194 295.119 295.042 294.965 294.885 294.805 294.723 294.64 294.555 294.469
295.523 295.613 295.695 295.772 295.843 295.908 295.967 296.021 296.069 296.111 296.148 296.179 296.205 296.225 296.24 296.249 296.254 296.253 296.248 296.237 296.222 296.203 296.179 296.15 296.118 296.082 296.042 295.999 295.953 295.903 295.85 295.795 295.738 295.678 295.615 295.551 295.485 295.417 295.347 295.276 295.204 295.13 295.054 294.978 294.9 294.82 294.74 294.658 294.575 294.49 294.405
295.504 295.594 295.676 295.753 295.823 295.888 295.946 295.999 296.047 296.088 296.124 296.154 296.179 296.198 296.211 296.22 296.223 296.221 296.214 296.201 296.185 296.163 296.137 296.107 296.073 296.035 295.993 295.948 295.899 295.848 295.793 295.736 295.677 295.615 295.551 295.486 295.418 295.349 295.279 295.207 295.133 295.059 294.983 294.906 294.827 294.748 294.667 294.585 294.502 294.418 294.333
295.481 295.571 295.653 295.729 295.799 295.864 295.922 295.974 296.021 296.061 296.096 296.125 296.149 296.167 296.179 296.186 296.187 296.184 296.175 296.161 296.142 296.119 296.091 296.059 296.022 295.982 295.938 295.891 295.84 295.786 295.73 295.671 295.61 295.546 295.481 295.414 295.345 295.274 295.203 295.13 295.056 294.981 294.904 294.827 294.748 294.669 294.588 294.506 294.423 294.339 294.254
295.455 295.544 295.626 295.702 295.772 295.836 295.893 295.945 295.991 296.031 296.065 296.093 296.115 296.132 296.142 296.148 296.148 296.142 296.132 296.116 296.095 296.07 296.04 296.005 295.967 295.924 295.878 295.828 295.775 295.719 295.66 295.599 295.536 295.47 295.403 295.334 295.264 295.192 295.12 295.046 294.971 294.895 294.818 294.74 294.662 294.582 294.501 294.42 294.337 294.253 294.169
295.425 295.514 295.596 295.672 295.741 295.804 295.861 295.912 295.957 295.996 296.029 296.056 296.077 296.092 296.102 296.106 296.104 296.097 296.084 296.066 296.043 296.016 295.983 295.946 295.905 295.86 295.811 295.759 295.703 295.645 295.584 295.52 295.455 295.387 295.318 295.247 295.176 295.103 295.029 294.954 294.878 294.802 294.725 294.647 294.568 294.488 294.408 294.326 294.244 294.16 294.076
295.391 295.481 295.562 295.638 295.707 295.769 295.826 295.876 295.92 295.958 295.99 296.016 296.036 296.049 296.057 296.06 296.056 296.047 296.032 296.012 295.987 295.957 295.922 295.883 295.839 295.791 295.739 295.684 295.626 295.565 295.501 295.435 295.367 295.297 295.226 295.153 295.08 295.005 294.93 294.855 294.778 294.701 294.623 294.545 294.466 294.387 294.306 294.225 294.143 294.06 293.976
295.355 295.444 295.525 295.6 295.669 295.731 295.787 295.836 295.879 295.916 295.947 295.972 295.99 296.003 296.009 296.009 296.004 295.993 295.976 295.954 295.926 295.894 295.856 295.814 295.767 295.716 295.662 295.603 295.542 295.478 295.411 295.342 295.272 295.199 295.126 295.051 294.976 294.9 294.824 294.747 294.67 294.592 294.515 294.436 294.357 294.278 294.198 294.117 294.035 293.952 293.869
295.314 295.404 295.485 295.559 295.627 295.689 295.744 295.793 295.835 295.871 295.901 295.924 295.941 295.952 295.957 295.956 295.948 295.935 295.916 295.891 295.861 295.826 295.785 295.74 295.69 295.636 295.578 295.517 295.452 295.384 295.315 295.243 295.169 295.094 295.018 294.942 294.865 294.787 294.709 294.632 294.554 294.476 294.398 294.319 294.241 294.161 294.082 294.001 293.92 293.838 293.755
295.271 295.36 295.441 295.515 295.583 295.644 295.698 295.746 295.788 295.823 295.851 295.873 295.889 295.898 295.901 295.898 295.889 295.873 295.852 295.825 295.792 295.754 295.71 295.661 295.608 295.551 295.489 295.424 295.356 295.284 295.211 295.136 295.059 294.981 294.903 294.824 294.745 294.665 294.586 294.508 294.429 294.351 294.273 294.194 294.116 294.037 293.958 293.878 293.797 293.716 293.633
295.225 295.313 295.394 295.468 295.535 295.595 295.649 295.696 295.737 295.771 295.798 295.819 295.833 295.841 295.842 295.837 295.826 295.808 295.784 295.754 295.719 295.677 295.63 295.578 295.521 295.46 295.394 295.325 295.253 295.178 295.1 295.021 294.941 294.86 294.779 294.697 294.616 294.535 294.455 294.375 294.296 294.217 294.139 294.061 293.983 293.905 293.827 293.747 293.667 293.586 293.504
295.175 295.264 295.344 295.417 295.484 295.544 295.597 295.643 295.683 295.716 295.742 295.761 295.774 295.781 295.78 295.773 295.759 295.739 295.713 295.68 295.641 295.597 295.546 295.49 295.43 295.364 295.294 295.221 295.144 295.064 294.983 294.899 294.815 294.731 294.646 294.562 294.478 294.396 294.314 294.233 294.154 294.075 293.997 293.92 293.843 293.766 293.688 293.61 293.53 293.45 293.369
295.122 295.211 295.291 295.364 295.43 295.489 295.541 295.587 295.626 295.658 295.683 295.701 295.712 295.717 295.715 295.706 295.69 295.667 295.638 295.603 295.561 295.512 295.458 295.399 295.333 295.263 295.189 295.11 295.028 294.944 294.857 294.769 294.681 294.592 294.504 294.417 294.331 294.246 294.163 294.082 294.002 293.924 293.847 293.77 293.694 293.618 293.542 293.465 293.386 293.307 293.226
295.067 295.155 295.235 295.307 295.373 295.432 295.483 295.528 295.566 295.597 295.621 295.638 295.648 295.65 295.646 295.635 295.617 295.592 295.561 295.522 295.477 295.425 295.367 295.303 295.233 295.158 295.078 294.994 294.907 294.816 294.724 294.631 294.538 294.445 294.353 294.262 294.174 294.087 294.003 293.921 293.841 293.763 293.687 293.612 293.537 293.463 293.388 293.313 293.236 293.157 293.077
295.009 295.097 295.176 295.248 295.313 295.371 295.422 295.466 295.503 295.533 295.556 295.572 295.58 295.582 295.576 295.563 295.542 295.515 295.48 295.439 295.39 295.334 295.272 295.203 295.128 295.048 294.962 294.872 294.778 294.682 294.584 294.485 294.386 294.288 294.192 294.097 294.006 293.917 293.832 293.749 293.67 293.593 293.518 293.444 293.372 293.3 293.227 293.154 293.079 293.001 292.922
294.947 295.035 295.114 295.186 295.251 295.308 295.358 295.402 295.438 295.467 295.488 295.503 295.51 295.51 295.502 295.487 295.465 295.435 295.397 295.352 295.3 295.241 295.174 295.1 295.02 294.934 294.842 294.745 294.644 294.541 294.435 294.329 294.224 294.121 294.019 293.921 293.827 293.736 293.649 293.567 293.487 293.412 293.339 293.268 293.198 293.129 293.06 292.989 292.916 292.84 292.761
294.884 294.971 295.05 295.121 295.185 295.242 295.292 295.335 295.37 295.398 295.418 295.432 295.438 295.436 295.427 295.41 295.385 295.353 295.313 295.265 295.209 295.145 295.074 294.995 294.909 294.816 294.717 294.613 294.504 294.392 294.278 294.165 294.052 293.942 293.836 293.733 293.635 293.542 293.455 293.372 293.293 293.22 293.149 293.082 293.016 292.951 292.886 292.818 292.748 292.673 292.595
294.817 294.905 294.983 295.054 295.118 295.174 295.223 295.265 295.3 295.327 295.346 295.358 295.363 295.36 295.349 295.33 295.304 295.269 295.226 295.175 295.115 295.048 294.972 294.888 294.795 294.696 294.589 294.476 294.357 294.236 294.113 293.99 293.869 293.752 293.639 293.532 293.431 293.336 293.247 293.164 293.087 293.016 292.949 292.886 292.825 292.766 292.705 292.642 292.575 292.503 292.426
294.749 294.836 294.914 294.984 295.047 295.103 295.152 295.193 295.227 295.253 295.272 295.283 295.286 295.282 295.27 295.249 295.22 295.184 295.138 295.084 295.021 294.95 294.869 294.779 294.68 294.573 294.458 294.335 294.206 294.073 293.938 293.804 293.674 293.548 293.429 293.316 293.211 293.114 293.025 292.942 292.868 292.799 292.737 292.68 292.626 292.573 292.52 292.463 292.401 292.331 292.254
294.677 294.764 294.842 294.912 294.975 295.03 295.078 295.119 295.152 295.178 295.195 295.205 295.208 295.202 295.188 295.166 295.136 295.097 295.049 294.992 294.926 294.851 294.766 294.67 294.565 294.45 294.325 294.191 294.049 293.903 293.754 293.607 293.465 293.33 293.203 293.085 292.976 292.877 292.787 292.706 292.633 292.569 292.512 292.462 292.417 292.373 292.329 292.281 292.225 292.159 292.083
294.604 294.69 294.767 294.837 294.9 294.955 295.002 295.042 295.075 295.1 295.117 295.127 295.128 295.121 295.106 295.083 295.051 295.01 294.96 294.901 294.832 294.753 294.663 294.562 294.451 294.327 294.192 294.046 293.889 293.726 293.56 293.397 293.241 293.095 292.96 292.836 292.724 292.622 292.532 292.452 292.383 292.323 292.273 292.232 292.197 292.167 292.136 292.099 292.051 291.99 291.915
294.528 294.614 294.691 294.76 294.822 294.877 294.924 294.964 294.996 295.02 295.037 295.045 295.046 295.039 295.023 294.998 294.965 294.923 294.871 294.81 294.738 294.656 294.562 294.457 294.339 294.207 294.061 293.901 293.728 293.544 293.355 293.171 292.999 292.841 292.697 292.568 292.452 292.349 292.259 292.18 292.114 292.06 292.018 291.987 291.967 291.953 291.941 291.92 291.883 291.828 291.753
294.45 294.535 294.612 294.681 294.743 294.797 294.844 294.883 294.915 294.939 294.955 294.963 294.963 294.955 294.938 294.913 294.879 294.835 294.782 294.719 294.646 294.561 294.464 294.355 294.231 294.092 293.936 293.762 293.568 293.357 293.136 292.926 292.735 292.564 292.412 292.278 292.159 292.055 291.965 291.889 291.826 291.777 291.743 291.724 291.721 291.731 291.747 291.748 291.726 291.678 291.604
294.369 294.455 294.531 294.6 294.661 294.715 294.762 294.801 294.832 294.855 294.871 294.879 294.879 294.87 294.853 294.827 294.792 294.748 294.694 294.63 294.555 294.469 294.37 294.258 294.13 293.985 293.821 293.633 293.418 293.171 292.897 292.653 292.442 292.26 292.102 291.964 291.844 291.74 291.651 291.576 291.516 291.472 291.445 291.438 291.454 291.496 291.561 291.593 291.588 291.547 291.474
294.287 294.372 294.448 294.516 294.577 294.631 294.677 294.716 294.747 294.77 294.786 294.794 294.793 294.784 294.767 294.741 294.706 294.662 294.607 294.543 294.467 294.38 294.28 294.166 294.037 293.889 293.72 293.524 293.291 293.004 292.621 292.339 292.113 291.925 291.764 291.625 291.506 291.402 291.314 291.241 291.184 291.143 291.12 291.121 291.153 291.232 291.398 291.467 291.477 291.443 291.369
294.287 294.287 294.362 294.431 294.491 294.545 294.591 294.63 294.66 294.684 294.699 294.707 294.706 294.698 294.68 294.654 294.62 294.575 294.521 294.457 294.382 294.295 294.196 294.082 293.953 293.806 293.638 293.442 293.21 292.924 292.236 291.959 291.738 291.554 291.396 291.26 291.143 291.041 290.955 290.884 290.827 290.787 290.765 290.766 290.797 290.875 291.325 291.394 291.404 291.369 291.369
