299.362 299.362 299.457 299.544 299.621 299.689 299.749 299.8 299.842 299.875 299.901 299.918 299.927 299.928 299.921 299.908 299.887 299.859 299.824 299.783 299.736 299.683 299.625 299.562 299.493 299.421 299.344 299.263 299.179 299.091 299.001 298.908 298.813 298.716 298.618 298.518 298.417 298.315 298.213 298.11 298.008 297.905 297.803 297.701 297.599 297.499 297.399 297.3 297.202 297.105 297.105
299.362 299.468 299.563 299.65 299.727 299.796 299.856 299.907 299.949 299.983 300.008 300.025 300.034 300.036 300.029 300.015 299.994 299.966 299.931 299.89 299.843 299.79 299.731 299.668 299.599 299.526 299.449 299.368 299.283 299.196 299.105 299.012 298.916 298.819 298.72 298.62 298.519 298.416 298.314 298.211 298.108 298.005 297.902 297.8 297.698 297.597 297.497 297.397 297.299 297.201 297.105
299.471 299.577 299.673 299.76 299.838 299.907 299.966 300.018 300.06 300.094 300.119 300.137 300.146 300.147 300.14 300.126 300.105 300.076 300.041 300 299.952 299.899 299.84 299.776 299.707 299.634 299.556 299.475 299.39 299.301 299.21 299.117 299.021 298.923 298.824 298.723 298.621 298.518 298.415 298.312 298.208 298.105 298.001 297.899 297.796 297.695 297.594 297.495 297.396 297.298 297.201
299.584 299.691 299.787 299.874 299.952 300.022 300.082 300.133 300.175 300.209 300.235 300.252 300.261 300.262 300.255 300.24 300.219 300.19 300.155 300.113 300.065 300.011 299.952 299.887 299.818 299.744 299.665 299.583 299.498 299.409 299.317 299.223 299.126 299.028 298.928 298.826 298.724 298.621 298.517 298.413 298.309 298.205 298.101 297.998 297.895 297.793 297.692 297.592 297.492 297.394 297.297
299.702 299.809 299.906 299.993 300.072 300.141 300.201 300.253 300.295 300.329 300.354 300.371 300.38 300.38 300.373 300.358 300.336 300.307 300.271 300.229 300.18 300.126 300.066 300.001 299.93 299.856 299.777 299.694 299.607 299.518 299.425 299.33 299.233 299.134 299.033 298.931 298.828 298.724 298.619 298.514 298.409 298.305 298.2 298.097 297.993 297.891 297.789 297.689 297.589 297.49 297.393
299.825 299.932 300.029 300.117 300.195 300.265 300.325 300.377 300.419 300.453 300.478 300.494 300.503 300.503 300.495 300.48 300.457 300.428 300.391 300.348 300.299 300.243 300.183 300.116 300.045 299.97 299.89 299.806 299.719 299.628 299.535 299.439 299.341 299.241 299.139 299.036 298.932 298.827 298.722 298.616 298.51 298.405 298.3 298.195 298.091 297.988 297.886 297.785 297.685 297.586 297.488
299.951 300.059 300.156 300.245 300.323 300.393 300.453 300.505 300.547 300.58 300.605 300.621 300.629 300.629 300.621 300.605 300.581 300.551 300.514 300.47 300.42 300.363 300.302 300.234 300.162 300.086 300.005 299.92 299.832 299.74 299.645 299.548 299.449 299.348 299.245 299.141 299.036 298.93 298.824 298.718 298.611 298.505 298.399 298.294 298.189 298.086 297.983 297.881 297.781 297.681 297.583
300.082 300.19 300.288 300.376 300.455 300.525 300.585 300.637 300.679 300.712 300.736 300.752 300.759 300.758 300.75 300.733 300.709 300.677 300.639 300.594 300.543 300.486 300.423 300.355 300.281 300.204 300.121 300.035 299.946 299.853 299.757 299.659 299.558 299.456 299.352 299.247 299.141 299.034 298.927 298.819 298.712 298.605 298.498 298.392 298.287 298.182 298.079 297.977 297.876 297.776 297.677
300.216 300.325 300.423 300.512 300.591 300.661 300.721 300.772 300.814 300.847 300.871 300.886 300.893 300.891 300.881 300.864 300.839 300.806 300.767 300.721 300.669 300.61 300.546 300.476 300.402 300.323 300.239 300.152 300.061 299.967 299.869 299.77 299.668 299.564 299.459 299.353 299.245 299.137 299.029 298.92 298.812 298.704 298.596 298.489 298.383 298.278 298.174 298.071 297.97 297.869 297.77
300.354 300.464 300.562 300.651 300.731 300.8 300.86 300.911 300.953 300.985 301.008 301.023 301.029 301.027 301.016 300.998 300.971 300.938 300.897 300.85 300.796 300.737 300.671 300.6 300.524 300.443 300.358 300.269 300.177 300.081 299.982 299.881 299.778 299.673 299.566 299.458 299.349 299.24 299.13 299.021 298.911 298.802 298.694 298.586 298.479 298.373 298.268 298.165 298.063 297.962 297.862
300.496 300.606 300.705 300.794 300.873 300.943 301.003 301.053 301.095 301.126 301.149 301.163 301.168 301.165 301.153 301.134 301.106 301.072 301.03 300.981 300.926 300.864 300.797 300.725 300.647 300.565 300.478 300.387 300.293 300.196 300.095 299.992 299.887 299.781 299.673 299.563 299.453 299.342 299.231 299.12 299.01 298.899 298.79 298.681 298.573 298.467 298.361 298.257 298.154 298.053 297.953
300.64 300.751 300.85 300.939 301.019 301.088 301.148 301.198 301.239 301.27 301.292 301.305 301.31 301.305 301.293 301.272 301.243 301.207 301.164 301.113 301.057 300.994 300.925 300.85 300.771 300.687 300.598 300.506 300.41 300.31 300.208 300.104 299.997 299.888 299.778 299.667 299.556 299.444 299.331 299.219 299.107 298.995 298.885 298.775 298.666 298.559 298.452 298.348 298.244 298.143 298.043
300.787 300.898 300.998 301.087 301.167 301.236 301.296 301.346 301.386 301.416 301.438 301.45 301.453 301.448 301.434 301.412 301.382 301.344 301.299 301.247 301.188 301.124 301.053 300.977 300.895 300.809 300.719 300.624 300.526 300.425 300.321 300.214 300.105 299.995 299.883 299.771 299.657 299.543 299.429 299.316 299.202 299.09 298.978 298.867 298.757 298.649 298.542 298.436 298.333 298.23 298.13
300.936 301.048 301.148 301.238 301.317 301.386 301.446 301.495 301.535 301.565 301.585 301.596 301.598 301.592 301.576 301.553 301.521 301.482 301.435 301.381 301.321 301.254 301.181 301.103 301.02 300.931 300.839 300.742 300.642 300.538 300.432 300.323 300.213 300.101 299.987 299.872 299.757 299.642 299.526 299.411 299.296 299.182 299.069 298.957 298.846 298.737 298.629 298.523 298.418 298.316 298.215
301.087 301.199 301.3 301.389 301.469 301.538 301.597 301.646 301.685 301.714 301.734 301.744 301.745 301.737 301.72 301.695 301.661 301.62 301.572 301.516 301.453 301.385 301.31 301.229 301.143 301.053 300.958 300.859 300.757 300.651 300.542 300.432 300.319 300.204 300.089 299.972 299.855 299.738 299.62 299.503 299.387 299.271 299.157 299.044 298.932 298.822 298.713 298.606 298.502 298.398 298.297
301.239 301.352 301.453 301.543 301.622 301.691 301.75 301.798 301.836 301.864 301.883 301.892 301.892 301.882 301.864 301.837 301.802 301.759 301.708 301.65 301.586 301.515 301.438 301.355 301.267 301.174 301.076 300.975 300.87 300.762 300.651 300.538 300.423 300.306 300.188 300.07 299.95 299.831 299.712 299.593 299.475 299.358 299.243 299.128 299.015 298.904 298.795 298.687 298.582 298.478 298.377
301.392 301.506 301.606 301.696 301.776 301.845 301.903 301.95 301.988 302.015 302.033 302.041 302.039 302.028 302.008 301.979 301.942 301.897 301.844 301.784 301.717 301.644 301.564 301.479 301.388 301.293 301.193 301.089 300.981 300.871 300.757 300.642 300.524 300.405 300.285 300.164 300.043 299.922 299.801 299.68 299.561 299.442 299.325 299.209 299.095 298.983 298.873 298.764 298.658 298.554 298.452
301.545 301.659 301.761 301.851 301.93 301.998 302.056 302.103 302.14 302.166 302.183 302.189 302.186 302.173 302.151 302.121 302.082 302.035 301.98 301.917 301.848 301.772 301.69 301.602 301.508 301.41 301.308 301.201 301.091 300.977 300.861 300.743 300.623 300.501 300.379 300.256 300.132 300.009 299.886 299.763 299.642 299.522 299.403 299.286 299.171 299.058 298.946 298.838 298.731 298.626 298.524
301.698 301.813 301.914 302.005 302.084 302.152 302.209 302.255 302.291 302.317 302.332 302.337 302.332 302.318 302.294 302.261 302.22 302.171 302.114 302.049 301.977 301.898 301.813 301.722 301.626 301.525 301.42 301.31 301.197 301.081 300.962 300.841 300.718 300.594 300.469 300.343 300.217 300.092 299.967 299.842 299.719 299.598 299.477 299.359 299.242 299.128 299.016 298.906 298.799 298.694 298.592
301.85 301.966 302.067 302.158 302.237 302.304 302.361 302.407 302.442 302.466 302.48 302.483 302.477 302.461 302.435 302.4 302.357 302.305 302.245 302.178 302.103 302.022 301.934 301.84 301.741 301.637 301.528 301.416 301.3 301.181 301.059 300.935 300.809 300.682 300.555 300.427 300.298 300.171 300.043 299.917 299.792 299.668 299.547 299.427 299.309 299.194 299.081 298.97 298.862 298.757 298.655
302.001 302.117 302.219 302.309 302.388 302.456 302.512 302.556 302.59 302.613 302.626 302.628 302.62 302.602 302.574 302.537 302.491 302.437 302.375 302.304 302.227 302.142 302.052 301.955 301.853 301.745 301.634 301.518 301.399 301.276 301.152 301.025 300.896 300.766 300.636 300.505 300.374 300.244 300.115 299.986 299.859 299.734 299.611 299.489 299.37 299.254 299.14 299.029 298.92 298.815 298.712
302.15 302.267 302.369 302.459 302.538 302.605 302.66 302.704 302.737 302.759 302.77 302.77 302.76 302.74 302.71 302.671 302.623 302.566 302.501 302.428 302.347 302.26 302.166 302.066 301.96 301.85 301.735 301.616 301.493 301.367 301.239 301.109 300.978 300.845 300.712 300.578 300.445 300.312 300.18 300.05 299.921 299.794 299.669 299.546 299.426 299.308 299.194 299.082 298.973 298.867 298.764
302.296 302.414 302.516 302.606 302.685 302.751 302.806 302.849 302.881 302.901 302.911 302.909 302.897 302.875 302.843 302.802 302.751 302.691 302.623 302.547 302.464 302.373 302.276 302.172 302.063 301.949 301.831 301.708 301.582 301.453 301.322 301.189 301.054 300.918 300.782 300.645 300.509 300.374 300.24 300.107 299.976 299.847 299.721 299.596 299.475 299.356 299.241 299.128 299.018 298.912 298.809
302.44 302.557 302.66 302.75 302.828 302.894 302.948 302.991 303.021 303.04 303.048 303.045 303.031 303.007 302.972 302.928 302.875 302.812 302.741 302.662 302.575 302.481 302.381 302.274 302.161 302.044 301.922 301.796 301.666 301.533 301.398 301.262 301.124 300.985 300.845 300.706 300.567 300.429 300.293 300.158 300.025 299.894 299.765 299.64 299.517 299.397 299.281 299.167 299.057 298.95 298.847
302.579 302.698 302.8 302.891 302.968 303.034 303.087 303.128 303.158 303.175 303.181 303.176 303.161 303.134 303.097 303.051 302.994 302.929 302.855 302.772 302.682 302.585 302.48 302.37 302.254 302.132 302.006 301.877 301.743 301.607 301.468 301.328 301.186 301.044 300.902 300.759 300.618 300.477 300.338 300.201 300.065 299.933 299.803 299.676 299.552 299.431 299.313 299.199 299.088 298.981 298.878
302.715 302.833 302.936 303.027 303.104 303.169 303.221 303.261 303.289 303.306 303.31 303.303 303.285 303.256 303.217 303.168 303.109 303.04 302.963 302.877 302.783 302.682 302.574 302.46 302.34 302.215 302.085 301.951 301.814 301.673 301.531 301.387 301.242 301.096 300.95 300.805 300.66 300.517 300.375 300.235 300.098 299.964 299.832 299.703 299.578 299.456 299.338 299.223 299.112 299.004 298.901
302.845 302.964 303.067 303.157 303.234 303.299 303.35 303.389 303.416 303.431 303.434 303.425 303.405 303.373 303.331 303.279 303.217 303.145 303.065 302.975 302.878 302.773 302.661 302.543 302.419 302.29 302.156 302.018 301.876 301.732 301.586 301.438 301.289 301.14 300.99 300.842 300.694 300.548 300.404 300.262 300.122 299.986 299.852 299.722 299.595 299.473 299.353 299.238 299.126 299.019 298.915
302.97 303.09 303.193 303.283 303.359 303.423 303.474 303.512 303.537 303.55 303.551 303.54 303.518 303.484 303.44 303.385 303.319 303.244 303.16 303.067 302.966 302.857 302.742 302.619 302.491 302.357 302.219 302.077 301.931 301.783 301.632 301.48 301.327 301.174 301.022 300.869 300.719 300.57 300.423 300.278 300.137 299.998 299.863 299.732 299.604 299.48 299.36 299.244 299.132 299.024 298.92
303.089 303.209 303.312 303.402 303.478 303.541 303.591 303.628 303.652 303.663 303.662 303.649 303.625 303.588 303.541 303.483 303.415 303.336 303.249 303.152 303.047 302.934 302.814 302.687 302.555 302.417 302.274 302.127 301.977 301.824 301.669 301.513 301.356 301.199 301.043 300.887 300.734 300.582 300.432 300.285 300.141 300.001 299.864 299.731 299.602 299.477 299.357 299.24 299.128 299.02 298.916
303.201 303.322 303.425 303.514 303.59 303.652 303.701 303.737 303.76 303.769 303.767 303.752 303.724 303.686 303.635 303.574 303.503 303.421 303.329 303.229 303.12 303.003 302.878 302.747 302.61 302.467 302.32 302.168 302.014 301.856 301.697 301.536 301.375 301.214 301.054 300.895 300.738 300.583 300.43 300.281 300.135 299.993 299.855 299.72 299.59 299.464 299.343 299.226 299.113 299.005 298.902
303.306 303.427 303.53 303.619 303.695 303.756 303.804 303.839 303.86 303.868 303.863 303.846 303.817 303.775 303.722 303.658 303.583 303.497 303.402 303.298 303.184 303.063 302.934 302.798 302.656 302.508 302.356 302.2 302.04 301.878 301.714 301.549 301.383 301.218 301.054 300.891 300.731 300.573 300.417 300.266 300.118 299.974 299.834 299.698 299.567 299.44 299.318 299.201 299.088 298.98 298.877
303.403 303.524 303.628 303.717 303.792 303.852 303.899 303.932 303.952 303.959 303.952 303.932 303.901 303.856 303.8 303.733 303.654 303.565 303.466 303.358 303.24 303.114 302.98 302.84 302.693 302.54 302.382 302.221 302.056 301.889 301.72 301.55 301.38 301.21 301.042 300.876 300.711 300.55 300.392 300.238 300.088 299.942 299.801 299.664 299.532 299.405 299.283 299.165 299.052 298.944 298.841
303.492 303.614 303.717 303.806 303.88 303.94 303.986 304.018 304.036 304.041 304.032 304.01 303.976 303.929 303.87 303.799 303.717 303.625 303.521 303.409 303.286 303.156 303.017 302.871 302.719 302.561 302.398 302.231 302.061 301.888 301.714 301.539 301.364 301.19 301.018 300.847 300.679 300.515 300.355 300.198 300.046 299.898 299.756 299.618 299.485 299.357 299.235 299.117 299.004 298.896 298.793
303.571 303.694 303.797 303.885 303.959 304.018 304.063 304.094 304.111 304.114 304.103 304.079 304.042 303.992 303.93 303.856 303.771 303.674 303.567 303.45 303.323 303.188 303.044 302.893 302.735 302.572 302.403 302.23 302.054 301.876 301.696 301.516 301.336 301.157 300.98 300.805 300.634 300.466 300.303 300.144 299.99 299.841 299.697 299.559 299.426 299.297 299.174 299.057 298.944 298.836 298.733
303.642 303.765 303.868 303.956 304.029 304.088 304.131 304.161 304.176 304.177 304.164 304.138 304.099 304.046 303.981 303.904 303.815 303.714 303.603 303.481 303.35 303.209 303.06 302.904 302.74 302.571 302.396 302.217 302.035 301.851 301.665 301.479 301.293 301.109 300.928 300.749 300.574 300.403 300.237 300.076 299.92 299.77 299.625 299.486 299.352 299.224 299.101 298.984 298.871 298.764 298.661
303.703 303.826 303.929 304.017 304.089 304.147 304.189 304.218 304.231 304.231 304.216 304.187 304.145 304.09 304.022 303.941 303.848 303.744 303.628 303.502 303.366 303.22 303.066 302.903 302.734 302.558 302.377 302.192 302.003 301.812 301.62 301.428 301.237 301.047 300.861 300.678 300.499 300.325 300.156 299.993 299.836 299.684 299.539 299.399 299.266 299.138 299.015 298.898 298.786 298.679 298.576
303.753 303.876 303.979 304.067 304.139 304.196 304.237 304.264 304.276 304.274 304.257 304.226 304.182 304.124 304.052 303.968 303.872 303.764 303.644 303.513 303.372 303.22 303.06 302.892 302.716 302.534 302.346 302.154 301.958 301.76 301.561 301.363 301.165 300.97 300.778 300.591 300.408 300.23 300.059 299.894 299.735 299.583 299.437 299.298 299.164 299.037 298.915 298.799 298.687 298.581 298.479
303.793 303.916 304.019 304.106 304.178 304.234 304.274 304.3 304.311 304.307 304.288 304.256 304.209 304.148 304.073 303.986 303.886 303.774 303.649 303.514 303.367 303.21 303.044 302.869 302.687 302.497 302.302 302.102 301.899 301.694 301.487 301.282 301.077 300.876 300.679 300.486 300.299 300.119 299.945 299.778 299.618 299.465 299.32 299.181 299.048 298.922 298.801 298.686 298.576 298.47 298.368
303.822 303.945 304.048 304.135 304.205 304.26 304.3 304.325 304.334 304.329 304.309 304.274 304.225 304.162 304.084 303.994 303.89 303.773 303.645 303.504 303.352 303.189 303.017 302.835 302.645 302.449 302.246 302.038 301.826 301.612 301.398 301.184 300.973 300.765 300.562 300.364 300.173 299.989 299.813 299.644 299.483 299.331 299.186 299.048 298.917 298.793 298.674 298.56 298.451 298.346 298.245
303.84 303.963 304.065 304.152 304.222 304.276 304.315 304.338 304.347 304.34 304.318 304.281 304.23 304.164 304.084 303.99 303.882 303.762 303.629 303.483 303.326 303.157 302.979 302.79 302.592 302.387 302.176 301.959 301.739 301.516 301.292 301.07 300.851 300.635 300.426 300.223 300.027 299.84 299.661 299.491 299.331 299.178 299.035 298.899 298.77 298.648 298.532 298.42 298.313 298.209 298.109
303.845 303.969 304.071 304.157 304.226 304.28 304.318 304.34 304.347 304.339 304.312 304.273 304.22 304.152 304.069 303.972 303.861 303.737 303.599 303.448 303.286 303.115 302.929 302.733 302.528 302.314 302.094 301.867 301.636 301.403 301.17 300.938 300.71 300.486 300.27 300.061 299.861 299.67 299.49 299.319 299.158 299.007 298.866 298.733 298.608 298.489 298.376 298.268 298.163 298.061 297.961
303.839 303.962 304.064 304.15 304.219 304.272 304.309 304.33 304.337 304.326 304.298 304.257 304.202 304.131 304.046 303.946 303.832 303.704 303.562 303.406 303.238 303.061 302.87 302.666 302.452 302.229 301.999 301.761 301.52 301.275 301.03 300.787 300.549 300.316 300.092 299.877 299.673 299.479 299.296 299.125 298.965 298.816 298.678 298.549 298.428 298.315 298.207 298.102 298.001 297.901 297.801
303.821 303.944 304.046 304.131 304.199 304.251 304.287 304.308 304.313 304.302 304.272 304.229 304.172 304.1 304.012 303.909 303.792 303.66 303.514 303.354 303.181 302.998 302.8 302.588 302.366 302.133 301.892 301.642 301.388 301.13 300.872 300.616 300.367 300.124 299.892 299.67 299.461 299.264 299.08 298.908 298.75 298.604 298.47 298.347 298.232 298.126 298.024 297.925 297.828 297.73 297.632
303.79 303.913 304.014 304.099 304.167 304.218 304.254 304.274 304.278 304.265 304.233 304.189 304.13 304.056 303.966 303.861 303.741 303.606 303.456 303.291 303.114 302.925 302.72 302.501 302.269 302.026 301.773 301.511 301.242 300.968 300.695 300.425 300.162 299.908 299.666 299.438 299.223 299.023 298.838 298.668 298.512 298.37 298.242 298.125 298.019 297.921 297.828 297.738 297.646 297.552 297.454
303.746 303.869 303.97 304.054 304.122 304.173 304.208 304.226 304.229 304.216 304.183 304.138 304.077 304.001 303.909 303.802 303.679 303.541 303.388 303.22 303.037 302.843 302.631 302.405 302.165 301.911 301.645 301.368 301.081 300.79 300.498 300.21 299.932 299.666 299.414 299.178 298.959 298.756 298.57 298.401 298.248 298.111 297.99 297.883 297.788 297.702 297.621 297.541 297.457 297.368 297.271
303.69 303.813 303.914 303.997 304.064 304.115 304.149 304.167 304.169 304.155 304.124 304.078 304.016 303.938 303.844 303.735 303.61 303.47 303.314 303.142 302.955 302.753 302.536 302.302 302.053 301.788 301.509 301.215 300.909 300.595 300.28 299.971 299.674 299.394 299.132 298.889 298.664 298.459 298.273 298.106 297.957 297.827 297.714 297.619 297.538 297.468 297.404 297.338 297.265 297.181 297.085
303.621 303.743 303.844 303.927 303.994 304.044 304.077 304.095 304.096 304.081 304.05 304.002 303.939 303.86 303.765 303.654 303.527 303.385 303.227 303.053 302.863 302.656 302.433 302.193 301.936 301.661 301.367 301.055 300.726 300.385 300.039 299.704 299.386 299.09 298.817 298.566 298.338 298.131 297.946 297.781 297.636 297.513 297.411 297.329 297.266 297.219 297.179 297.133 297.075 296.998 296.903
303.539 303.661 303.761 303.844 303.911 303.96 303.993 304.01 304.01 303.995 303.963 303.915 303.85 303.77 303.674 303.562 303.435 303.291 303.131 302.955 302.763 302.553 302.326 302.081 301.817 301.532 301.225 300.894 300.538 300.161 299.773 299.402 299.06 298.748 298.465 298.209 297.978 297.77 297.585 297.423 297.284 297.168 297.076 297.01 296.97 296.953 296.949 296.932 296.892 296.825 296.73
303.444 303.566 303.665 303.748 303.814 303.863 303.896 303.913 303.912 303.896 303.864 303.815 303.751 303.67 303.573 303.461 303.332 303.188 303.027 302.85 302.656 302.445 302.215 301.967 301.697 301.405 301.087 300.738 300.354 299.93 299.472 299.057 298.689 298.363 298.073 297.813 297.581 297.374 297.191 297.032 296.897 296.788 296.706 296.655 296.64 296.664 296.722 296.746 296.727 296.669 296.575
303.336 303.457 303.557 303.639 303.705 303.754 303.786 303.803 303.802 303.786 303.753 303.705 303.64 303.559 303.462 303.35 303.221 303.077 302.916 302.739 302.544 302.332 302.102 301.852 301.58 301.284 300.959 300.6 300.193 299.716 299.113 298.648 298.262 297.929 297.636 297.377 297.146 296.941 296.761 296.605 296.474 296.369 296.294 296.254 296.26 296.332 296.52 296.591 296.592 296.541 296.448
303.336 303.336 303.435 303.517 303.582 303.631 303.664 303.68 303.68 303.663 303.631 303.582 303.518 303.437 303.341 303.229 303.101 302.957 302.797 302.62 302.426 302.215 301.986 301.737 301.466 301.171 300.848 300.49 300.085 299.609 298.601 298.145 297.767 297.44 297.153 296.899 296.672 296.471 296.295 296.142 296.014 295.911 295.838 295.798 295.804 295.875 296.427 296.497 296.498 296.448 296.448
