# x y u
0.000000000000 0.000000000000 0.000006826835
0.200000000000 0.000000000000 0.000001951667
0.400000000000 0.000000000000 0.000000568718
0.600000000000 0.000000000000 0.000000548853
0.800000000000 0.000000000000 0.000001841282
1.000000000000 0.000000000000 0.000006433077
1.200000000000 0.000000000000 0.000019852149
1.400000000000 0.000000000000 0.000053887088
1.600000000000 0.000000000000 0.000129049112
1.800000000000 0.000000000000 0.000273445793
2.000000000000 0.000000000000 0.000513958839
2.200000000000 0.000000000000 0.000858748460
2.400000000000 0.000000000000 0.001277827629
2.600000000000 0.000000000000 0.001695845387
2.800000000000 0.000000000000 0.002009547905
3.000000000000 0.000000000000 0.002127887465
3.200000000000 0.000000000000 0.002014290317
3.400000000000 0.000000000000 0.001704670008
3.600000000000 0.000000000000 0.001289288026
3.800000000000 0.000000000000 0.000870774334
4.000000000000 0.000000000000 0.000524502791
4.200000000000 0.000000000000 0.000281237571
4.400000000000 0.000000000000 0.000133905032
4.600000000000 0.000000000000 0.000056428758
4.800000000000 0.000000000000 0.000020958947

0.000000000000 0.200000000000 0.000001951667
0.200000000000 0.200000000000 0.000000559862
0.400000000000 0.200000000000 0.000000163135
0.600000000000 0.200000000000 0.000000154799
0.800000000000 0.200000000000 0.000000516420
1.000000000000 0.200000000000 0.000001803598
1.200000000000 0.200000000000 0.000005565809
1.400000000000 0.200000000000 0.000015108838
1.600000000000 0.200000000000 0.000036186575
1.800000000000 0.200000000000 0.000076688771
2.000000000000 0.200000000000 0.000144172050
2.200000000000 0.200000000000 0.000240955999
2.400000000000 0.200000000000 0.000358668505
2.600000000000 0.200000000000 0.000476201318
2.800000000000 0.200000000000 0.000564579394
3.000000000000 0.200000000000 0.000598194219
3.200000000000 0.200000000000 0.000566674496
3.400000000000 0.200000000000 0.000479986230
3.600000000000 0.200000000000 0.000363398374
3.800000000000 0.200000000000 0.000245731774
4.000000000000 0.200000000000 0.000148223268
4.200000000000 0.200000000000 0.000079608466
4.400000000000 0.200000000000 0.000037977067
4.600000000000 0.200000000000 0.000016040020
4.800000000000 0.200000000000 0.000005973363

0.000000000000 0.400000000000 0.000000568718
0.200000000000 0.400000000000 0.000000163135
0.400000000000 0.400000000000 0.000000047495
0.600000000000 0.400000000000 0.000000044918
0.800000000000 0.400000000000 0.000000149712
1.000000000000 0.400000000000 0.000000522831
1.200000000000 0.400000000000 0.000001613452
1.400000000000 0.400000000000 0.000004380125
1.600000000000 0.400000000000 0.000010491854
1.800000000000 0.400000000000 0.000022238611
2.000000000000 0.400000000000 0.000041816664
2.200000000000 0.400000000000 0.000069906688
2.400000000000 0.400000000000 0.000104089163
2.600000000000 0.400000000000 0.000138245367
2.800000000000 0.400000000000 0.000163963218
3.000000000000 0.400000000000 0.000173794284
3.200000000000 0.400000000000 0.000164704516
3.400000000000 0.400000000000 0.000139566645
3.600000000000 0.400000000000 0.000105709655
3.800000000000 0.400000000000 0.000071509636
4.000000000000 0.400000000000 0.000043149787
4.200000000000 0.400000000000 0.000023182622
4.400000000000 0.400000000000 0.000011062224
4.600000000000 0.400000000000 0.000004673212
4.800000000000 0.400000000000 0.000001740553

0.000000000000 0.600000000000 0.000000548853
0.200000000000 0.600000000000 0.000000154799
0.400000000000 0.600000000000 0.000000044918
0.600000000000 0.600000000000 0.000000045457
0.800000000000 0.600000000000 0.000000154955
1.000000000000 0.600000000000 0.000000541929
1.200000000000 0.600000000000 0.000001672478
1.400000000000 0.600000000000 0.000004540179
1.600000000000 0.600000000000 0.000010874390
1.800000000000 0.600000000000 0.000023046468
2.000000000000 0.600000000000 0.000043326814
2.200000000000 0.600000000000 0.000072408162
2.400000000000 0.600000000000 0.000107762075
2.600000000000 0.600000000000 0.000143023427
2.800000000000 0.600000000000 0.000169462112
3.000000000000 0.600000000000 0.000179377388
3.200000000000 0.600000000000 0.000169682375
3.400000000000 0.600000000000 0.000143434713
3.600000000000 0.600000000000 0.000108295966
3.800000000000 0.600000000000 0.000072962977
4.000000000000 0.600000000000 0.000043801904
4.200000000000 0.600000000000 0.000023382804
4.400000000000 0.600000000000 0.000011069571
4.600000000000 0.600000000000 0.000004630889
4.800000000000 0.600000000000 0.000001704318

0.000000000000 0.800000000000 0.000001841282
0.200000000000 0.800000000000 0.000000516420
0.400000000000 0.800000000000 0.000000149712
0.600000000000 0.800000000000 0.000000154955
0.800000000000 0.800000000000 0.000000531924
1.000000000000 0.800000000000 0.000001861143
1.200000000000 0.800000000000 0.000005743855
1.400000000000 0.800000000000 0.000015592107
1.600000000000 0.800000000000 0.000037343566
1.800000000000 0.800000000000 0.000079137623
2.000000000000 0.800000000000 0.000148760809
2.200000000000 0.800000000000 0.000248572709
2.400000000000 0.800000000000 0.000369863290
2.600000000000 0.800000000000 0.000490749509
2.800000000000 0.800000000000 0.000581248752
3.000000000000 0.800000000000 0.000614954043
3.200000000000 0.800000000000 0.000581344549
3.400000000000 0.800000000000 0.000491014835
3.600000000000 0.800000000000 0.000370339576
3.800000000000 0.800000000000 0.000249184482
4.000000000000 0.800000000000 0.000149348210
4.200000000000 0.800000000000 0.000079564572
4.400000000000 0.800000000000 0.000037571643
4.600000000000 0.800000000000 0.000015669089
4.800000000000 0.800000000000 0.000005744673

0.000000000000 1.000000000000 0.000006433077
0.200000000000 1.000000000000 0.000001803598
0.400000000000 1.000000000000 0.000000522831
0.600000000000 1.000000000000 0.000000541929
0.800000000000 1.000000000000 0.000001861143
1.000000000000 1.000000000000 0.000006512117
1.200000000000 1.000000000000 0.000020097699
1.400000000000 1.000000000000 0.000054556573
1.600000000000 1.000000000000 0.000130664322
1.800000000000 1.000000000000 0.000276899777
2.000000000000 1.000000000000 0.000520505961
2.200000000000 1.000000000000 0.000869735321
2.400000000000 1.000000000000 0.001294106220
2.600000000000 1.000000000000 0.001717045023
2.800000000000 1.000000000000 0.002033641826
3.000000000000 1.000000000000 0.002151505885
3.200000000000 1.000000000000 0.002033840670
3.400000000000 1.000000000000 0.001717735938
3.600000000000 1.000000000000 0.001295490483
3.800000000000 1.000000000000 0.000871605271
4.000000000000 1.000000000000 0.000522341297
4.200000000000 1.000000000000 0.000278239128
4.400000000000 1.000000000000 0.000131367773
4.600000000000 1.000000000000 0.000054775379
4.800000000000 1.000000000000 0.000020076988

0.000000000000 1.200000000000 0.000019852149
0.200000000000 1.200000000000 0.000005565809
0.400000000000 1.200000000000 0.000001613452
0.600000000000 1.200000000000 0.000001672478
0.800000000000 1.200000000000 0.000005743855
1.000000000000 1.200000000000 0.000020097699
1.200000000000 1.200000000000 0.000062025514
1.400000000000 1.200000000000 0.000168372344
1.600000000000 1.200000000000 0.000403255256
1.800000000000 1.200000000000 0.000854564159
2.000000000000 1.200000000000 0.001606373539
2.200000000000 1.200000000000 0.002684147815
2.400000000000 1.200000000000 0.003993810657
2.600000000000 1.200000000000 0.005299040241
2.800000000000 1.200000000000 0.006276069974
3.000000000000 1.200000000000 0.006639776345
3.200000000000 1.200000000000 0.006276612312
3.400000000000 1.200000000000 0.005301053073
3.600000000000 1.200000000000 0.003997949562
3.800000000000 1.200000000000 0.002689801817
4.000000000000 1.200000000000 0.001611952457
4.200000000000 1.200000000000 0.000858645006
4.400000000000 1.200000000000 0.000405398450
4.600000000000 1.200000000000 0.000169035038
4.800000000000 1.200000000000 0.000061956718

0.000000000000 1.400000000000 0.000053887088
0.200000000000 1.400000000000 0.000015108838
0.400000000000 1.400000000000 0.000004380125
0.600000000000 1.400000000000 0.000004540179
0.800000000000 1.400000000000 0.000015592107
1.000000000000 1.400000000000 0.000054556573
1.200000000000 1.400000000000 0.000168372344
1.400000000000 1.400000000000 0.000457056526
1.600000000000 1.400000000000 0.001094654376
1.800000000000 1.400000000000 0.002319735830
2.000000000000 1.400000000000 0.004360500805
2.200000000000 1.400000000000 0.007286037613
2.400000000000 1.400000000000 0.010840938888
2.600000000000 1.400000000000 0.014383697238
2.800000000000 1.400000000000 0.017035489595
3.000000000000 1.400000000000 0.018022444071
3.200000000000 1.400000000000 0.017036448768
3.400000000000 1.400000000000 0.014388314037
3.600000000000 1.400000000000 0.010851252861
3.800000000000 1.400000000000 0.007300606376
4.000000000000 1.400000000000 0.004375107432
4.200000000000 1.400000000000 0.002330506611
4.400000000000 1.400000000000 0.001100327647
4.600000000000 1.400000000000 0.000458800426
4.800000000000 1.400000000000 0.000168169601

0.000000000000 1.600000000000 0.000129049112
0.200000000000 1.600000000000 0.000036186575
0.400000000000 1.600000000000 0.000010491854
0.600000000000 1.600000000000 0.000010874390
0.800000000000 1.600000000000 0.000037343566
1.000000000000 1.600000000000 0.000130664322
1.200000000000 1.600000000000 0.000403255256
1.400000000000 1.600000000000 0.001094654376
1.600000000000 1.600000000000 0.002621683442
1.800000000000 1.600000000000 0.005555667070
2.000000000000 1.600000000000 0.010443038941
2.200000000000 1.600000000000 0.017449111619
2.400000000000 1.600000000000 0.025962047583
2.600000000000 1.600000000000 0.034445439674
2.800000000000 1.600000000000 0.040794755486
3.000000000000 1.600000000000 0.043157043814
3.200000000000 1.600000000000 0.040794876261
3.400000000000 1.600000000000 0.034452903935
3.600000000000 1.600000000000 0.025982843687
3.800000000000 1.600000000000 0.017480702089
4.000000000000 1.600000000000 0.010475746343
4.200000000000 1.600000000000 0.005580166246
4.400000000000 1.600000000000 0.002634661673
4.600000000000 1.600000000000 0.001098600125
4.800000000000 1.600000000000 0.000402703213

0.000000000000 1.800000000000 0.000273445793
0.200000000000 1.800000000000 0.000076688771
0.400000000000 1.800000000000 0.000022238611
0.600000000000 1.800000000000 0.000023046468
0.800000000000 1.800000000000 0.000079137623
1.000000000000 1.800000000000 0.000276899777
1.200000000000 1.800000000000 0.000854564159
1.400000000000 1.800000000000 0.002319735830
1.600000000000 1.800000000000 0.005555667070
1.800000000000 1.800000000000 0.011772920405
2.000000000000 1.800000000000 0.022129144853
2.200000000000 1.800000000000 0.036974193324
2.400000000000 1.800000000000 0.055011083447
2.600000000000 1.800000000000 0.072983968606
2.800000000000 1.800000000000 0.086433813396
3.000000000000 1.800000000000 0.091435393289
3.200000000000 1.800000000000 0.086427509829
3.400000000000 1.800000000000 0.072988964107
3.600000000000 1.800000000000 0.055043401033
3.800000000000 1.800000000000 0.037031220010
4.000000000000 1.800000000000 0.022191638359
4.200000000000 1.800000000000 0.011820966712
4.400000000000 1.800000000000 0.005581362381
4.600000000000 1.800000000000 0.002327419897
4.800000000000 1.800000000000 0.000853203754

0.000000000000 2.000000000000 0.000513958839
0.200000000000 2.000000000000 0.000144172050
0.400000000000 2.000000000000 0.000041816664
0.600000000000 2.000000000000 0.000043326814
0.800000000000 2.000000000000 0.000148760809
1.000000000000 2.000000000000 0.000520505961
1.200000000000 2.000000000000 0.001606373539
1.400000000000 2.000000000000 0.004360500805
1.600000000000 2.000000000000 0.010443038941
1.800000000000 2.000000000000 0.022129144853
2.000000000000 2.000000000000 0.041594110937
2.200000000000 2.000000000000 0.069494437567
2.400000000000 2.000000000000 0.103391156539
2.600000000000 2.000000000000 0.137164205605
2.800000000000 2.000000000000 0.162433662986
3.000000000000 2.000000000000 0.171824649749
3.200000000000 2.000000000000 0.162406183181
3.400000000000 2.000000000000 0.137147835636
3.600000000000 2.000000000000 0.103423986783
3.800000000000 2.000000000000 0.069578145448
4.000000000000 2.000000000000 0.041695512509
4.200000000000 2.000000000000 0.022210402339
4.400000000000 2.000000000000 0.010487160559
4.600000000000 2.000000000000 0.004373411804
4.800000000000 2.000000000000 0.001603405822

0.000000000000 2.200000000000 0.000858748460
0.200000000000 2.200000000000 0.000240955999
0.400000000000 2.200000000000 0.000069906688
0.600000000000 2.200000000000 0.000072408162
0.800000000000 2.200000000000 0.000248572709
1.000000000000 2.200000000000 0.000869735321
1.200000000000 2.200000000000 0.002684147815
1.400000000000 2.200000000000 0.007286037613
1.600000000000 2.200000000000 0.017449111619
1.800000000000 2.200000000000 0.036974193324
2.000000000000 2.200000000000 0.069494437567
2.200000000000 2.200000000000 0.116104536852
2.400000000000 2.200000000000 0.172727234548
2.600000000000 2.200000000000 0.229136617735
2.800000000000 2.200000000000 0.271334395482
3.000000000000 2.200000000000 0.287004835447
3.200000000000 2.200000000000 0.271257811494
3.400000000000 2.200000000000 0.229058810502
3.600000000000 2.200000000000 0.172727579535
3.800000000000 2.200000000000 0.116198771102
4.000000000000 2.200000000000 0.069632883473
4.200000000000 2.200000000000 0.037092708475
4.400000000000 2.200000000000 0.017515027322
4.600000000000 2.200000000000 0.007304851709
4.800000000000 2.200000000000 0.002678516425

0.000000000000 2.400000000000 0.001277827629
0.200000000000 2.400000000000 0.000358668505
0.400000000000 2.400000000000 0.000104089163
0.600000000000 2.400000000000 0.000107762075
0.800000000000 2.400000000000 0.000369863290
1.000000000000 2.400000000000 0.001294106220
1.200000000000 2.400000000000 0.003993810657
1.400000000000 2.400000000000 0.010840938888
1.600000000000 2.400000000000 0.025962047583
1.800000000000 2.400000000000 0.055011083447
2.000000000000 2.400000000000 0.103391156539
2.200000000000 2.400000000000 0.172727234548
2.400000000000 2.400000000000 0.256949496512
2.600000000000 2.400000000000 0.340843189807
2.800000000000 2.400000000000 0.403586842798
3.000000000000 2.400000000000 0.426867860283
3.200000000000 2.400000000000 0.403422480291
3.400000000000 2.400000000000 0.340644693529
3.600000000000 2.400000000000 0.256861046562
3.800000000000 2.400000000000 0.172793523482
4.000000000000 2.400000000000 0.103547535076
4.200000000000 2.400000000000 0.055160298813
4.400000000000 2.400000000000 0.026048244932
4.600000000000 2.400000000000 0.010865004984
4.800000000000 2.400000000000 0.003984650897

0.000000000000 2.600000000000 0.001695845387
0.200000000000 2.600000000000 0.000476201318
0.400000000000 2.600000000000 0.000138245367
0.600000000000 2.600000000000 0.000143023427
0.800000000000 2.600000000000 0.000490749509
1.000000000000 2.600000000000 0.001717045023
1.200000000000 2.600000000000 0.005299040241
1.400000000000 2.600000000000 0.014383697238
1.600000000000 2.600000000000 0.034445439674
1.800000000000 2.600000000000 0.072983968606
2.000000000000 2.600000000000 0.137164205605
2.200000000000 2.600000000000 0.229136617735
2.400000000000 2.600000000000 0.340843189807
2.600000000000 2.600000000000 0.452097903504
2.800000000000 2.600000000000 0.535284827503
3.000000000000 2.600000000000 0.566124470279
3.200000000000 2.600000000000 0.534996909605
3.400000000000 2.600000000000 0.451720369859
3.600000000000 2.600000000000 0.340603920133
3.800000000000 2.600000000000 0.229124419963
4.000000000000 2.600000000000 0.137305688599
4.200000000000 2.600000000000 0.073146952515
4.400000000000 2.600000000000 0.034545328369
4.600000000000 2.600000000000 0.014411446460
4.800000000000 2.600000000000 0.005286478556

0.000000000000 2.800000000000 0.002009547905
0.200000000000 2.800000000000 0.000564579394
0.400000000000 2.800000000000 0.000163963218
0.600000000000 2.800000000000 0.000169462112
0.800000000000 2.800000000000 0.000581248752
1.000000000000 2.800000000000 0.002033641826
1.200000000000 2.800000000000 0.006276069974
1.400000000000 2.800000000000 0.017035489595
1.600000000000 2.800000000000 0.040794755486
1.800000000000 2.800000000000 0.086433813396
2.000000000000 2.800000000000 0.162433662986
2.200000000000 2.800000000000 0.271334395482
2.400000000000 2.800000000000 0.403586842798
2.600000000000 2.800000000000 0.535284827503
2.800000000000 2.800000000000 0.633733776042
3.000000000000 2.800000000000 0.670199981752
3.200000000000 2.800000000000 0.633311501910
3.400000000000 2.800000000000 0.534705630470
3.600000000000 2.800000000000 0.403164009350
3.800000000000 2.800000000000 0.271207505604
4.000000000000 2.800000000000 0.162529388625
4.200000000000 2.800000000000 0.086590803051
4.400000000000 2.800000000000 0.040899799640
4.600000000000 2.800000000000 0.017065771577
4.800000000000 2.800000000000 0.006261937248

0.000000000000 3.000000000000 0.002127887465
0.200000000000 3.000000000000 0.000598194219
0.400000000000 3.000000000000 0.000173794284
0.600000000000 3.000000000000 0.000179377388
0.800000000000 3.000000000000 0.000614954043
1.000000000000 3.000000000000 0.002151505885
1.200000000000 3.000000000000 0.006639776345
1.400000000000 3.000000000000 0.018022444071
1.600000000000 3.000000000000 0.043157043814
1.800000000000 3.000000000000 0.091435393289
2.000000000000 3.000000000000 0.171824649749
2.200000000000 3.000000000000 0.287004835447
2.400000000000 3.000000000000 0.426867860283
2.600000000000 3.000000000000 0.566124470279
2.800000000000 3.000000000000 0.670199981752
3.000000000000 3.000000000000 0.708719640077
3.200000000000 3.000000000000 0.669675056175
3.400000000000 3.000000000000 0.565385971724
3.600000000000 3.000000000000 0.426290310987
3.800000000000 3.000000000000 0.286769090147
4.000000000000 3.000000000000 0.171864878258
4.200000000000 3.000000000000 0.091574418283
4.400000000000 3.000000000000 0.043261253408
4.600000000000 3.000000000000 0.018055710500
4.800000000000 3.000000000000 0.006627527781

0.000000000000 3.200000000000 0.002014290317
0.200000000000 3.200000000000 0.000566674496
0.400000000000 3.200000000000 0.000164704516
0.600000000000 3.200000000000 0.000169682375
0.800000000000 3.200000000000 0.000581344549
1.000000000000 3.200000000000 0.002033840670
1.200000000000 3.200000000000 0.006276612312
1.400000000000 3.200000000000 0.017036448768
1.600000000000 3.200000000000 0.040794876261
1.800000000000 3.200000000000 0.086427509829
2.000000000000 3.200000000000 0.162406183181
2.200000000000 3.200000000000 0.271257811494
2.400000000000 3.200000000000 0.403422480291
2.600000000000 3.200000000000 0.534996909605
2.800000000000 3.200000000000 0.633311501910
3.000000000000 3.200000000000 0.669675056175
3.200000000000 3.200000000000 0.632755746046
3.400000000000 3.200000000000 0.534204995844
3.600000000000 3.200000000000 0.402783272972
3.800000000000 3.200000000000 0.270967693126
4.000000000000 3.200000000000 0.162409868573
4.200000000000 3.200000000000 0.086549784705
4.400000000000 3.200000000000 0.040896905166
4.600000000000 3.200000000000 0.017074429716
4.800000000000 3.200000000000 0.006270086401

0.000000000000 3.400000000000 0.001704670008
0.200000000000 3.400000000000 0.000479986230
0.400000000000 3.400000000000 0.000139566645
0.600000000000 3.400000000000 0.000143434713
0.800000000000 3.400000000000 0.000491014835
1.000000000000 3.400000000000 0.001717735938
1.200000000000 3.400000000000 0.005301053073
1.400000000000 3.400000000000 0.014388314037
1.600000000000 3.400000000000 0.034452903935
1.800000000000 3.400000000000 0.072988964107
2.000000000000 3.400000000000 0.137147835636
2.200000000000 3.400000000000 0.229058810502
2.400000000000 3.400000000000 0.340644693529
2.600000000000 3.400000000000 0.451720369859
2.800000000000 3.400000000000 0.534705630470
3.000000000000 3.400000000000 0.565385971724
3.200000000000 3.400000000000 0.534204995844
3.400000000000 3.400000000000 0.451005162852
3.600000000000 3.400000000000 0.340064587687
3.800000000000 3.400000000000 0.228793225355
4.000000000000 3.400000000000 0.137150782004
4.200000000000 3.400000000000 0.073104292896
4.400000000000 3.400000000000 0.034553852964
4.600000000000 3.400000000000 0.014432057435
4.800000000000 3.400000000000 0.005302600044

0.000000000000 3.600000000000 0.001289288026
0.200000000000 3.600000000000 0.000363398374
0.400000000000 3.600000000000 0.000105709655
0.600000000000 3.600000000000 0.000108295966
0.800000000000 3.600000000000 0.000370339576
1.000000000000 3.600000000000 0.001295490483
1.200000000000 3.600000000000 0.003997949562
1.400000000000 3.600000000000 0.010851252861
1.600000000000 3.600000000000 0.025982843687
1.800000000000 3.600000000000 0.055043401033
2.000000000000 3.600000000000 0.103423986783
2.200000000000 3.600000000000 0.172727579535
2.400000000000 3.600000000000 0.256861046562
2.600000000000 3.600000000000 0.340603920133
2.800000000000 3.600000000000 0.403164009350
3.000000000000 3.600000000000 0.426290310987
3.200000000000 3.600000000000 0.402783272972
3.400000000000 3.600000000000 0.340064587687
3.600000000000 3.600000000000 0.256433910942
3.800000000000 3.600000000000 0.172549687912
4.000000000000 3.600000000000 0.103455843601
4.200000000000 3.600000000000 0.055159590931
4.400000000000 3.600000000000 0.026081943090
4.600000000000 3.600000000000 0.010899099923
4.800000000000 3.600000000000 0.004007148471

0.000000000000 3.800000000000 0.000870774334
0.200000000000 3.800000000000 0.000245731774
0.400000000000 3.800000000000 0.000071509636
0.600000000000 3.800000000000 0.000072962977
0.800000000000 3.800000000000 0.000249184482
1.000000000000 3.800000000000 0.000871605271
1.200000000000 3.800000000000 0.002689801817
1.400000000000 3.800000000000 0.007300606376
1.600000000000 3.800000000000 0.017480702089
1.800000000000 3.800000000000 0.037031220010
2.000000000000 3.800000000000 0.069578145448
2.200000000000 3.800000000000 0.116198771102
2.400000000000 3.800000000000 0.172793523482
2.600000000000 3.800000000000 0.229124419963
2.800000000000 3.800000000000 0.271207505604
3.000000000000 3.800000000000 0.286769090147
3.200000000000 3.800000000000 0.270967693126
3.400000000000 3.800000000000 0.228793225355
3.600000000000 3.800000000000 0.172549687912
3.800000000000 3.800000000000 0.116127967571
4.000000000000 3.800000000000 0.069645833056
4.200000000000 3.800000000000 0.037146668047
4.400000000000 3.800000000000 0.017573077889
4.600000000000 3.800000000000 0.007347992933
4.800000000000 3.800000000000 0.002703695511

0.000000000000 4.000000000000 0.000524502791
0.200000000000 4.000000000000 0.000148223268
0.400000000000 4.000000000000 0.000043149787
0.600000000000 4.000000000000 0.000043801904
0.800000000000 4.000000000000 0.000149348210
1.000000000000 4.000000000000 0.000522341297
1.200000000000 4.000000000000 0.001611952457
1.400000000000 4.000000000000 0.004375107432
1.600000000000 4.000000000000 0.010475746343
1.800000000000 4.000000000000 0.022191638359
2.000000000000 4.000000000000 0.041695512509
2.200000000000 4.000000000000 0.069632883473
2.400000000000 4.000000000000 0.103547535076
2.600000000000 4.000000000000 0.137305688599
2.800000000000 4.000000000000 0.162529388625
3.000000000000 4.000000000000 0.171864878258
3.200000000000 4.000000000000 0.162409868573
3.400000000000 4.000000000000 0.137150782004
3.600000000000 4.000000000000 0.103455843601
3.800000000000 4.000000000000 0.069645833056
4.000000000000 4.000000000000 0.041783993296
4.200000000000 4.000000000000 0.022296604352
4.400000000000 4.000000000000 0.010554274230
4.600000000000 4.000000000000 0.004416523081
4.800000000000 4.000000000000 0.001626614362

0.000000000000 4.200000000000 0.000281237571
0.200000000000 4.200000000000 0.000079608466
0.400000000000 4.200000000000 0.000023182622
0.600000000000 4.200000000000 0.000023382804
0.800000000000 4.200000000000 0.000079564572
1.000000000000 4.200000000000 0.000278239128
1.200000000000 4.200000000000 0.000858645006
1.400000000000 4.200000000000 0.002330506611
1.600000000000 4.200000000000 0.005580166246
1.800000000000 4.200000000000 0.011820966712
2.000000000000 4.200000000000 0.022210402339
2.200000000000 4.200000000000 0.037092708475
2.400000000000 4.200000000000 0.055160298813
2.600000000000 4.200000000000 0.073146952515
2.800000000000 4.200000000000 0.086590803051
3.000000000000 4.200000000000 0.091574418283
3.200000000000 4.200000000000 0.086549784705
3.400000000000 4.200000000000 0.073104292896
3.600000000000 4.200000000000 0.055159590931
3.800000000000 4.200000000000 0.037146668047
4.000000000000 4.200000000000 0.022296604352
4.200000000000 4.200000000000 0.011904915724
4.400000000000 4.200000000000 0.005639500464
4.600000000000 4.200000000000 0.002362090022
4.800000000000 4.200000000000 0.000870961479

0.000000000000 4.400000000000 0.000133905032
0.200000000000 4.400000000000 0.000037977067
0.400000000000 4.400000000000 0.000011062224
0.600000000000 4.400000000000 0.000011069571
0.800000000000 4.400000000000 0.000037571643
1.000000000000 4.400000000000 0.000131367773
1.200000000000 4.400000000000 0.000405398450
1.400000000000 4.400000000000 0.001100327647
1.600000000000 4.400000000000 0.002634661673
1.800000000000 4.400000000000 0.005581362381
2.000000000000 4.400000000000 0.010487160559
2.200000000000 4.400000000000 0.017515027322
2.400000000000 4.400000000000 0.026048244932
2.600000000000 4.400000000000 0.034545328369
2.800000000000 4.400000000000 0.040899799640
3.000000000000 4.400000000000 0.043261253408
3.200000000000 4.400000000000 0.040896905166
3.400000000000 4.400000000000 0.034553852964
3.600000000000 4.400000000000 0.026081943090
3.800000000000 4.400000000000 0.017573077889
4.000000000000 4.400000000000 0.010554274230
4.200000000000 4.400000000000 0.005639500464
4.400000000000 4.400000000000 0.002673959455
4.600000000000 4.400000000000 0.001121244153
4.800000000000 4.400000000000 0.000413998953

0.000000000000 4.600000000000 0.000056428758
0.200000000000 4.600000000000 0.000016040020
0.400000000000 4.600000000000 0.000004673212
0.600000000000 4.600000000000 0.000004630889
0.800000000000 4.600000000000 0.000015669089
1.000000000000 4.600000000000 0.000054775379
1.200000000000 4.600000000000 0.000169035038
1.400000000000 4.600000000000 0.000458800426
1.600000000000 4.600000000000 0.001098600125
1.800000000000 4.600000000000 0.002327419897
2.000000000000 4.600000000000 0.004373411804
2.200000000000 4.600000000000 0.007304851709
2.400000000000 4.600000000000 0.010865004984
2.600000000000 4.600000000000 0.014411446460
2.800000000000 4.600000000000 0.017065771577
3.000000000000 4.600000000000 0.018055710500
3.200000000000 4.600000000000 0.017074429716
3.400000000000 4.600000000000 0.014432057435
3.600000000000 4.600000000000 0.010899099923
3.800000000000 4.600000000000 0.007347992933
4.000000000000 4.600000000000 0.004416523081
4.200000000000 4.600000000000 0.002362090022
4.400000000000 4.600000000000 0.001121244153
4.600000000000 4.600000000000 0.000470800546
4.800000000000 4.600000000000 0.000174119830

0.000000000000 4.800000000000 0.000020958947
0.200000000000 4.800000000000 0.000005973363
0.400000000000 4.800000000000 0.000001740553
0.600000000000 4.800000000000 0.000001704318
0.800000000000 4.800000000000 0.000005744673
1.000000000000 4.800000000000 0.000020076988
1.200000000000 4.800000000000 0.000061956718
1.400000000000 4.800000000000 0.000168169601
1.600000000000 4.800000000000 0.000402703213
1.800000000000 4.800000000000 0.000853203754
2.000000000000 4.800000000000 0.001603405822
2.200000000000 4.800000000000 0.002678516425
2.400000000000 4.800000000000 0.003984650897
2.600000000000 4.800000000000 0.005286478556
2.800000000000 4.800000000000 0.006261937248
3.000000000000 4.800000000000 0.006627527781
3.200000000000 4.800000000000 0.006270086401
3.400000000000 4.800000000000 0.005302600044
3.600000000000 4.800000000000 0.004007148471
3.800000000000 4.800000000000 0.002703695511
4.000000000000 4.800000000000 0.001626614362
4.200000000000 4.800000000000 0.000870961479
4.400000000000 4.800000000000 0.000413998953
4.600000000000 4.800000000000 0.000174119830
4.800000000000 4.800000000000 0.000064522073

