# x y u
0.000000000000 0.000000000000 0.005419960884
0.200000000000 0.000000000000 0.005762565686
0.400000000000 0.000000000000 0.006795777313
0.600000000000 0.000000000000 0.008495460598
0.800000000000 0.000000000000 0.010811780726
1.000000000000 0.000000000000 0.013658599196
1.200000000000 0.000000000000 0.016904361650
1.400000000000 0.000000000000 0.020368550250
1.600000000000 0.000000000000 0.023826903634
1.800000000000 0.000000000000 0.027026768437
2.000000000000 0.000000000000 0.029711507158
2.200000000000 0.000000000000 0.031650433671
2.400000000000 0.000000000000 0.032668946340
2.600000000000 0.000000000000 0.032672933004
2.800000000000 0.000000000000 0.031662385084
3.000000000000 0.000000000000 0.029731324225
3.200000000000 0.000000000000 0.027054072044
3.400000000000 0.000000000000 0.023860808136
3.600000000000 0.000000000000 0.020407495745
3.800000000000 0.000000000000 0.016946080578
4.000000000000 0.000000000000 0.013700246488
4.200000000000 0.000000000000 0.010850204902
4.400000000000 0.000000000000 0.008527555914
4.600000000000 0.000000000000 0.006818844971
4.800000000000 0.000000000000 0.005774623127

0.000000000000 0.200000000000 0.005762565686
0.200000000000 0.200000000000 0.006127457347
0.400000000000 0.200000000000 0.007227466060
0.600000000000 0.200000000000 0.009036926571
0.800000000000 0.200000000000 0.011502865117
1.000000000000 0.200000000000 0.014533687587
1.200000000000 0.200000000000 0.017989446954
1.400000000000 0.200000000000 0.021678032953
1.600000000000 0.200000000000 0.025360702241
1.800000000000 0.200000000000 0.028768408774
2.000000000000 0.200000000000 0.031627794565
2.200000000000 0.200000000000 0.033693084364
2.400000000000 0.200000000000 0.034778204847
2.600000000000 0.200000000000 0.034782810206
2.800000000000 0.200000000000 0.033706812826
3.000000000000 0.200000000000 0.031650325161
3.200000000000 0.200000000000 0.028799039701
3.400000000000 0.200000000000 0.025398183133
3.600000000000 0.200000000000 0.021720459020
3.800000000000 0.200000000000 0.018034276757
4.000000000000 0.200000000000 0.014577903288
4.200000000000 0.200000000000 0.011543247921
4.400000000000 0.200000000000 0.009070389294
4.600000000000 0.200000000000 0.007251378249
4.800000000000 0.200000000000 0.006139912812

0.000000000000 0.400000000000 0.006795777313
0.200000000000 0.400000000000 0.007227466060
0.400000000000 0.400000000000 0.008526868286
0.600000000000 0.400000000000 0.010663692458
0.800000000000 0.400000000000 0.013575443951
1.000000000000 0.400000000000 0.017154048559
1.200000000000 0.400000000000 0.021234337158
1.400000000000 0.400000000000 0.025589524915
1.600000000000 0.400000000000 0.029937726530
1.800000000000 0.400000000000 0.033961235221
2.000000000000 0.400000000000 0.037337221141
2.200000000000 0.400000000000 0.039775411998
2.400000000000 0.400000000000 0.041056044668
2.600000000000 0.400000000000 0.041060620212
2.800000000000 0.400000000000 0.039789076965
3.000000000000 0.400000000000 0.037359723096
3.200000000000 0.400000000000 0.033991958952
3.400000000000 0.400000000000 0.029975495457
3.600000000000 0.400000000000 0.025632468677
3.800000000000 0.400000000000 0.021279895434
4.000000000000 0.400000000000 0.017199133080
4.200000000000 0.400000000000 0.013616729020
4.400000000000 0.400000000000 0.010697969863
4.600000000000 0.400000000000 0.008551395311
4.800000000000 0.400000000000 0.007240251617

0.000000000000 0.600000000000 0.008495460598
0.200000000000 0.600000000000 0.009036926571
0.400000000000 0.600000000000 0.010663692458
0.600000000000 0.600000000000 0.013337851599
0.800000000000 0.600000000000 0.016981227801
1.000000000000 0.600000000000 0.021458625484
1.200000000000 0.600000000000 0.026563410866
1.400000000000 0.600000000000 0.032011849805
1.600000000000 0.600000000000 0.037451260407
1.800000000000 0.600000000000 0.042484141973
2.000000000000 0.600000000000 0.046706596358
2.200000000000 0.600000000000 0.049755486440
2.400000000000 0.600000000000 0.051355930338
2.600000000000 0.600000000000 0.051359783962
2.800000000000 0.600000000000 0.049767120176
3.000000000000 0.600000000000 0.046726127075
3.200000000000 0.600000000000 0.042511466296
3.400000000000 0.600000000000 0.037485733844
3.600000000000 0.600000000000 0.032052037268
3.800000000000 0.600000000000 0.026607009293
4.000000000000 0.600000000000 0.021502597502
4.200000000000 0.600000000000 0.017022116845
4.400000000000 0.600000000000 0.013372200572
4.600000000000 0.600000000000 0.010688473782
4.800000000000 0.600000000000 0.009049907773

0.000000000000 0.800000000000 0.010811780726
0.200000000000 0.800000000000 0.011502865117
0.400000000000 0.800000000000 0.013575443951
0.600000000000 0.800000000000 0.016981227801
0.800000000000 0.800000000000 0.021620654581
1.000000000000 0.800000000000 0.027321556376
1.200000000000 0.800000000000 0.033820802078
1.400000000000 0.800000000000 0.040757097347
1.600000000000 0.800000000000 0.047681380145
1.800000000000 0.800000000000 0.054087560108
2.000000000000 0.800000000000 0.059461452686
2.200000000000 0.800000000000 0.063340829867
2.400000000000 0.800000000000 0.065375887010
2.600000000000 0.800000000000 0.065378223345
2.800000000000 0.800000000000 0.063348162936
3.000000000000 0.800000000000 0.059474592872
3.200000000000 0.800000000000 0.054107377476
3.400000000000 0.800000000000 0.047708266175
3.600000000000 0.800000000000 0.040790503379
3.800000000000 0.800000000000 0.033859008853
4.000000000000 0.800000000000 0.027361745120
4.200000000000 0.800000000000 0.021659253244
4.400000000000 0.800000000000 0.017014433299
4.600000000000 0.800000000000 0.013599793112
4.800000000000 0.800000000000 0.011515741302

0.000000000000 1.000000000000 0.013658599196
0.200000000000 1.000000000000 0.014533687587
0.400000000000 1.000000000000 0.017154048559
0.600000000000 1.000000000000 0.021458625484
0.800000000000 1.000000000000 0.027321556376
1.000000000000 1.000000000000 0.034525218115
1.200000000000 1.000000000000 0.042737042856
1.400000000000 1.000000000000 0.051500442476
1.600000000000 1.000000000000 0.060247971130
1.800000000000 1.000000000000 0.068340191452
2.000000000000 1.000000000000 0.075127521472
2.200000000000 1.000000000000 0.080026112616
2.400000000000 1.000000000000 0.082594235581
2.600000000000 1.000000000000 0.082594136595
2.800000000000 1.000000000000 0.080026515886
3.000000000000 1.000000000000 0.075130279456
3.200000000000 1.000000000000 0.068347648062
3.400000000000 1.000000000000 0.060262108169
3.600000000000 1.000000000000 0.051522107118
3.800000000000 1.000000000000 0.042765487576
4.000000000000 1.000000000000 0.034558070138
4.200000000000 1.000000000000 0.027355197256
4.400000000000 1.000000000000 0.021488853592
4.600000000000 1.000000000000 0.017176848051
4.800000000000 1.000000000000 0.014545937087

0.000000000000 1.200000000000 0.016904361650
0.200000000000 1.200000000000 0.017989446954
0.400000000000 1.200000000000 0.021234337158
0.600000000000 1.200000000000 0.026563410866
0.800000000000 1.200000000000 0.033820802078
1.000000000000 1.200000000000 0.042737042856
1.200000000000 1.200000000000 0.052900390398
1.400000000000 1.200000000000 0.063745627134
1.600000000000 1.200000000000 0.074570388823
1.800000000000 1.200000000000 0.084583300292
2.000000000000 1.200000000000 0.092980539178
2.200000000000 1.200000000000 0.099039744200
2.400000000000 1.200000000000 0.102214528811
2.600000000000 1.200000000000 0.102210992901
2.800000000000 1.200000000000 0.099030340163
3.000000000000 1.200000000000 0.092968517960
3.200000000000 1.200000000000 0.084572995473
3.400000000000 1.200000000000 0.074565952047
3.600000000000 1.200000000000 0.063749846775
3.800000000000 1.200000000000 0.052913924312
4.000000000000 1.200000000000 0.042758243918
4.200000000000 1.200000000000 0.033846128537
4.400000000000 1.200000000000 0.026588260413
4.600000000000 1.200000000000 0.021254066198
4.800000000000 1.200000000000 0.018000338716

0.000000000000 1.400000000000 0.020368550250
0.200000000000 1.400000000000 0.021678032953
0.400000000000 1.400000000000 0.025589524915
0.600000000000 1.400000000000 0.032011849805
0.800000000000 1.400000000000 0.040757097347
1.000000000000 1.400000000000 0.051500442476
1.200000000000 1.400000000000 0.063745627134
1.400000000000 1.400000000000 0.076811507668
1.600000000000 1.400000000000 0.089851773198
1.800000000000 1.400000000000 0.101912979476
2.000000000000 1.400000000000 0.112026815176
2.200000000000 1.400000000000 0.119323239244
2.400000000000 1.400000000000 0.123144320025
2.600000000000 1.400000000000 0.123136363295
2.800000000000 1.400000000000 0.119301193486
3.000000000000 1.400000000000 0.111995659391
3.200000000000 1.400000000000 0.101879517763
3.400000000000 1.400000000000 0.089822874728
3.600000000000 1.400000000000 0.076792429004
3.800000000000 1.400000000000 0.063738866641
4.000000000000 1.400000000000 0.051505380595
4.200000000000 1.400000000000 0.040770430796
4.400000000000 1.400000000000 0.032028620555
4.600000000000 1.400000000000 0.025604432587
4.800000000000 1.400000000000 0.021686710940

0.000000000000 1.600000000000 0.023826903634
0.200000000000 1.600000000000 0.025360702241
0.400000000000 1.600000000000 0.029937726530
0.600000000000 1.600000000000 0.037451260407
0.800000000000 1.600000000000 0.047681380145
1.000000000000 1.600000000000 0.060247971130
1.200000000000 1.600000000000 0.074570388823
1.400000000000 1.600000000000 0.089851773198
1.600000000000 1.600000000000 0.105102164376
1.800000000000 1.600000000000 0.119206423239
2.000000000000 1.600000000000 0.131032168811
2.200000000000 1.600000000000 0.139562096532
2.400000000000 1.600000000000 0.144027086205
2.600000000000 1.600000000000 0.144013892496
2.800000000000 1.600000000000 0.139525050646
3.000000000000 1.600000000000 0.130978232205
3.200000000000 1.600000000000 0.119145245586
3.400000000000 1.600000000000 0.105043766946
3.600000000000 1.600000000000 0.089804310143
3.800000000000 1.600000000000 0.074538568726
4.000000000000 1.600000000000 0.060232477688
4.200000000000 1.600000000000 0.047679320289
4.400000000000 1.600000000000 0.037457400592
4.600000000000 1.600000000000 0.029946126048
4.800000000000 1.600000000000 0.025366330714

0.000000000000 1.800000000000 0.027026768437
0.200000000000 1.800000000000 0.028768408774
0.400000000000 1.800000000000 0.033961235221
0.600000000000 1.800000000000 0.042484141973
0.800000000000 1.800000000000 0.054087560108
1.000000000000 1.800000000000 0.068340191452
1.200000000000 1.800000000000 0.084583300292
1.400000000000 1.800000000000 0.101912979476
1.600000000000 1.800000000000 0.119206423239
1.800000000000 1.800000000000 0.135199000887
2.000000000000 1.800000000000 0.148606687583
2.200000000000 1.800000000000 0.158276111543
2.400000000000 1.800000000000 0.163335463103
2.600000000000 1.800000000000 0.163316553496
2.800000000000 1.800000000000 0.158222672990
3.000000000000 1.800000000000 0.148527790544
3.200000000000 1.800000000000 0.135107332275
3.400000000000 1.800000000000 0.119115388044
3.600000000000 1.800000000000 0.101833872504
3.800000000000 1.800000000000 0.084523268126
4.000000000000 1.800000000000 0.068301413171
4.200000000000 1.800000000000 0.054067698304
4.400000000000 1.800000000000 0.042477785345
4.600000000000 1.800000000000 0.033961859977
4.800000000000 1.800000000000 0.028770349076

0.000000000000 2.000000000000 0.029711507158
0.200000000000 2.000000000000 0.031627794565
0.400000000000 2.000000000000 0.037337221141
0.600000000000 2.000000000000 0.046706596358
0.800000000000 2.000000000000 0.059461452686
1.000000000000 2.000000000000 0.075127521472
1.200000000000 2.000000000000 0.092980539178
1.400000000000 2.000000000000 0.112026815176
1.600000000000 2.000000000000 0.131032168811
1.800000000000 2.000000000000 0.148606687583
2.000000000000 2.000000000000 0.163339309382
2.200000000000 2.000000000000 0.173962722002
2.400000000000 2.000000000000 0.179519174943
2.600000000000 2.000000000000 0.179494557312
2.800000000000 2.000000000000 0.173892896958
3.000000000000 2.000000000000 0.163235410311
3.200000000000 2.000000000000 0.148484380576
3.400000000000 2.000000000000 0.130908193730
3.600000000000 2.000000000000 0.111915586567
3.800000000000 2.000000000000 0.092891659134
4.000000000000 2.000000000000 0.075064720128
4.200000000000 2.000000000000 0.059423032132
4.400000000000 2.000000000000 0.046687063464
4.600000000000 2.000000000000 0.037329559405
4.800000000000 2.000000000000 0.031625772090

0.000000000000 2.200000000000 0.031650433671
0.200000000000 2.200000000000 0.033693084364
0.400000000000 2.200000000000 0.039775411998
0.600000000000 2.200000000000 0.049755486440
0.800000000000 2.200000000000 0.063340829867
1.000000000000 2.200000000000 0.080026112616
1.200000000000 2.200000000000 0.099039744200
1.400000000000 2.200000000000 0.119323239244
1.600000000000 2.200000000000 0.139562096532
1.800000000000 2.200000000000 0.158276111543
2.000000000000 2.200000000000 0.173962722002
2.200000000000 2.200000000000 0.185272604470
2.400000000000 2.200000000000 0.191186207675
2.600000000000 2.200000000000 0.191156466038
2.800000000000 2.200000000000 0.185188057247
3.000000000000 2.200000000000 0.173836322249
3.200000000000 2.200000000000 0.158126159819
3.400000000000 2.200000000000 0.139408294152
3.600000000000 2.200000000000 0.119182790015
3.800000000000 2.200000000000 0.098924471069
4.000000000000 2.200000000000 0.079941181470
4.200000000000 2.200000000000 0.063285179156
4.400000000000 2.200000000000 0.049723618942
4.600000000000 2.200000000000 0.039759932985
4.800000000000 2.200000000000 0.033687302283

0.000000000000 2.400000000000 0.032668946340
0.200000000000 2.400000000000 0.034778204847
0.400000000000 2.400000000000 0.041056044668
0.600000000000 2.400000000000 0.051355930338
0.800000000000 2.400000000000 0.065375887010
1.000000000000 2.400000000000 0.082594235581
1.200000000000 2.400000000000 0.102214528811
1.400000000000 2.400000000000 0.123144320025
1.600000000000 2.400000000000 0.144027086205
1.800000000000 2.400000000000 0.163335463103
2.000000000000 2.400000000000 0.179519174943
2.200000000000 2.400000000000 0.191186207675
2.400000000000 2.400000000000 0.197284915680
2.600000000000 2.400000000000 0.197251209126
2.800000000000 2.400000000000 0.191090259269
3.000000000000 2.400000000000 0.179375321630
3.200000000000 2.400000000000 0.163164014435
3.400000000000 2.400000000000 0.143850011918
3.600000000000 2.400000000000 0.122980975310
3.800000000000 2.400000000000 0.102078468977
4.000000000000 2.400000000000 0.082491770551
4.200000000000 2.400000000000 0.065306493280
4.400000000000 2.400000000000 0.051314156757
4.600000000000 2.400000000000 0.041034248069
4.800000000000 2.400000000000 0.034769370687

0.000000000000 2.600000000000 0.032672933004
0.200000000000 2.600000000000 0.034782810206
0.400000000000 2.600000000000 0.041060620212
0.600000000000 2.600000000000 0.051359783962
0.800000000000 2.600000000000 0.065378223345
1.000000000000 2.600000000000 0.082594136595
1.200000000000 2.600000000000 0.102210992901
1.400000000000 2.600000000000 0.123136363295
1.600000000000 2.600000000000 0.144013892496
1.800000000000 2.600000000000 0.163316553496
2.000000000000 2.600000000000 0.179494557312
2.200000000000 2.600000000000 0.191156466038
2.400000000000 2.600000000000 0.197251209126
2.600000000000 2.600000000000 0.197215169422
2.800000000000 2.600000000000 0.191053800149
3.000000000000 2.600000000000 0.179340394595
3.200000000000 2.600000000000 0.163132359374
3.400000000000 2.600000000000 0.143822951851
3.600000000000 2.600000000000 0.122959292918
3.800000000000 2.600000000000 0.102062381875
4.000000000000 2.600000000000 0.082480998664
4.200000000000 2.600000000000 0.065300391652
4.400000000000 2.600000000000 0.051311875688
4.600000000000 2.600000000000 0.041034881375
4.800000000000 2.600000000000 0.034772061305

0.000000000000 2.800000000000 0.031662385084
0.200000000000 2.800000000000 0.033706812826
0.400000000000 2.800000000000 0.039789076965
0.600000000000 2.800000000000 0.049767120176
0.800000000000 2.800000000000 0.063348162936
1.000000000000 2.800000000000 0.080026515886
1.200000000000 2.800000000000 0.099030340163
1.400000000000 2.800000000000 0.119301193486
1.600000000000 2.800000000000 0.139525050646
1.800000000000 2.800000000000 0.158222672990
2.000000000000 2.800000000000 0.173892896958
2.200000000000 2.800000000000 0.185188057247
2.400000000000 2.800000000000 0.191090259269
2.600000000000 2.800000000000 0.191053800149
2.800000000000 2.800000000000 0.185084171136
3.000000000000 2.800000000000 0.173736823047
3.200000000000 2.800000000000 0.158036045746
3.400000000000 2.800000000000 0.139331363091
3.600000000000 2.800000000000 0.119121284207
3.800000000000 2.800000000000 0.098879006868
4.000000000000 2.800000000000 0.079910944840
4.200000000000 2.800000000000 0.063268309835
4.400000000000 2.800000000000 0.049717673007
4.600000000000 2.800000000000 0.039762310640
4.800000000000 2.800000000000 0.033695551885

0.000000000000 3.000000000000 0.029731324225
0.200000000000 3.000000000000 0.031650325161
0.400000000000 3.000000000000 0.037359723096
0.600000000000 3.000000000000 0.046726127075
0.800000000000 3.000000000000 0.059474592872
1.000000000000 3.000000000000 0.075130279456
1.200000000000 3.000000000000 0.092968517960
1.400000000000 3.000000000000 0.111995659391
1.600000000000 3.000000000000 0.130978232205
1.800000000000 3.000000000000 0.148527790544
2.000000000000 3.000000000000 0.163235410311
2.200000000000 3.000000000000 0.173836322249
2.400000000000 3.000000000000 0.179375321630
2.600000000000 3.000000000000 0.179340394595
2.800000000000 3.000000000000 0.173736823047
3.000000000000 3.000000000000 0.163085995454
3.200000000000 3.000000000000 0.148349261430
3.400000000000 3.000000000000 0.130793164188
3.600000000000 3.000000000000 0.111824053020
3.800000000000 3.000000000000 0.092824535603
4.000000000000 3.000000000000 0.075020733119
4.200000000000 3.000000000000 0.059399315767
4.400000000000 3.000000000000 0.046679874262
4.600000000000 3.000000000000 0.037334935672
4.800000000000 3.000000000000 0.031640000499

0.000000000000 3.200000000000 0.027054072044
0.200000000000 3.200000000000 0.028799039701
0.400000000000 3.200000000000 0.033991958952
0.600000000000 3.200000000000 0.042511466296
0.800000000000 3.200000000000 0.054107377476
1.000000000000 3.200000000000 0.068347648062
1.200000000000 3.200000000000 0.084572995473
1.400000000000 3.200000000000 0.101879517763
1.600000000000 3.200000000000 0.119145245586
1.800000000000 3.200000000000 0.135107332275
2.000000000000 3.200000000000 0.148484380576
2.200000000000 3.200000000000 0.158126159819
2.400000000000 3.200000000000 0.163164014435
2.600000000000 3.200000000000 0.163132359374
2.800000000000 3.200000000000 0.158036045746
3.000000000000 3.200000000000 0.148349261430
3.200000000000 3.200000000000 0.134946279528
3.400000000000 3.200000000000 0.118978909809
3.600000000000 3.200000000000 0.101726114357
3.800000000000 3.200000000000 0.084445299060
4.000000000000 3.200000000000 0.068251611798
4.200000000000 3.200000000000 0.054042499391
4.400000000000 3.200000000000 0.042472572954
4.600000000000 3.200000000000 0.033971788299
4.800000000000 3.200000000000 0.028790919355

0.000000000000 3.400000000000 0.023860808136
0.200000000000 3.400000000000 0.025398183133
0.400000000000 3.400000000000 0.029975495457
0.600000000000 3.400000000000 0.037485733844
0.800000000000 3.400000000000 0.047708266175
1.000000000000 3.400000000000 0.060262108169
1.200000000000 3.400000000000 0.074565952047
1.400000000000 3.400000000000 0.089822874728
1.600000000000 3.400000000000 0.105043766946
1.800000000000 3.400000000000 0.119115388044
2.000000000000 3.400000000000 0.130908193730
2.200000000000 3.400000000000 0.139408294152
2.400000000000 3.400000000000 0.143850011918
2.600000000000 3.400000000000 0.143822951851
2.800000000000 3.400000000000 0.139331363091
3.000000000000 3.400000000000 0.130793164188
3.200000000000 3.400000000000 0.118978909809
3.400000000000 3.400000000000 0.104903791187
3.600000000000 3.400000000000 0.089695106951
3.800000000000 3.400000000000 0.074461209038
4.000000000000 3.400000000000 0.060185125234
4.200000000000 3.400000000000 0.047658060317
4.400000000000 3.400000000000 0.037457226169
4.600000000000 3.400000000000 0.029961839866
4.800000000000 3.400000000000 0.025393173109

0.000000000000 3.600000000000 0.020407495745
0.200000000000 3.600000000000 0.021720459020
0.400000000000 3.600000000000 0.025632468677
0.600000000000 3.600000000000 0.032052037268
0.800000000000 3.600000000000 0.040790503379
1.000000000000 3.600000000000 0.051522107118
1.200000000000 3.600000000000 0.063749846775
1.400000000000 3.600000000000 0.076792429004
1.600000000000 3.600000000000 0.089804310143
1.800000000000 3.600000000000 0.101833872504
2.000000000000 3.600000000000 0.111915586567
2.200000000000 3.600000000000 0.119182790015
2.400000000000 3.600000000000 0.122980975310
2.600000000000 3.600000000000 0.122959292918
2.800000000000 3.600000000000 0.119121284207
3.000000000000 3.600000000000 0.111824053020
3.200000000000 3.600000000000 0.101726114357
3.400000000000 3.600000000000 0.089695106951
3.600000000000 3.600000000000 0.076694540694
3.800000000000 3.600000000000 0.063671798791
4.000000000000 3.600000000000 0.051467220036
4.200000000000 3.600000000000 0.040757252319
4.400000000000 3.600000000000 0.032035482544
4.600000000000 3.600000000000 0.025626281463
4.800000000000 3.600000000000 0.021719003604

0.000000000000 3.800000000000 0.016946080578
0.200000000000 3.800000000000 0.018034276757
0.400000000000 3.800000000000 0.021279895434
0.600000000000 3.800000000000 0.026607009293
0.800000000000 3.800000000000 0.033859008853
1.000000000000 3.800000000000 0.042765487576
1.200000000000 3.800000000000 0.052913924312
1.400000000000 3.800000000000 0.063738866641
1.600000000000 3.800000000000 0.074538568726
1.800000000000 3.800000000000 0.084523268126
2.000000000000 3.800000000000 0.092891659134
2.200000000000 3.800000000000 0.098924471069
2.400000000000 3.800000000000 0.102078468977
2.600000000000 3.800000000000 0.102062381875
2.800000000000 3.800000000000 0.098879006868
3.000000000000 3.800000000000 0.092824535603
3.200000000000 3.800000000000 0.084445299060
3.400000000000 3.800000000000 0.074461209038
3.600000000000 3.800000000000 0.063671798791
3.800000000000 3.800000000000 0.052863295598
4.000000000000 3.800000000000 0.042733173327
4.200000000000 3.800000000000 0.033842965020
4.400000000000 3.800000000000 0.026602496128
4.600000000000 3.800000000000 0.021281177532
4.800000000000 3.800000000000 0.018036356773

0.000000000000 4.000000000000 0.013700246488
0.200000000000 4.000000000000 0.014577903288
0.400000000000 4.000000000000 0.017199133080
0.600000000000 4.000000000000 0.021502597502
0.800000000000 4.000000000000 0.027361745120
1.000000000000 4.000000000000 0.034558070138
1.200000000000 4.000000000000 0.042758243918
1.400000000000 4.000000000000 0.051505380595
1.600000000000 4.000000000000 0.060232477688
1.800000000000 4.000000000000 0.068301413171
2.000000000000 4.000000000000 0.075064720128
2.200000000000 4.000000000000 0.079941181470
2.400000000000 4.000000000000 0.082491770551
2.600000000000 4.000000000000 0.082480998664
2.800000000000 4.000000000000 0.079910944840
3.000000000000 4.000000000000 0.075020733119
3.200000000000 4.000000000000 0.068251611798
3.400000000000 4.000000000000 0.060185125234
3.600000000000 4.000000000000 0.051467220036
3.800000000000 4.000000000000 0.042733173327
4.000000000000 4.000000000000 0.034546629920
4.200000000000 4.000000000000 0.027361459319
4.400000000000 4.000000000000 0.021508990334
4.600000000000 4.000000000000 0.017207105904
4.800000000000 4.000000000000 0.014583123335

0.000000000000 4.200000000000 0.010850204902
0.200000000000 4.200000000000 0.011543247921
0.400000000000 4.200000000000 0.013616729020
0.600000000000 4.200000000000 0.017022116845
0.800000000000 4.200000000000 0.021659253244
1.000000000000 4.200000000000 0.027355197256
1.200000000000 4.200000000000 0.033846128537
1.400000000000 4.200000000000 0.040770430796
1.600000000000 4.200000000000 0.047679320289
1.800000000000 4.200000000000 0.054067698304
2.000000000000 4.200000000000 0.059423032132
2.200000000000 4.200000000000 0.063285179156
2.400000000000 4.200000000000 0.065306493280
2.600000000000 4.200000000000 0.065300391652
2.800000000000 4.200000000000 0.063268309835
3.000000000000 4.200000000000 0.059399315767
3.200000000000 4.200000000000 0.054042499391
3.400000000000 4.200000000000 0.047658060317
3.600000000000 4.200000000000 0.040757252319
3.800000000000 4.200000000000 0.033842965020
4.000000000000 4.200000000000 0.027361459319
4.200000000000 4.200000000000 0.021672154372
4.400000000000 4.200000000000 0.017037495964
4.600000000000 4.200000000000 0.013630128272
4.800000000000 4.200000000000 0.011550982974

0.000000000000 4.400000000000 0.008527555914
0.200000000000 4.400000000000 0.009070389294
0.400000000000 4.400000000000 0.010697969863
0.600000000000 4.400000000000 0.013372200572
0.800000000000 4.400000000000 0.017014433299
1.000000000000 4.400000000000 0.021488853592
1.200000000000 4.400000000000 0.026588260413
1.400000000000 4.400000000000 0.032028620555
1.600000000000 4.400000000000 0.037457400592
1.800000000000 4.400000000000 0.042477785345
2.000000000000 4.400000000000 0.046687063464
2.200000000000 4.400000000000 0.049723618942
2.400000000000 4.400000000000 0.051314156757
2.600000000000 4.400000000000 0.051311875688
2.800000000000 4.400000000000 0.049717673007
3.000000000000 4.400000000000 0.046679874262
3.200000000000 4.400000000000 0.042472572954
3.400000000000 4.400000000000 0.037457226169
3.600000000000 4.400000000000 0.032035482544
3.800000000000 4.400000000000 0.026602496128
4.000000000000 4.400000000000 0.021508990334
4.200000000000 4.400000000000 0.017037495964
4.400000000000 4.400000000000 0.013394364224
4.600000000000 4.400000000000 0.010715378171
4.800000000000 4.400000000000 0.009079949787

0.000000000000 4.600000000000 0.006818844971
0.200000000000 4.600000000000 0.007251378249
0.400000000000 4.600000000000 0.008551395311
0.600000000000 4.600000000000 0.010688473782
0.800000000000 4.600000000000 0.013599793112
1.000000000000 4.600000000000 0.017176848051
1.200000000000 4.600000000000 0.021254066198
1.400000000000 4.600000000000 0.025604432587
1.600000000000 4.600000000000 0.029946126048
1.800000000000 4.600000000000 0.033961859977
2.000000000000 4.600000000000 0.037329559405
2.200000000000 4.600000000000 0.039759932985
2.400000000000 4.600000000000 0.041034248069
2.600000000000 4.600000000000 0.041034881375
2.800000000000 4.600000000000 0.039762310640
3.000000000000 4.600000000000 0.037334935672
3.200000000000 4.600000000000 0.033971788299
3.400000000000 4.600000000000 0.029961839866
3.600000000000 4.600000000000 0.025626281463
3.800000000000 4.600000000000 0.021281177532
4.000000000000 4.600000000000 0.017207105904
4.200000000000 4.600000000000 0.013630128272
4.400000000000 4.600000000000 0.010715378171
4.600000000000 4.600000000000 0.008571531335
4.800000000000 4.600000000000 0.007262152743

0.000000000000 4.800000000000 0.005774623127
0.200000000000 4.800000000000 0.006139912812
0.400000000000 4.800000000000 0.007240251617
0.600000000000 4.800000000000 0.009049907773
0.800000000000 4.800000000000 0.011515741302
1.000000000000 4.800000000000 0.014545937087
1.200000000000 4.800000000000 0.018000338716
1.400000000000 4.800000000000 0.021686710940
1.600000000000 4.800000000000 0.025366330714
1.800000000000 4.800000000000 0.028770349076
2.000000000000 4.800000000000 0.031625772090
2.200000000000 4.800000000000 0.033687302283
2.400000000000 4.800000000000 0.034769370687
2.600000000000 4.800000000000 0.034772061305
2.800000000000 4.800000000000 0.033695551885
3.000000000000 4.800000000000 0.031640000499
3.200000000000 4.800000000000 0.028790919355
3.400000000000 4.800000000000 0.025393173109
3.600000000000 4.800000000000 0.021719003604
3.800000000000 4.800000000000 0.018036356773
4.000000000000 4.800000000000 0.014583123335
4.200000000000 4.800000000000 0.011550982974
4.400000000000 4.800000000000 0.009079949787
4.600000000000 4.800000000000 0.007262152743
4.800000000000 4.800000000000 0.006151457104

