# x y u
0.000000000000 0.000000000000 0.330537263183
0.200000000000 0.000000000000 0.321887187642
0.400000000000 0.000000000000 0.297440562190
0.600000000000 0.000000000000 0.260774550670
0.800000000000 0.000000000000 0.216876632626
1.000000000000 0.000000000000 0.171047291826
1.200000000000 0.000000000000 0.127884399970
1.400000000000 0.000000000000 0.090609746902
1.600000000000 0.000000000000 0.060850362692
1.800000000000 0.000000000000 0.038831098451
2.000000000000 0.000000000000 0.023830485923
2.200000000000 0.000000000000 0.014723566259
2.400000000000 0.000000000000 0.010469113173
2.600000000000 0.000000000000 0.010458446787
2.800000000000 0.000000000000 0.014693920239
3.000000000000 0.000000000000 0.023790381760
3.200000000000 0.000000000000 0.038798247187
3.400000000000 0.000000000000 0.060852822468
3.600000000000 0.000000000000 0.090681600141
3.800000000000 0.000000000000 0.128054595129
4.000000000000 0.000000000000 0.171324411334
4.200000000000 0.000000000000 0.217236302631
4.400000000000 0.000000000000 0.261157316068
4.600000000000 0.000000000000 0.297764642541
4.800000000000 0.000000000000 0.322073525249

0.000000000000 0.200000000000 0.321887187642
0.200000000000 0.200000000000 0.313457546786
0.400000000000 0.200000000000 0.289648366488
0.600000000000 0.200000000000 0.253943273719
0.800000000000 0.200000000000 0.211198302619
1.000000000000 0.200000000000 0.166573692185
1.200000000000 0.200000000000 0.124545400443
1.400000000000 0.200000000000 0.088249742776
1.600000000000 0.200000000000 0.059270688490
1.800000000000 0.200000000000 0.037827384213
2.000000000000 0.200000000000 0.023217874855
2.200000000000 0.200000000000 0.014347456988
2.400000000000 0.200000000000 0.010202931150
2.600000000000 0.200000000000 0.010192161847
2.800000000000 0.200000000000 0.014317842693
3.000000000000 0.200000000000 0.023178892038
3.200000000000 0.200000000000 0.037798108379
3.400000000000 0.200000000000 0.059280605787
3.600000000000 0.200000000000 0.088333974125
3.800000000000 0.200000000000 0.124733077161
4.000000000000 0.200000000000 0.166872389833
4.200000000000 0.200000000000 0.211581396743
4.400000000000 0.200000000000 0.254348124479
4.600000000000 0.200000000000 0.289989714018
4.800000000000 0.200000000000 0.313653369831

0.000000000000 0.400000000000 0.297440562190
0.200000000000 0.400000000000 0.289648366488
0.400000000000 0.400000000000 0.267647881358
0.600000000000 0.400000000000 0.234657842950
0.800000000000 0.400000000000 0.195164352723
1.000000000000 0.400000000000 0.153934224107
1.200000000000 0.400000000000 0.115102085464
1.400000000000 0.400000000000 0.081565194556
1.600000000000 0.400000000000 0.054787049431
1.800000000000 0.400000000000 0.034970579209
2.000000000000 0.400000000000 0.021467918200
2.200000000000 0.400000000000 0.013268358606
2.400000000000 0.400000000000 0.009436384089
2.600000000000 0.400000000000 0.009425346087
2.800000000000 0.400000000000 0.013238013684
3.000000000000 0.400000000000 0.021427866410
3.200000000000 0.400000000000 0.034939822942
3.400000000000 0.400000000000 0.054794584405
3.600000000000 0.400000000000 0.081645232083
3.800000000000 0.400000000000 0.115282758025
4.000000000000 0.400000000000 0.154222612819
4.200000000000 0.400000000000 0.195534432440
4.400000000000 0.400000000000 0.235048893882
4.600000000000 0.400000000000 0.267977506632
4.800000000000 0.400000000000 0.289837425231

0.000000000000 0.600000000000 0.260774550670
0.200000000000 0.600000000000 0.253943273719
0.400000000000 0.600000000000 0.234657842950
0.600000000000 0.600000000000 0.205739543867
0.800000000000 0.600000000000 0.171120207486
1.000000000000 0.600000000000 0.134977609990
1.200000000000 0.600000000000 0.100935564525
1.400000000000 0.600000000000 0.071533644082
1.600000000000 0.600000000000 0.048055066917
1.800000000000 0.600000000000 0.030678383128
2.000000000000 0.600000000000 0.018836464646
2.200000000000 0.600000000000 0.011644044294
2.400000000000 0.600000000000 0.008281581009
2.600000000000 0.600000000000 0.008270207588
2.800000000000 0.600000000000 0.011612502480
3.000000000000 0.600000000000 0.018793655793
3.200000000000 0.600000000000 0.030641846149
3.400000000000 0.600000000000 0.048051493286
3.600000000000 0.600000000000 0.071594533208
3.800000000000 0.600000000000 0.101086990476
4.000000000000 0.600000000000 0.135226672020
4.200000000000 0.600000000000 0.171444120992
4.400000000000 0.600000000000 0.206084176881
4.600000000000 0.600000000000 0.234949421175
4.800000000000 0.600000000000 0.254110822006

0.000000000000 0.800000000000 0.216876632626
0.200000000000 0.800000000000 0.211198302619
0.400000000000 0.800000000000 0.195164352723
0.600000000000 0.800000000000 0.171120207486
0.800000000000 0.800000000000 0.142334521107
1.000000000000 0.800000000000 0.112280528724
1.200000000000 0.800000000000 0.083971170234
1.400000000000 0.800000000000 0.059518285927
1.600000000000 0.800000000000 0.039989456825
1.800000000000 0.800000000000 0.025533956344
2.000000000000 0.800000000000 0.015681033457
2.200000000000 0.800000000000 0.009695241522
2.400000000000 0.800000000000 0.006895547609
2.600000000000 0.800000000000 0.006883967111
2.800000000000 0.800000000000 0.009662677499
3.000000000000 0.800000000000 0.015635043782
3.200000000000 0.800000000000 0.025489538559
3.400000000000 0.800000000000 0.039969605494
3.600000000000 0.800000000000 0.059550408723
3.800000000000 0.800000000000 0.084078451844
4.000000000000 0.800000000000 0.112470402967
4.200000000000 0.800000000000 0.142589302487
4.400000000000 0.800000000000 0.171395671351
4.600000000000 0.800000000000 0.195399452042
4.800000000000 0.800000000000 0.211333995682

0.000000000000 1.000000000000 0.171047291826
0.200000000000 1.000000000000 0.166573692185
0.400000000000 1.000000000000 0.153934224107
0.600000000000 1.000000000000 0.134977609990
0.800000000000 1.000000000000 0.112280528724
1.000000000000 1.000000000000 0.088581196578
1.200000000000 1.000000000000 0.066255286194
1.400000000000 1.000000000000 0.046968390857
1.600000000000 1.000000000000 0.031563035905
1.800000000000 1.000000000000 0.020157791931
2.000000000000 1.000000000000 0.012382263649
2.200000000000 1.000000000000 0.007657124963
2.400000000000 1.000000000000 0.005445692549
2.600000000000 1.000000000000 0.005434243104
2.800000000000 1.000000000000 0.007624435467
3.000000000000 1.000000000000 0.012334189311
3.200000000000 1.000000000000 0.020106190812
3.400000000000 1.000000000000 0.031526430262
3.600000000000 1.000000000000 0.046969309117
3.800000000000 1.000000000000 0.066313490644
4.000000000000 1.000000000000 0.088704472483
4.200000000000 1.000000000000 0.112457051702
4.400000000000 1.000000000000 0.135174535597
4.600000000000 1.000000000000 0.154105098450
4.800000000000 1.000000000000 0.166673136618

0.000000000000 1.200000000000 0.127884399970
0.200000000000 1.200000000000 0.124545400443
0.400000000000 1.200000000000 0.115102085464
0.600000000000 1.200000000000 0.100935564525
0.800000000000 1.200000000000 0.083971170234
1.000000000000 1.200000000000 0.066255286194
1.200000000000 1.200000000000 0.049563734284
1.400000000000 1.200000000000 0.035141988795
1.600000000000 1.200000000000 0.023620582287
1.800000000000 1.200000000000 0.015088986062
2.000000000000 1.200000000000 0.009271066495
2.200000000000 1.200000000000 0.005734284678
2.400000000000 1.200000000000 0.004077714601
2.600000000000 1.200000000000 0.004066872940
2.800000000000 1.200000000000 0.005702882930
3.000000000000 1.200000000000 0.009223205910
3.200000000000 1.200000000000 0.015033298614
3.400000000000 1.200000000000 0.023570994340
3.600000000000 1.200000000000 0.035115985546
3.800000000000 1.200000000000 0.049577445058
4.000000000000 1.200000000000 0.066316583684
4.200000000000 1.200000000000 0.084073773382
4.400000000000 1.200000000000 0.101057654263
4.600000000000 1.200000000000 0.115211449681
4.800000000000 1.200000000000 0.124610035459

0.000000000000 1.400000000000 0.090609746902
0.200000000000 1.400000000000 0.088249742776
0.400000000000 1.400000000000 0.081565194556
0.600000000000 1.400000000000 0.071533644082
0.800000000000 1.400000000000 0.059518285927
1.000000000000 1.400000000000 0.046968390857
1.200000000000 1.400000000000 0.035141988795
1.400000000000 1.400000000000 0.024921806833
1.600000000000 1.400000000000 0.016755201570
1.800000000000 1.400000000000 0.010706303488
2.000000000000 1.400000000000 0.006580136464
2.200000000000 1.400000000000 0.004070709707
2.400000000000 1.400000000000 0.002894187424
2.600000000000 1.400000000000 0.002884444150
2.800000000000 1.400000000000 0.004042132523
3.000000000000 1.400000000000 0.006535272609
3.200000000000 1.400000000000 0.010650891691
3.400000000000 1.400000000000 0.016698988420
3.600000000000 1.400000000000 0.024877598652
3.800000000000 1.400000000000 0.035122373458
4.000000000000 1.400000000000 0.046980900653
4.200000000000 1.400000000000 0.059561078496
4.400000000000 1.400000000000 0.071594196205
4.600000000000 1.400000000000 0.081623497502
4.800000000000 1.400000000000 0.088285336322

0.000000000000 1.600000000000 0.060850362692
0.200000000000 1.600000000000 0.059270688490
0.400000000000 1.600000000000 0.054787049431
0.600000000000 1.600000000000 0.048055066917
0.800000000000 1.600000000000 0.039989456825
1.000000000000 1.600000000000 0.031563035905
1.200000000000 1.600000000000 0.023620582287
1.400000000000 1.600000000000 0.016755201570
1.600000000000 1.600000000000 0.011267863038
1.800000000000 1.600000000000 0.007202248171
2.000000000000 1.600000000000 0.004427950806
2.200000000000 1.600000000000 0.002739834167
2.400000000000 1.600000000000 0.001947436014
2.600000000000 1.600000000000 0.001939168142
2.800000000000 1.600000000000 0.002715324914
3.000000000000 1.600000000000 0.004388540720
3.200000000000 1.600000000000 0.007151368621
3.400000000000 1.600000000000 0.011211835361
3.600000000000 1.600000000000 0.016702870717
3.800000000000 1.600000000000 0.023581330908
4.000000000000 1.600000000000 0.031543621564
4.200000000000 1.600000000000 0.039991013957
4.400000000000 1.600000000000 0.048071939741
4.600000000000 1.600000000000 0.054808501766
4.800000000000 1.600000000000 0.059285140398

0.000000000000 1.800000000000 0.038831098451
0.200000000000 1.800000000000 0.037827384213
0.400000000000 1.800000000000 0.034970579209
0.600000000000 1.800000000000 0.030678383128
0.800000000000 1.800000000000 0.025533956344
1.000000000000 1.800000000000 0.020157791931
1.200000000000 1.800000000000 0.015088986062
1.400000000000 1.800000000000 0.010706303488
1.600000000000 1.800000000000 0.007202248171
1.800000000000 1.800000000000 0.004605169079
2.000000000000 1.800000000000 0.002832241173
2.200000000000 1.800000000000 0.001752804516
2.400000000000 1.800000000000 0.001245405103
2.600000000000 1.800000000000 0.001238790078
2.800000000000 1.800000000000 0.001733018053
3.000000000000 1.800000000000 0.002799800596
3.200000000000 1.800000000000 0.004561858493
3.400000000000 1.800000000000 0.007151838156
3.600000000000 1.800000000000 0.010654552481
3.800000000000 1.800000000000 0.015042573008
4.000000000000 1.800000000000 0.020122394910
4.200000000000 1.800000000000 0.025512278386
4.400000000000 1.800000000000 0.030669169586
4.600000000000 1.800000000000 0.034969327105
4.800000000000 1.800000000000 0.037828603959

0.000000000000 2.000000000000 0.023830485923
0.200000000000 2.000000000000 0.023217874855
0.400000000000 2.000000000000 0.021467918200
0.600000000000 2.000000000000 0.018836464646
0.800000000000 2.000000000000 0.015681033457
1.000000000000 2.000000000000 0.012382263649
1.200000000000 2.000000000000 0.009271066495
1.400000000000 2.000000000000 0.006580136464
1.600000000000 2.000000000000 0.004427950806
1.800000000000 2.000000000000 0.002832241173
2.000000000000 2.000000000000 0.001742435302
2.200000000000 2.000000000000 0.001078492247
2.400000000000 2.000000000000 0.000765908110
2.600000000000 2.000000000000 0.000760899031
2.800000000000 2.000000000000 0.001063391798
3.000000000000 2.000000000000 0.001717270247
3.200000000000 2.000000000000 0.002797741084
3.400000000000 2.000000000000 0.004386153447
3.600000000000 2.000000000000 0.006534580716
3.800000000000 2.000000000000 0.009226311731
4.000000000000 2.000000000000 0.012342809780
4.200000000000 2.000000000000 0.015650080808
4.400000000000 2.000000000000 0.018815129411
4.600000000000 2.000000000000 0.021455353751
4.800000000000 2.000000000000 0.023212282701

0.000000000000 2.200000000000 0.014723566259
0.200000000000 2.200000000000 0.014347456988
0.400000000000 2.200000000000 0.013268358606
0.600000000000 2.200000000000 0.011644044294
0.800000000000 2.200000000000 0.009695241522
1.000000000000 2.200000000000 0.007657124963
1.200000000000 2.200000000000 0.005734284678
1.400000000000 2.200000000000 0.004070709707
1.600000000000 2.200000000000 0.002739834167
1.800000000000 2.200000000000 0.001752804516
2.000000000000 2.200000000000 0.001078492247
2.200000000000 2.200000000000 0.000667482694
2.400000000000 2.200000000000 0.000473716439
2.600000000000 2.200000000000 0.000470070800
2.800000000000 2.200000000000 0.000656410389
3.000000000000 2.200000000000 0.001059763305
3.200000000000 2.200000000000 0.001726539026
3.400000000000 2.200000000000 0.002706994219
3.600000000000 2.200000000000 0.004033368712
3.800000000000 2.200000000000 0.005695481385
4.000000000000 2.200000000000 0.007620300213
4.200000000000 2.200000000000 0.009663477824
4.400000000000 2.200000000000 0.011619456142
4.600000000000 2.200000000000 0.013251919151
4.800000000000 2.200000000000 0.014339306649

0.000000000000 2.400000000000 0.010469113173
0.200000000000 2.400000000000 0.010202931150
0.400000000000 2.400000000000 0.009436384089
0.600000000000 2.400000000000 0.008281581009
0.800000000000 2.400000000000 0.006895547609
1.000000000000 2.400000000000 0.005445692549
1.200000000000 2.400000000000 0.004077714601
1.400000000000 2.400000000000 0.002894187424
1.600000000000 2.400000000000 0.001947436014
1.800000000000 2.400000000000 0.001245405103
2.000000000000 2.400000000000 0.000765908110
2.200000000000 2.400000000000 0.000473716439
2.400000000000 2.400000000000 0.000335977612
2.600000000000 2.400000000000 0.000333314754
2.800000000000 2.400000000000 0.000465562418
3.000000000000 2.400000000000 0.000751900511
3.200000000000 2.400000000000 0.001225331818
3.400000000000 2.400000000000 0.001921649466
3.600000000000 2.400000000000 0.002863898430
3.800000000000 2.400000000000 0.004045014891
4.000000000000 2.400000000000 0.005413267332
4.200000000000 2.400000000000 0.006866183602
4.400000000000 2.400000000000 0.008257674622
4.600000000000 2.400000000000 0.009419644355
4.800000000000 2.400000000000 0.010194349770

0.000000000000 2.600000000000 0.010458446787
0.200000000000 2.600000000000 0.010192161847
0.400000000000 2.600000000000 0.009425346087
0.600000000000 2.600000000000 0.008270207588
0.800000000000 2.600000000000 0.006883967111
1.000000000000 2.600000000000 0.005434243104
1.200000000000 2.600000000000 0.004066872940
1.400000000000 2.600000000000 0.002884444150
1.600000000000 2.600000000000 0.001939168142
1.800000000000 2.600000000000 0.001238790078
2.000000000000 2.600000000000 0.000760899031
2.200000000000 2.600000000000 0.000470070800
2.400000000000 2.600000000000 0.000333314754
2.600000000000 2.600000000000 0.000331175986
2.800000000000 2.600000000000 0.000463459072
3.000000000000 2.600000000000 0.000749350344
3.200000000000 2.600000000000 0.001221894270
3.400000000000 2.600000000000 0.001916969921
3.600000000000 2.600000000000 0.002857761152
3.800000000000 2.600000000000 0.004037389673
4.000000000000 2.600000000000 0.005404325223
4.200000000000 2.600000000000 0.006856260614
4.400000000000 2.600000000000 0.008247181053
4.600000000000 2.600000000000 0.009408944327
4.800000000000 2.600000000000 0.010183656530

0.000000000000 2.800000000000 0.014693920239
0.200000000000 2.800000000000 0.014317842693
0.400000000000 2.800000000000 0.013238013684
0.600000000000 2.800000000000 0.011612502480
0.800000000000 2.800000000000 0.009662677499
1.000000000000 2.800000000000 0.007624435467
1.200000000000 2.800000000000 0.005702882930
1.400000000000 2.800000000000 0.004042132523
1.600000000000 2.800000000000 0.002715324914
1.800000000000 2.800000000000 0.001733018053
2.000000000000 2.800000000000 0.001063391798
2.200000000000 2.800000000000 0.000656410389
2.400000000000 2.800000000000 0.000465562418
2.600000000000 2.800000000000 0.000463459072
2.800000000000 2.800000000000 0.000649853485
3.000000000000 2.800000000000 0.001051784904
3.200000000000 2.800000000000 0.001715795478
3.400000000000 2.800000000000 0.002692424726
3.600000000000 2.800000000000 0.004014370627
3.800000000000 2.800000000000 0.005672060415
4.000000000000 2.800000000000 0.007593114925
4.200000000000 2.800000000000 0.009633710219
4.400000000000 2.800000000000 0.011588501908
4.600000000000 2.800000000000 0.013220979805
4.800000000000 2.800000000000 0.014309034908

0.000000000000 3.000000000000 0.023790381760
0.200000000000 3.000000000000 0.023178892038
0.400000000000 3.000000000000 0.021427866410
0.600000000000 3.000000000000 0.018793655793
0.800000000000 3.000000000000 0.015635043782
1.000000000000 3.000000000000 0.012334189311
1.200000000000 3.000000000000 0.009223205910
1.400000000000 3.000000000000 0.006535272609
1.600000000000 3.000000000000 0.004388540720
1.800000000000 3.000000000000 0.002799800596
2.000000000000 3.000000000000 0.001717270247
2.200000000000 3.000000000000 0.001059763305
2.400000000000 3.000000000000 0.000751900511
2.600000000000 3.000000000000 0.000749350344
2.800000000000 3.000000000000 0.001051784904
3.000000000000 3.000000000000 0.001703082718
3.200000000000 3.000000000000 0.002778699525
3.400000000000 3.000000000000 0.004360539275
3.600000000000 3.000000000000 0.006501572480
3.800000000000 3.000000000000 0.009186263347
4.000000000000 3.000000000000 0.012297309630
4.200000000000 3.000000000000 0.015601663769
4.400000000000 3.000000000000 0.018766635237
4.600000000000 3.000000000000 0.021409097330
4.800000000000 3.000000000000 0.023169336166

0.000000000000 3.200000000000 0.038798247187
0.200000000000 3.200000000000 0.037798108379
0.400000000000 3.200000000000 0.034939822942
0.600000000000 3.200000000000 0.030641846149
0.800000000000 3.200000000000 0.025489538559
1.000000000000 3.200000000000 0.020106190812
1.200000000000 3.200000000000 0.015033298614
1.400000000000 3.200000000000 0.010650891691
1.600000000000 3.200000000000 0.007151368621
1.800000000000 3.200000000000 0.004561858493
2.000000000000 3.200000000000 0.002797741084
2.200000000000 3.200000000000 0.001726539026
2.400000000000 3.200000000000 0.001225331818
2.600000000000 3.200000000000 0.001221894270
2.800000000000 3.200000000000 0.001715795478
3.000000000000 3.200000000000 0.002778699525
3.200000000000 3.200000000000 0.004533740049
3.400000000000 3.200000000000 0.007114510759
3.600000000000 3.200000000000 0.010607340216
3.800000000000 3.200000000000 0.014986744240
4.000000000000 3.200000000000 0.020061196615
4.200000000000 3.200000000000 0.025450374245
4.400000000000 3.200000000000 0.030611485957
4.600000000000 3.200000000000 0.034919598226
4.800000000000 3.200000000000 0.037788130523

0.000000000000 3.400000000000 0.060852822468
0.200000000000 3.400000000000 0.059280605787
0.400000000000 3.400000000000 0.054794584405
0.600000000000 3.400000000000 0.048051493286
0.800000000000 3.400000000000 0.039969605494
1.000000000000 3.400000000000 0.031526430262
1.200000000000 3.400000000000 0.023570994340
1.400000000000 3.400000000000 0.016698988420
1.600000000000 3.400000000000 0.011211835361
1.800000000000 3.400000000000 0.007151838156
2.000000000000 3.400000000000 0.004386153447
2.200000000000 3.400000000000 0.002706994219
2.400000000000 3.400000000000 0.001921649466
2.600000000000 3.400000000000 0.001916969921
2.800000000000 3.400000000000 0.002692424726
3.000000000000 3.400000000000 0.004360539275
3.200000000000 3.400000000000 0.007114510759
3.400000000000 3.400000000000 0.011163852105
3.600000000000 3.400000000000 0.016643826064
3.800000000000 3.400000000000 0.023514201960
4.000000000000 3.400000000000 0.031474234454
4.200000000000 3.400000000000 0.039927051343
4.400000000000 3.400000000000 0.048021055194
4.600000000000 3.400000000000 0.054776011814
4.800000000000 3.400000000000 0.059272097207

0.000000000000 3.600000000000 0.090681600141
0.200000000000 3.600000000000 0.088333974125
0.400000000000 3.600000000000 0.081645232083
0.600000000000 3.600000000000 0.071594533208
0.800000000000 3.600000000000 0.059550408723
1.000000000000 3.600000000000 0.046969309117
1.200000000000 3.600000000000 0.035115985546
1.400000000000 3.600000000000 0.024877598652
1.600000000000 3.600000000000 0.016702870717
1.800000000000 3.600000000000 0.010654552481
2.000000000000 3.600000000000 0.006534580716
2.200000000000 3.600000000000 0.004033368712
2.400000000000 3.600000000000 0.002863898430
2.600000000000 3.600000000000 0.002857761152
2.800000000000 3.600000000000 0.004014370627
3.000000000000 3.600000000000 0.006501572480
3.200000000000 3.600000000000 0.010607340216
3.400000000000 3.600000000000 0.016643826064
3.600000000000 3.600000000000 0.024812366388
3.800000000000 3.600000000000 0.035052611576
4.000000000000 3.600000000000 0.046915887347
4.200000000000 3.600000000000 0.059512246145
4.400000000000 3.600000000000 0.071572319562
4.600000000000 3.600000000000 0.081635353694
4.800000000000 3.600000000000 0.088330988110

0.000000000000 3.800000000000 0.128054595129
0.200000000000 3.800000000000 0.124733077161
0.400000000000 3.800000000000 0.115282758025
0.600000000000 3.800000000000 0.101086990476
0.800000000000 3.800000000000 0.084078451844
1.000000000000 3.800000000000 0.066313490644
1.200000000000 3.800000000000 0.049577445058
1.400000000000 3.800000000000 0.035122373458
1.600000000000 3.800000000000 0.023581330908
1.800000000000 3.800000000000 0.015042573008
2.000000000000 3.800000000000 0.009226311731
2.200000000000 3.800000000000 0.005695481385
2.400000000000 3.800000000000 0.004045014891
2.600000000000 3.800000000000 0.004037389673
2.800000000000 3.800000000000 0.005672060415
3.000000000000 3.800000000000 0.009186263347
3.200000000000 3.800000000000 0.014986744240
3.400000000000 3.800000000000 0.023514201960
3.600000000000 3.800000000000 0.035052611576
3.800000000000 3.800000000000 0.049516180358
4.000000000000 3.800000000000 0.066270603663
4.200000000000 3.800000000000 0.084058467015
4.400000000000 3.800000000000 0.101086810229
4.600000000000 3.800000000000 0.115292850790
4.800000000000 3.800000000000 0.124741973280

0.000000000000 4.000000000000 0.171324411334
0.200000000000 4.000000000000 0.166872389833
0.400000000000 4.000000000000 0.154222612819
0.600000000000 4.000000000000 0.135226672020
0.800000000000 4.000000000000 0.112470402967
1.000000000000 4.000000000000 0.088704472483
1.200000000000 4.000000000000 0.066316583684
1.400000000000 4.000000000000 0.046980900653
1.600000000000 4.000000000000 0.031543621564
1.800000000000 4.000000000000 0.020122394910
2.000000000000 4.000000000000 0.012342809780
2.200000000000 4.000000000000 0.007620300213
2.400000000000 4.000000000000 0.005413267332
2.600000000000 4.000000000000 0.005404325223
2.800000000000 4.000000000000 0.007593114925
3.000000000000 4.000000000000 0.012297309630
3.200000000000 4.000000000000 0.020061196615
3.400000000000 4.000000000000 0.031474234454
3.600000000000 4.000000000000 0.046915887347
3.800000000000 4.000000000000 0.066270603663
4.000000000000 4.000000000000 0.088688794098
4.200000000000 4.000000000000 0.112487260349
4.400000000000 4.000000000000 0.135266640293
4.600000000000 4.000000000000 0.154267169585
4.800000000000 4.000000000000 0.166901246895

0.000000000000 4.200000000000 0.217236302631
0.200000000000 4.200000000000 0.211581396743
0.400000000000 4.200000000000 0.195534432440
0.600000000000 4.200000000000 0.171444120992
0.800000000000 4.200000000000 0.142589302487
1.000000000000 4.200000000000 0.112457051702
1.200000000000 4.200000000000 0.084073773382
1.400000000000 4.200000000000 0.059561078496
1.600000000000 4.200000000000 0.039991013957
1.800000000000 4.200000000000 0.025512278386
2.000000000000 4.200000000000 0.015650080808
2.200000000000 4.200000000000 0.009663477824
2.400000000000 4.200000000000 0.006866183602
2.600000000000 4.200000000000 0.006856260614
2.800000000000 4.200000000000 0.009633710219
3.000000000000 4.200000000000 0.015601663769
3.200000000000 4.200000000000 0.025450374245
3.400000000000 4.200000000000 0.039927051343
3.600000000000 4.200000000000 0.059512246145
3.800000000000 4.200000000000 0.084058467015
4.000000000000 4.200000000000 0.112487260349
4.200000000000 4.200000000000 0.142663252327
4.400000000000 4.200000000000 0.171543433599
4.600000000000 4.200000000000 0.195628563769
4.800000000000 4.200000000000 0.211638558481

0.000000000000 4.400000000000 0.261157316068
0.200000000000 4.400000000000 0.254348124479
0.400000000000 4.400000000000 0.235048893882
0.600000000000 4.400000000000 0.206084176881
0.800000000000 4.400000000000 0.171395671351
1.000000000000 4.400000000000 0.135174535597
1.200000000000 4.400000000000 0.101057654263
1.400000000000 4.400000000000 0.071594196205
1.600000000000 4.400000000000 0.048071939741
1.800000000000 4.400000000000 0.030669169586
2.000000000000 4.400000000000 0.018815129411
2.200000000000 4.400000000000 0.011619456142
2.400000000000 4.400000000000 0.008257674622
2.600000000000 4.400000000000 0.008247181053
2.800000000000 4.400000000000 0.011588501908
3.000000000000 4.400000000000 0.018766635237
3.200000000000 4.400000000000 0.030611485957
3.400000000000 4.400000000000 0.048021055194
3.600000000000 4.400000000000 0.071572319562
3.800000000000 4.400000000000 0.101086810229
4.000000000000 4.400000000000 0.135266640293
4.200000000000 4.400000000000 0.171543433599
4.400000000000 4.400000000000 0.206258220587
4.600000000000 4.400000000000 0.235204454994
4.800000000000 4.400000000000 0.254440052725

0.000000000000 4.600000000000 0.297764642541
0.200000000000 4.600000000000 0.289989714018
0.400000000000 4.600000000000 0.267977506632
0.600000000000 4.600000000000 0.234949421175
0.800000000000 4.600000000000 0.195399452042
1.000000000000 4.600000000000 0.154105098450
1.200000000000 4.600000000000 0.115211449681
1.400000000000 4.600000000000 0.081623497502
1.600000000000 4.600000000000 0.054808501766
1.800000000000 4.600000000000 0.034969327105
2.000000000000 4.600000000000 0.021455353751
2.200000000000 4.600000000000 0.013251919151
2.400000000000 4.600000000000 0.009419644355
2.600000000000 4.600000000000 0.009408944327
2.800000000000 4.600000000000 0.013220979805
3.000000000000 4.600000000000 0.021409097330
3.200000000000 4.600000000000 0.034919598226
3.400000000000 4.600000000000 0.054776011814
3.600000000000 4.600000000000 0.081635353694
3.800000000000 4.600000000000 0.115292850790
4.000000000000 4.600000000000 0.154267169585
4.200000000000 4.600000000000 0.195628563769
4.400000000000 4.600000000000 0.235204454994
4.600000000000 4.600000000000 0.268198931086
4.800000000000 4.600000000000 0.290118694565

0.000000000000 4.800000000000 0.322073525249
0.200000000000 4.800000000000 0.313653369831
0.400000000000 4.800000000000 0.289837425231
0.600000000000 4.800000000000 0.254110822006
0.800000000000 4.800000000000 0.211333995682
1.000000000000 4.800000000000 0.166673136618
1.200000000000 4.800000000000 0.124610035459
1.400000000000 4.800000000000 0.088285336322
1.600000000000 4.800000000000 0.059285140398
1.800000000000 4.800000000000 0.037828603959
2.000000000000 4.800000000000 0.023212282701
2.200000000000 4.800000000000 0.014339306649
2.400000000000 4.800000000000 0.010194349770
2.600000000000 4.800000000000 0.010183656530
2.800000000000 4.800000000000 0.014309034908
3.000000000000 4.800000000000 0.023169336166
3.200000000000 4.800000000000 0.037788130523
3.400000000000 4.800000000000 0.059272097207
3.600000000000 4.800000000000 0.088330988110
3.800000000000 4.800000000000 0.124741973280
4.000000000000 4.800000000000 0.166901246895
4.200000000000 4.800000000000 0.211638558481
4.400000000000 4.800000000000 0.254440052725
4.600000000000 4.800000000000 0.290118694565
4.800000000000 4.800000000000 0.313815858408

