# x y u
0.000000000000 0.000000000000 0.218611152027
0.200000000000 0.000000000000 0.239830378702
0.400000000000 0.000000000000 0.251165636691
0.600000000000 0.000000000000 0.251118363709
0.800000000000 0.000000000000 0.239700693859
1.000000000000 0.000000000000 0.218431196694
1.200000000000 0.000000000000 0.190006494748
1.400000000000 0.000000000000 0.157746403246
1.600000000000 0.000000000000 0.124969838196
1.800000000000 0.000000000000 0.094463056730
2.000000000000 0.000000000000 0.068155074171
2.200000000000 0.000000000000 0.047040681711
2.400000000000 0.000000000000 0.031319268032
2.600000000000 0.000000000000 0.020670497043
2.800000000000 0.000000000000 0.014573731664
3.000000000000 0.000000000000 0.012590441229
3.200000000000 0.000000000000 0.014553880611
3.400000000000 0.000000000000 0.020635730684
3.600000000000 0.000000000000 0.031280011935
3.800000000000 0.000000000000 0.047012842183
4.000000000000 0.000000000000 0.068157953481
4.200000000000 0.000000000000 0.094514393534
4.400000000000 0.000000000000 0.125078802761
4.600000000000 0.000000000000 0.157907126308
4.800000000000 0.000000000000 0.190195498039

0.000000000000 0.200000000000 0.239830378702
0.200000000000 0.200000000000 0.263098220630
0.400000000000 0.200000000000 0.275522766393
0.600000000000 0.200000000000 0.275461785976
0.800000000000 0.200000000000 0.262930059783
1.000000000000 0.200000000000 0.239594331011
1.200000000000 0.200000000000 0.208412882039
1.400000000000 0.200000000000 0.173026905283
1.600000000000 0.200000000000 0.137076131551
1.800000000000 0.200000000000 0.103615845476
2.000000000000 0.200000000000 0.074761146428
2.200000000000 0.200000000000 0.051602705656
2.400000000000 0.200000000000 0.034359105673
2.600000000000 0.200000000000 0.022679181767
2.800000000000 0.200000000000 0.015992281405
3.000000000000 0.200000000000 0.013817901882
3.200000000000 0.200000000000 0.015973624347
3.400000000000 0.200000000000 0.022648102767
3.600000000000 0.200000000000 0.034328477116
3.800000000000 0.200000000000 0.051591616572
4.000000000000 0.200000000000 0.074792029232
4.200000000000 0.200000000000 0.103708367455
4.400000000000 0.200000000000 0.137238933246
4.600000000000 0.200000000000 0.173250232259
4.800000000000 0.200000000000 0.208665989298

0.000000000000 0.400000000000 0.251165636691
0.200000000000 0.400000000000 0.275522766393
0.400000000000 0.400000000000 0.288524399603
0.600000000000 0.400000000000 0.288452419415
0.800000000000 0.400000000000 0.275323661726
1.000000000000 0.400000000000 0.250884275390
1.200000000000 0.400000000000 0.218232128876
1.400000000000 0.400000000000 0.181179538429
1.600000000000 0.400000000000 0.143536874474
1.800000000000 0.400000000000 0.108502422891
2.000000000000 0.400000000000 0.078290172592
2.200000000000 0.400000000000 0.054041779224
2.400000000000 0.400000000000 0.035986118641
2.600000000000 0.400000000000 0.023755797719
2.800000000000 0.400000000000 0.016753783209
3.000000000000 0.400000000000 0.014477487899
3.200000000000 0.400000000000 0.016736380946
3.400000000000 0.400000000000 0.023728316935
3.600000000000 0.400000000000 0.035963444723
3.800000000000 0.400000000000 0.054045546979
4.000000000000 0.400000000000 0.078345215742
4.200000000000 0.400000000000 0.108629746384
4.400000000000 0.400000000000 0.143744442022
4.600000000000 0.400000000000 0.181454274325
4.800000000000 0.400000000000 0.218537378967

0.000000000000 0.600000000000 0.251118363709
0.200000000000 0.600000000000 0.275461785976
0.400000000000 0.600000000000 0.288452419415
0.600000000000 0.600000000000 0.288374027912
0.800000000000 0.600000000000 0.275244585293
1.000000000000 0.600000000000 0.250810327522
1.200000000000 0.600000000000 0.218168142531
1.400000000000 0.600000000000 0.181128576654
1.600000000000 0.600000000000 0.143499912644
1.800000000000 0.600000000000 0.108478533696
2.000000000000 0.600000000000 0.078277090069
2.200000000000 0.600000000000 0.054036628090
2.400000000000 0.600000000000 0.035986091571
2.600000000000 0.600000000000 0.023758628788
2.800000000000 0.600000000000 0.016757958859
3.000000000000 0.600000000000 0.014482216248
3.200000000000 0.600000000000 0.016741383423
3.400000000000 0.600000000000 0.023733514842
3.600000000000 0.600000000000 0.035968605569
3.800000000000 0.600000000000 0.054049951400
4.000000000000 0.600000000000 0.078347413981
4.200000000000 0.600000000000 0.108627485042
4.400000000000 0.600000000000 0.143734836331
4.600000000000 0.600000000000 0.181434258863
4.800000000000 0.600000000000 0.218504387666

0.000000000000 0.800000000000 0.239700693859
0.200000000000 0.800000000000 0.262930059783
0.400000000000 0.800000000000 0.275323661726
0.600000000000 0.800000000000 0.275244585293
0.800000000000 0.800000000000 0.262710834652
1.000000000000 0.800000000000 0.239389410544
1.200000000000 0.800000000000 0.208235836771
1.400000000000 0.800000000000 0.172886317552
1.600000000000 0.800000000000 0.136974700381
1.800000000000 0.800000000000 0.103550913835
2.000000000000 0.800000000000 0.074726299821
2.200000000000 0.800000000000 0.051589835912
2.400000000000 0.800000000000 0.034360324469
2.600000000000 0.800000000000 0.022688154967
2.800000000000 0.800000000000 0.016004819802
3.000000000000 0.800000000000 0.013831868829
3.200000000000 0.800000000000 0.015988342189
3.400000000000 0.800000000000 0.022663463137
3.600000000000 0.800000000000 0.034343937219
3.800000000000 0.800000000000 0.051605251865
4.000000000000 0.800000000000 0.074799836642
4.200000000000 0.800000000000 0.103704047983
4.400000000000 0.800000000000 0.137214368824
4.600000000000 0.800000000000 0.173196752982
4.800000000000 0.800000000000 0.208576294613

0.000000000000 1.000000000000 0.218431196694
0.200000000000 1.000000000000 0.239594331011
0.400000000000 1.000000000000 0.250884275390
0.600000000000 1.000000000000 0.250810327522
0.800000000000 1.000000000000 0.239389410544
1.000000000000 1.000000000000 0.218140507187
1.200000000000 1.000000000000 0.189756196935
1.400000000000 1.000000000000 0.157548959338
1.600000000000 1.000000000000 0.124829060679
1.800000000000 1.000000000000 0.094374902400
2.000000000000 1.000000000000 0.068110022383
2.200000000000 1.000000000000 0.047026794397
2.400000000000 1.000000000000 0.031325017544
2.600000000000 1.000000000000 0.020686727918
2.800000000000 1.000000000000 0.014594517176
3.000000000000 1.000000000000 0.012612929344
3.200000000000 1.000000000000 0.014577401670
3.400000000000 1.000000000000 0.020660469829
3.600000000000 1.000000000000 0.031305512120
3.800000000000 1.000000000000 0.047036585333
4.000000000000 1.000000000000 0.068174304556
4.200000000000 1.000000000000 0.094514247963
4.400000000000 1.000000000000 0.125050261733
4.600000000000 1.000000000000 0.157837351111
4.800000000000 1.000000000000 0.190073549268

0.000000000000 1.200000000000 0.190006494748
0.200000000000 1.200000000000 0.208412882039
0.400000000000 1.200000000000 0.218232128876
0.600000000000 1.200000000000 0.218168142531
0.800000000000 1.200000000000 0.208235836771
1.000000000000 1.200000000000 0.189756196935
1.200000000000 1.200000000000 0.165070635204
1.400000000000 1.200000000000 0.137059566635
1.600000000000 1.200000000000 0.108601536468
1.800000000000 1.200000000000 0.082112740958
2.000000000000 1.200000000000 0.059266194334
2.200000000000 1.200000000000 0.040925348910
2.400000000000 1.200000000000 0.027264526866
2.600000000000 1.200000000000 0.018007794047
2.800000000000 1.200000000000 0.012705688895
3.000000000000 1.200000000000 0.010979884667
3.200000000000 1.200000000000 0.012687486819
3.400000000000 1.200000000000 0.017978612713
3.600000000000 1.200000000000 0.027238774655
3.800000000000 1.200000000000 0.040923496046
4.000000000000 1.200000000000 0.059311219321
4.200000000000 1.200000000000 0.082223647322
4.400000000000 1.200000000000 0.108785175471
4.600000000000 1.200000000000 0.137303758916
4.800000000000 1.200000000000 0.165342231244

0.000000000000 1.400000000000 0.157746403246
0.200000000000 1.400000000000 0.173026905283
0.400000000000 1.400000000000 0.181179538429
0.600000000000 1.400000000000 0.181128576654
0.800000000000 1.400000000000 0.172886317552
1.000000000000 1.400000000000 0.157548959338
1.200000000000 1.400000000000 0.137059566635
1.400000000000 1.400000000000 0.113808601081
1.600000000000 1.400000000000 0.090185124526
1.800000000000 1.400000000000 0.068194689584
2.000000000000 1.400000000000 0.049226261064
2.200000000000 1.400000000000 0.033997055747
2.400000000000 1.400000000000 0.022652387429
2.600000000000 1.400000000000 0.014963814557
2.800000000000 1.400000000000 0.010558740873
3.000000000000 1.400000000000 0.009123449845
3.200000000000 1.400000000000 0.010539477620
3.400000000000 1.400000000000 0.014931429426
3.600000000000 1.400000000000 0.022619180002
3.800000000000 1.400000000000 0.033980615197
4.000000000000 1.400000000000 0.049246549950
4.200000000000 1.400000000000 0.068268626707
4.400000000000 1.400000000000 0.090319684110
4.600000000000 1.400000000000 0.113994941430
4.800000000000 1.400000000000 0.137271263436

0.000000000000 1.600000000000 0.124969838196
0.200000000000 1.600000000000 0.137076131551
0.400000000000 1.600000000000 0.143536874474
0.600000000000 1.600000000000 0.143499912644
0.800000000000 1.600000000000 0.136974700381
1.000000000000 1.600000000000 0.124829060679
1.200000000000 1.600000000000 0.108601536468
1.400000000000 1.600000000000 0.090185124526
1.600000000000 1.600000000000 0.071471929662
1.800000000000 1.600000000000 0.054050581116
2.000000000000 1.600000000000 0.039021607074
2.200000000000 1.600000000000 0.026953656198
2.400000000000 1.600000000000 0.017962453166
2.600000000000 1.600000000000 0.011867621163
2.800000000000 1.600000000000 0.008374457160
3.000000000000 1.600000000000 0.007234718064
3.200000000000 1.600000000000 0.008354650817
3.400000000000 1.600000000000 0.011832902898
3.600000000000 1.600000000000 0.017922701083
3.800000000000 1.600000000000 0.026923164851
4.000000000000 1.600000000000 0.039016892564
4.200000000000 1.600000000000 0.054086148320
4.400000000000 1.600000000000 0.071554774978
4.600000000000 1.600000000000 0.090309962845
4.800000000000 1.600000000000 0.108749215568

0.000000000000 1.800000000000 0.094463056730
0.200000000000 1.800000000000 0.103615845476
0.400000000000 1.800000000000 0.108502422891
0.600000000000 1.800000000000 0.108478533696
0.800000000000 1.800000000000 0.103550913835
1.000000000000 1.800000000000 0.094374902400
1.200000000000 1.800000000000 0.082112740958
1.400000000000 1.800000000000 0.068194689584
1.600000000000 1.800000000000 0.054050581116
1.800000000000 1.800000000000 0.040881185057
2.000000000000 1.800000000000 0.029518639544
2.200000000000 1.800000000000 0.020393265697
2.400000000000 1.800000000000 0.013593112139
2.600000000000 1.800000000000 0.008982362067
2.800000000000 1.800000000000 0.006338641464
3.000000000000 1.800000000000 0.005474515930
3.200000000000 1.800000000000 0.006319157772
3.400000000000 1.800000000000 0.008947040986
3.600000000000 1.800000000000 0.013549404126
3.800000000000 1.800000000000 0.020352148626
4.000000000000 1.800000000000 0.029493123741
4.200000000000 1.800000000000 0.040883233564
4.400000000000 1.800000000000 0.054086982895
4.600000000000 1.800000000000 0.068263365476
4.800000000000 1.800000000000 0.082201351225

0.000000000000 2.000000000000 0.068155074171
0.200000000000 2.000000000000 0.074761146428
0.400000000000 2.000000000000 0.078290172592
0.600000000000 2.000000000000 0.078277090069
0.800000000000 2.000000000000 0.074726299821
1.000000000000 2.000000000000 0.068110022383
1.200000000000 2.000000000000 0.059266194334
1.400000000000 2.000000000000 0.049226261064
1.600000000000 2.000000000000 0.039021607074
1.800000000000 2.000000000000 0.029518639544
2.000000000000 2.000000000000 0.021318055118
2.200000000000 2.000000000000 0.014730800121
2.400000000000 2.000000000000 0.009820910244
2.600000000000 2.000000000000 0.006490832593
2.800000000000 2.000000000000 0.004580424466
3.000000000000 2.000000000000 0.003954591892
3.200000000000 2.000000000000 0.004562230779
3.400000000000 2.000000000000 0.006456972486
3.600000000000 2.000000000000 0.009776644948
3.800000000000 2.000000000000 0.014684085815
4.000000000000 2.000000000000 0.021278647726
4.200000000000 2.000000000000 0.029496023323
4.400000000000 2.000000000000 0.039022082209
4.600000000000 2.000000000000 0.049250222446
4.800000000000 2.000000000000 0.059306942970

0.000000000000 2.200000000000 0.047040681711
0.200000000000 2.200000000000 0.051602705656
0.400000000000 2.200000000000 0.054041779224
0.600000000000 2.200000000000 0.054036628090
0.800000000000 2.200000000000 0.051589835912
1.000000000000 2.200000000000 0.047026794397
1.200000000000 2.200000000000 0.040925348910
1.400000000000 2.200000000000 0.033997055747
1.600000000000 2.200000000000 0.026953656198
1.800000000000 2.200000000000 0.020393265697
2.000000000000 2.200000000000 0.014730800121
2.200000000000 2.200000000000 0.010181293653
2.400000000000 2.200000000000 0.006789365619
2.600000000000 2.200000000000 0.004488026843
2.800000000000 2.200000000000 0.003166961874
3.000000000000 2.200000000000 0.002733009765
3.200000000000 2.200000000000 0.003150868782
3.400000000000 2.200000000000 0.004457455869
3.600000000000 2.200000000000 0.006747776586
3.800000000000 2.200000000000 0.010134117204
4.000000000000 2.200000000000 0.014685001134
4.200000000000 2.200000000000 0.020356072674
4.400000000000 2.200000000000 0.026930635693
4.600000000000 2.200000000000 0.033990203420
4.800000000000 2.200000000000 0.040932107344

0.000000000000 2.400000000000 0.031319268032
0.200000000000 2.400000000000 0.034359105673
0.400000000000 2.400000000000 0.035986118641
0.600000000000 2.400000000000 0.035986091571
0.800000000000 2.400000000000 0.034360324469
1.000000000000 2.400000000000 0.031325017544
1.200000000000 2.400000000000 0.027264526866
1.400000000000 2.400000000000 0.022652387429
1.600000000000 2.400000000000 0.017962453166
1.800000000000 2.400000000000 0.013593112139
2.000000000000 2.400000000000 0.009820910244
2.200000000000 2.400000000000 0.006789365619
2.400000000000 2.400000000000 0.004528509469
2.600000000000 2.400000000000 0.002993982005
2.800000000000 2.400000000000 0.002112468453
3.000000000000 2.400000000000 0.001821971042
3.200000000000 2.400000000000 0.002098935968
3.400000000000 2.400000000000 0.002967850929
3.600000000000 2.400000000000 0.004491876493
3.800000000000 2.400000000000 0.006745711345
4.000000000000 2.400000000000 0.009774976265
4.200000000000 2.400000000000 0.013550210691
4.400000000000 2.400000000000 0.017927279993
4.600000000000 2.400000000000 0.022627742550
4.800000000000 2.400000000000 0.027250527317

0.000000000000 2.600000000000 0.020670497043
0.200000000000 2.600000000000 0.022679181767
0.400000000000 2.600000000000 0.023755797719
0.600000000000 2.600000000000 0.023758628788
0.800000000000 2.600000000000 0.022688154967
1.000000000000 2.600000000000 0.020686727918
1.200000000000 2.600000000000 0.018007794047
1.400000000000 2.600000000000 0.014963814557
1.600000000000 2.600000000000 0.011867621163
1.800000000000 2.600000000000 0.008982362067
2.000000000000 2.600000000000 0.006490832593
2.200000000000 2.600000000000 0.004488026843
2.400000000000 2.600000000000 0.002993982005
2.600000000000 2.600000000000 0.001979552805
2.800000000000 2.600000000000 0.001396395685
3.000000000000 2.600000000000 0.001203564719
3.200000000000 2.600000000000 0.001385443681
3.400000000000 2.600000000000 0.001958112991
3.600000000000 2.600000000000 0.002963197728
3.800000000000 2.600000000000 0.004449984603
4.000000000000 2.600000000000 0.006448631797
4.200000000000 2.600000000000 0.008939808844
4.400000000000 2.600000000000 0.011828548994
4.600000000000 2.600000000000 0.014931255339
4.800000000000 2.600000000000 0.017983357144

0.000000000000 2.800000000000 0.014573731664
0.200000000000 2.800000000000 0.015992281405
0.400000000000 2.800000000000 0.016753783209
0.600000000000 2.800000000000 0.016757958859
0.800000000000 2.800000000000 0.016004819802
1.000000000000 2.800000000000 0.014594517176
1.200000000000 2.800000000000 0.012705688895
1.400000000000 2.800000000000 0.010558740873
1.600000000000 2.800000000000 0.008374457160
1.800000000000 2.800000000000 0.006338641464
2.000000000000 2.800000000000 0.004580424466
2.200000000000 2.800000000000 0.003166961874
2.400000000000 2.800000000000 0.002112468453
2.600000000000 2.800000000000 0.001396395685
2.800000000000 2.800000000000 0.000984595854
3.000000000000 2.800000000000 0.000848104965
3.200000000000 2.800000000000 0.000975817017
3.400000000000 2.800000000000 0.001379000231
3.600000000000 2.800000000000 0.002086981416
3.800000000000 2.800000000000 0.003134552329
4.000000000000 2.800000000000 0.004543085201
4.200000000000 2.800000000000 0.006299115059
4.400000000000 2.800000000000 0.008335872256
4.600000000000 2.800000000000 0.010524071600
4.800000000000 2.800000000000 0.012677254313

0.000000000000 3.000000000000 0.012590441229
0.200000000000 3.000000000000 0.013817901882
0.400000000000 3.000000000000 0.014477487899
0.600000000000 3.000000000000 0.014482216248
0.800000000000 3.000000000000 0.013831868829
1.000000000000 3.000000000000 0.012612929344
1.200000000000 3.000000000000 0.010979884667
1.400000000000 3.000000000000 0.009123449845
1.600000000000 3.000000000000 0.007234718064
1.800000000000 3.000000000000 0.005474515930
2.000000000000 3.000000000000 0.003954591892
2.200000000000 3.000000000000 0.002733009765
2.400000000000 3.000000000000 0.001821971042
2.600000000000 3.000000000000 0.001203564719
2.800000000000 3.000000000000 0.000848104965
3.000000000000 3.000000000000 0.000730403734
3.200000000000 3.000000000000 0.000840751345
3.400000000000 3.000000000000 0.001188835672
3.600000000000 3.000000000000 0.001800021744
3.800000000000 3.000000000000 0.002704471796
4.000000000000 3.000000000000 0.003920819422
4.200000000000 3.000000000000 0.005437638628
4.400000000000 3.000000000000 0.007197442510
4.600000000000 3.000000000000 0.009088665950
4.800000000000 3.000000000000 0.010950224372

0.000000000000 3.200000000000 0.014553880611
0.200000000000 3.200000000000 0.015973624347
0.400000000000 3.200000000000 0.016736380946
0.600000000000 3.200000000000 0.016741383423
0.800000000000 3.200000000000 0.015988342189
1.000000000000 3.200000000000 0.014577401670
1.200000000000 3.200000000000 0.012687486819
1.400000000000 3.200000000000 0.010539477620
1.600000000000 3.200000000000 0.008354650817
1.800000000000 3.200000000000 0.006319157772
2.000000000000 3.200000000000 0.004562230779
2.200000000000 3.200000000000 0.003150868782
2.400000000000 3.200000000000 0.002098935968
2.600000000000 3.200000000000 0.001385443681
2.800000000000 3.200000000000 0.000975817017
3.000000000000 3.200000000000 0.000840751345
3.200000000000 3.200000000000 0.000968925504
3.400000000000 3.200000000000 0.001371532753
3.600000000000 3.200000000000 0.002077969676
3.800000000000 3.200000000000 0.003123242548
4.000000000000 3.200000000000 0.004529070886
4.200000000000 3.200000000000 0.006282430604
4.400000000000 3.200000000000 0.008317009576
4.600000000000 3.200000000000 0.010503889001
4.800000000000 3.200000000000 0.012656776100

0.000000000000 3.400000000000 0.020635730684
0.200000000000 3.400000000000 0.022648102767
0.400000000000 3.400000000000 0.023728316935
0.600000000000 3.400000000000 0.023733514842
0.800000000000 3.400000000000 0.022663463137
1.000000000000 3.400000000000 0.020660469829
1.200000000000 3.400000000000 0.017978612713
1.400000000000 3.400000000000 0.014931429426
1.600000000000 3.400000000000 0.011832902898
1.800000000000 3.400000000000 0.008947040986
2.000000000000 3.400000000000 0.006456972486
2.200000000000 3.400000000000 0.004457455869
2.400000000000 3.400000000000 0.002967850929
2.600000000000 3.400000000000 0.001958112991
2.800000000000 3.400000000000 0.001379000231
3.000000000000 3.400000000000 0.001188835672
3.200000000000 3.400000000000 0.001371532753
3.400000000000 3.400000000000 0.001943002388
3.600000000000 3.400000000000 0.002945015468
3.800000000000 3.400000000000 0.004427319811
4.000000000000 3.400000000000 0.006420819922
4.200000000000 3.400000000000 0.008907125574
4.400000000000 3.400000000000 0.011792231156
4.600000000000 3.400000000000 0.014893284269
4.800000000000 3.400000000000 0.017946004918

0.000000000000 3.600000000000 0.031280011935
0.200000000000 3.600000000000 0.034328477116
0.400000000000 3.600000000000 0.035963444723
0.600000000000 3.600000000000 0.035968605569
0.800000000000 3.600000000000 0.034343937219
1.000000000000 3.600000000000 0.031305512120
1.200000000000 3.600000000000 0.027238774655
1.400000000000 3.600000000000 0.022619180002
1.600000000000 3.600000000000 0.017922701083
1.800000000000 3.600000000000 0.013549404126
2.000000000000 3.600000000000 0.009776644948
2.200000000000 3.600000000000 0.006747776586
2.400000000000 3.600000000000 0.004491876493
2.600000000000 3.600000000000 0.002963197728
2.800000000000 3.600000000000 0.002086981416
3.000000000000 3.600000000000 0.001800021744
3.200000000000 3.600000000000 0.002077969676
3.400000000000 3.600000000000 0.002945015468
3.600000000000 3.600000000000 0.004464553900
3.800000000000 3.600000000000 0.006712048446
4.000000000000 3.600000000000 0.009734354699
4.200000000000 3.600000000000 0.013503549056
4.400000000000 3.600000000000 0.017877032166
4.600000000000 3.600000000000 0.022577490018
4.800000000000 3.600000000000 0.027204174985

0.000000000000 3.800000000000 0.047012842183
0.200000000000 3.800000000000 0.051591616572
0.400000000000 3.800000000000 0.054045546979
0.600000000000 3.800000000000 0.054049951400
0.800000000000 3.800000000000 0.051605251865
1.000000000000 3.800000000000 0.047036585333
1.200000000000 3.800000000000 0.040923496046
1.400000000000 3.800000000000 0.033980615197
1.600000000000 3.800000000000 0.026923164851
1.800000000000 3.800000000000 0.020352148626
2.000000000000 3.800000000000 0.014684085815
2.200000000000 3.800000000000 0.010134117204
2.400000000000 3.800000000000 0.006745711345
2.600000000000 3.800000000000 0.004449984603
2.800000000000 3.800000000000 0.003134552329
3.000000000000 3.800000000000 0.002704471796
3.200000000000 3.800000000000 0.003123242548
3.400000000000 3.800000000000 0.004427319811
3.600000000000 3.800000000000 0.006712048446
3.800000000000 3.800000000000 0.010090849785
4.000000000000 3.800000000000 0.014634069386
4.200000000000 3.800000000000 0.020299584619
4.400000000000 3.800000000000 0.026872866305
4.600000000000 3.800000000000 0.033936909497
4.800000000000 3.800000000000 0.040889253025

0.000000000000 4.000000000000 0.068157953481
0.200000000000 4.000000000000 0.074792029232
0.400000000000 4.000000000000 0.078345215742
0.600000000000 4.000000000000 0.078347413981
0.800000000000 4.000000000000 0.074799836642
1.000000000000 4.000000000000 0.068174304556
1.200000000000 4.000000000000 0.059311219321
1.400000000000 4.000000000000 0.049246549950
1.600000000000 4.000000000000 0.039016892564
1.800000000000 4.000000000000 0.029493123741
2.000000000000 4.000000000000 0.021278647726
2.200000000000 4.000000000000 0.014685001134
2.400000000000 4.000000000000 0.009774976265
2.600000000000 4.000000000000 0.006448631797
2.800000000000 4.000000000000 0.004543085201
3.000000000000 4.000000000000 0.003920819422
3.200000000000 4.000000000000 0.004529070886
3.400000000000 4.000000000000 0.006420819922
3.600000000000 4.000000000000 0.009734354699
3.800000000000 4.000000000000 0.014634069386
4.000000000000 4.000000000000 0.021221793445
4.200000000000 4.000000000000 0.029436201659
4.400000000000 4.000000000000 0.038965964186
4.600000000000 4.000000000000 0.049206231791
4.800000000000 4.000000000000 0.059283405268

0.000000000000 4.200000000000 0.094514393534
0.200000000000 4.200000000000 0.103708367455
0.400000000000 4.200000000000 0.108629746384
0.600000000000 4.200000000000 0.108627485042
0.800000000000 4.200000000000 0.103704047983
1.000000000000 4.200000000000 0.094514247963
1.200000000000 4.200000000000 0.082223647322
1.400000000000 4.200000000000 0.068268626707
1.600000000000 4.200000000000 0.054086148320
1.800000000000 4.200000000000 0.040883233564
2.000000000000 4.200000000000 0.029496023323
2.200000000000 4.200000000000 0.020356072674
2.400000000000 4.200000000000 0.013550210691
2.600000000000 4.200000000000 0.008939808844
2.800000000000 4.200000000000 0.006299115059
3.000000000000 4.200000000000 0.005437638628
3.200000000000 4.200000000000 0.006282430604
3.400000000000 4.200000000000 0.008907125574
3.600000000000 4.200000000000 0.013503549056
3.800000000000 4.200000000000 0.020299584619
4.000000000000 4.200000000000 0.029436201659
4.200000000000 4.200000000000 0.040827992060
4.400000000000 4.200000000000 0.054042806058
4.600000000000 4.200000000000 0.068241522421
4.800000000000 4.200000000000 0.082212526088

0.000000000000 4.400000000000 0.125078802761
0.200000000000 4.400000000000 0.137238933246
0.400000000000 4.400000000000 0.143744442022
0.600000000000 4.400000000000 0.143734836331
0.800000000000 4.400000000000 0.137214368824
1.000000000000 4.400000000000 0.125050261733
1.200000000000 4.400000000000 0.108785175471
1.400000000000 4.400000000000 0.090319684110
1.600000000000 4.400000000000 0.071554774978
1.800000000000 4.400000000000 0.054086982895
2.000000000000 4.400000000000 0.039022082209
2.200000000000 4.400000000000 0.026930635693
2.400000000000 4.400000000000 0.017927279993
2.600000000000 4.400000000000 0.011828548994
2.800000000000 4.400000000000 0.008335872256
3.000000000000 4.400000000000 0.007197442510
3.200000000000 4.400000000000 0.008317009576
3.400000000000 4.400000000000 0.011792231156
3.600000000000 4.400000000000 0.017877032166
3.800000000000 4.400000000000 0.026872866305
4.000000000000 4.400000000000 0.038965964186
4.200000000000 4.400000000000 0.054042806058
4.400000000000 4.400000000000 0.071530929757
4.600000000000 4.400000000000 0.090319372248
4.800000000000 4.400000000000 0.108804466008

0.000000000000 4.600000000000 0.157907126308
0.200000000000 4.600000000000 0.173250232259
0.400000000000 4.600000000000 0.181454274325
0.600000000000 4.600000000000 0.181434258863
0.800000000000 4.600000000000 0.173196752982
1.000000000000 4.600000000000 0.157837351111
1.200000000000 4.600000000000 0.137303758916
1.400000000000 4.600000000000 0.113994941430
1.600000000000 4.600000000000 0.090309962845
1.800000000000 4.600000000000 0.068263365476
2.000000000000 4.600000000000 0.049250222446
2.200000000000 4.600000000000 0.033990203420
2.400000000000 4.600000000000 0.022627742550
2.600000000000 4.600000000000 0.014931255339
2.800000000000 4.600000000000 0.010524071600
3.000000000000 4.600000000000 0.009088665950
3.200000000000 4.600000000000 0.010503889001
3.400000000000 4.600000000000 0.014893284269
3.600000000000 4.600000000000 0.022577490018
3.800000000000 4.600000000000 0.033936909497
4.000000000000 4.600000000000 0.049206231791
4.200000000000 4.600000000000 0.068241522421
4.400000000000 4.600000000000 0.090319372248
4.600000000000 4.600000000000 0.114036644785
4.800000000000 4.600000000000 0.137368501657

0.000000000000 4.800000000000 0.190195498039
0.200000000000 4.800000000000 0.208665989298
0.400000000000 4.800000000000 0.218537378967
0.600000000000 4.800000000000 0.218504387666
0.800000000000 4.800000000000 0.208576294613
1.000000000000 4.800000000000 0.190073549268
1.200000000000 4.800000000000 0.165342231244
1.400000000000 4.800000000000 0.137271263436
1.600000000000 4.800000000000 0.108749215568
1.800000000000 4.800000000000 0.082201351225
2.000000000000 4.800000000000 0.059306942970
2.200000000000 4.800000000000 0.040932107344
2.400000000000 4.800000000000 0.027250527317
2.600000000000 4.800000000000 0.017983357144
2.800000000000 4.800000000000 0.012677254313
3.000000000000 4.800000000000 0.010950224372
3.200000000000 4.800000000000 0.012656776100
3.400000000000 4.800000000000 0.017946004918
3.600000000000 4.800000000000 0.027204174985
3.800000000000 4.800000000000 0.040889253025
4.000000000000 4.800000000000 0.059283405268
4.200000000000 4.800000000000 0.082212526088
4.400000000000 4.800000000000 0.108804466008
4.600000000000 4.800000000000 0.137368501657
4.800000000000 4.800000000000 0.165465471034

