# x y u
0.000000000000 0.000000000000 0.008361183296
0.200000000000 0.000000000000 0.010959150595
0.400000000000 0.000000000000 0.014346389558
0.600000000000 0.000000000000 0.018404993024
0.800000000000 0.000000000000 0.022943811295
1.000000000000 0.000000000000 0.027694055976
1.200000000000 0.000000000000 0.032321141817
1.400000000000 0.000000000000 0.036453807193
1.600000000000 0.000000000000 0.039727134855
1.800000000000 0.000000000000 0.041832023294
2.000000000000 0.000000000000 0.042561160402
2.200000000000 0.000000000000 0.041841517612
2.400000000000 0.000000000000 0.039746016652
2.600000000000 0.000000000000 0.036481696743
2.800000000000 0.000000000000 0.032357135983
3.000000000000 0.000000000000 0.027736517842
3.200000000000 0.000000000000 0.022990310227
3.400000000000 0.000000000000 0.018452443273
3.600000000000 0.000000000000 0.014391357538
3.800000000000 0.000000000000 0.010998243880
4.000000000000 0.000000000000 0.008391421108
4.200000000000 0.000000000000 0.006632218370
4.400000000000 0.000000000000 0.005745681942
4.600000000000 0.000000000000 0.005739156461
4.800000000000 0.000000000000 0.006613124171

0.000000000000 0.200000000000 0.010959150595
0.200000000000 0.200000000000 0.014365563673
0.400000000000 0.200000000000 0.018806301486
0.600000000000 0.200000000000 0.024126777852
0.800000000000 0.200000000000 0.030076376627
1.000000000000 0.200000000000 0.036302698564
1.200000000000 0.200000000000 0.042367102595
1.400000000000 0.200000000000 0.047782901536
1.600000000000 0.200000000000 0.052071777700
1.800000000000 0.200000000000 0.054828646367
2.000000000000 0.200000000000 0.055781920946
2.200000000000 0.200000000000 0.054836092642
2.400000000000 0.200000000000 0.052086994332
2.600000000000 0.200000000000 0.047806251623
2.800000000000 0.200000000000 0.042398539354
3.000000000000 0.200000000000 0.036341340877
3.200000000000 0.200000000000 0.030120282705
3.400000000000 0.200000000000 0.024173006401
3.600000000000 0.200000000000 0.018851238723
3.800000000000 0.200000000000 0.014405407703
4.000000000000 0.200000000000 0.010990415107
4.200000000000 0.200000000000 0.008686484469
4.400000000000 0.200000000000 0.007526322325
4.600000000000 0.200000000000 0.007519480184
4.800000000000 0.200000000000 0.008666556036

0.000000000000 0.400000000000 0.014346389558
0.200000000000 0.400000000000 0.018806301486
0.400000000000 0.400000000000 0.024619741257
0.600000000000 0.400000000000 0.031584270646
0.800000000000 0.400000000000 0.039371737723
1.000000000000 0.400000000000 0.047520773718
1.200000000000 0.400000000000 0.055457168953
1.400000000000 0.400000000000 0.062543899548
1.600000000000 0.400000000000 0.068154991308
1.800000000000 0.400000000000 0.071760422659
2.000000000000 0.400000000000 0.073004987131
2.200000000000 0.400000000000 0.071763987870
2.400000000000 0.400000000000 0.068163166859
2.600000000000 0.400000000000 0.062558302888
2.800000000000 0.400000000000 0.055479225903
3.000000000000 0.400000000000 0.047550949256
3.200000000000 0.400000000000 0.039409033915
3.400000000000 0.400000000000 0.031626147678
3.600000000000 0.400000000000 0.024662457117
3.800000000000 0.400000000000 0.018845532884
4.000000000000 0.400000000000 0.014377940054
4.200000000000 0.400000000000 0.011364547487
4.400000000000 0.400000000000 0.009848084366
4.600000000000 0.400000000000 0.009841017751
4.800000000000 0.400000000000 0.011344120546

0.000000000000 0.600000000000 0.018404993024
0.200000000000 0.600000000000 0.024126777852
0.400000000000 0.600000000000 0.031584270646
0.600000000000 0.600000000000 0.040517665932
0.800000000000 0.600000000000 0.050505900065
1.000000000000 0.600000000000 0.060957069749
1.200000000000 0.600000000000 0.071134612801
1.400000000000 0.600000000000 0.080221511424
1.600000000000 0.600000000000 0.087415049732
1.800000000000 0.600000000000 0.092035702605
2.000000000000 0.600000000000 0.093628248531
2.200000000000 0.600000000000 0.092033145313
2.400000000000 0.600000000000 0.087412024494
2.600000000000 0.600000000000 0.080221464199
2.800000000000 0.600000000000 0.071141143868
3.000000000000 0.600000000000 0.060972680049
3.200000000000 0.600000000000 0.050531093795
3.400000000000 0.600000000000 0.040550658905
3.600000000000 0.600000000000 0.031621327735
3.800000000000 0.600000000000 0.024163007128
4.000000000000 0.600000000000 0.018435328686
4.200000000000 0.600000000000 0.014572690272
4.400000000000 0.600000000000 0.012629854557
4.600000000000 0.600000000000 0.012622812432
4.800000000000 0.600000000000 0.014552566371

0.000000000000 0.800000000000 0.022943811295
0.200000000000 0.800000000000 0.030076376627
0.400000000000 0.800000000000 0.039371737723
0.600000000000 0.800000000000 0.050505900065
0.800000000000 0.800000000000 0.062953883235
1.000000000000 0.800000000000 0.075977834971
1.200000000000 0.800000000000 0.088659716914
1.400000000000 0.800000000000 0.099981363740
1.600000000000 0.800000000000 0.108942594146
1.800000000000 0.800000000000 0.114696898015
2.000000000000 0.800000000000 0.116677398062
2.200000000000 0.800000000000 0.114685727106
2.400000000000 0.800000000000 0.108923718956
2.600000000000 0.800000000000 0.099960654497
2.800000000000 0.800000000000 0.088643685899
3.000000000000 0.800000000000 0.075971759760
3.200000000000 0.800000000000 0.062960392604
3.400000000000 0.800000000000 0.050524392225
3.600000000000 0.800000000000 0.039398693622
3.800000000000 0.800000000000 0.030106356641
4.000000000000 0.800000000000 0.022970777480
4.200000000000 0.800000000000 0.018159368309
4.400000000000 0.800000000000 0.015740368909
4.600000000000 0.800000000000 0.015733739228
4.800000000000 0.800000000000 0.018140757777

0.000000000000 1.000000000000 0.027694055976
0.200000000000 1.000000000000 0.036302698564
0.400000000000 1.000000000000 0.047520773718
0.600000000000 1.000000000000 0.060957069749
0.800000000000 1.000000000000 0.075977834971
1.000000000000 1.000000000000 0.091692501763
1.200000000000 1.000000000000 0.106993195280
1.400000000000 1.000000000000 0.120651389472
1.600000000000 1.000000000000 0.131460446217
1.800000000000 1.000000000000 0.138399321209
2.000000000000 1.000000000000 0.140784494385
2.200000000000 1.000000000000 0.138377125362
2.400000000000 1.000000000000 0.131421199137
2.600000000000 1.000000000000 0.120603927245
2.800000000000 1.000000000000 0.106947621110
3.000000000000 1.000000000000 0.091657565709
3.200000000000 1.000000000000 0.075958895132
3.400000000000 1.000000000000 0.060955147767
3.600000000000 1.000000000000 0.047532817976
3.800000000000 1.000000000000 0.036322802221
4.000000000000 1.000000000000 0.027715169728
4.200000000000 1.000000000000 0.021911873213
4.400000000000 1.000000000000 0.018995277449
4.600000000000 1.000000000000 0.018989526360
4.800000000000 1.000000000000 0.021896208047

0.000000000000 1.200000000000 0.032321141817
0.200000000000 1.200000000000 0.042367102595
0.400000000000 1.200000000000 0.055457168953
0.600000000000 1.200000000000 0.071134612801
0.800000000000 1.200000000000 0.088659716914
1.000000000000 1.200000000000 0.106993195280
1.200000000000 1.200000000000 0.124842364283
1.400000000000 1.200000000000 0.140773967584
1.600000000000 1.200000000000 0.153380494890
1.800000000000 1.200000000000 0.161471148534
2.000000000000 1.200000000000 0.164249027301
2.200000000000 1.200000000000 0.161436043024
2.400000000000 1.200000000000 0.153317320296
2.600000000000 1.200000000000 0.140694914982
2.800000000000 1.200000000000 0.124761624617
3.000000000000 1.200000000000 0.106923514998
3.200000000000 1.200000000000 0.088609659033
3.400000000000 1.200000000000 0.071107194875
3.600000000000 1.200000000000 0.055450050860
3.800000000000 1.200000000000 0.042374031016
4.000000000000 1.200000000000 0.032334082666
4.200000000000 1.200000000000 0.025565793116
4.400000000000 1.200000000000 0.022165310332
4.600000000000 1.200000000000 0.022160888514
4.800000000000 1.200000000000 0.025554440979

0.000000000000 1.400000000000 0.036453807193
0.200000000000 1.400000000000 0.047782901536
0.400000000000 1.400000000000 0.062543899548
0.600000000000 1.400000000000 0.080221511424
0.800000000000 1.400000000000 0.099981363740
1.000000000000 1.400000000000 0.120651389472
1.200000000000 1.400000000000 0.140773967584
1.400000000000 1.400000000000 0.158733190608
1.600000000000 1.400000000000 0.172942403790
1.800000000000 1.400000000000 0.182059482800
2.000000000000 1.400000000000 0.185186524476
2.200000000000 1.400000000000 0.182010578234
2.400000000000 1.400000000000 0.172853594669
2.600000000000 1.400000000000 0.158620159792
2.800000000000 1.400000000000 0.140655182107
3.000000000000 1.400000000000 0.120543812613
3.200000000000 1.400000000000 0.099896992607
3.400000000000 1.400000000000 0.080165573835
3.600000000000 1.400000000000 0.062514947210
3.800000000000 1.400000000000 0.047774470061
4.000000000000 1.400000000000 0.036456967171
4.200000000000 1.400000000000 0.028828060949
4.400000000000 1.400000000000 0.024996242239
4.600000000000 1.400000000000 0.024993478689
4.800000000000 1.400000000000 0.028822002212

0.000000000000 1.600000000000 0.039727134855
0.200000000000 1.600000000000 0.052071777700
0.400000000000 1.600000000000 0.068154991308
0.600000000000 1.600000000000 0.087415049732
0.800000000000 1.600000000000 0.108942594146
1.000000000000 1.600000000000 0.131460446217
1.200000000000 1.600000000000 0.153380494890
1.400000000000 1.600000000000 0.172942403790
1.600000000000 1.600000000000 0.188417935204
1.800000000000 1.600000000000 0.198345439536
2.000000000000 1.600000000000 0.201747316112
2.200000000000 1.600000000000 0.198283214567
2.400000000000 1.600000000000 0.188304336750
2.600000000000 1.600000000000 0.172796414801
2.800000000000 1.600000000000 0.153224641072
3.000000000000 1.600000000000 0.131315721866
3.200000000000 1.600000000000 0.108824319537
3.400000000000 1.600000000000 0.087330645188
3.600000000000 1.600000000000 0.068103967587
3.800000000000 1.600000000000 0.052047583689
4.000000000000 1.600000000000 0.039720090684
4.200000000000 1.600000000000 0.031410903025
4.400000000000 1.600000000000 0.027238332672
4.600000000000 1.600000000000 0.027237342391
4.800000000000 1.600000000000 0.031410451289

0.000000000000 1.800000000000 0.041832023294
0.200000000000 1.800000000000 0.054828646367
0.400000000000 1.800000000000 0.071760422659
0.600000000000 1.800000000000 0.092035702605
0.800000000000 1.800000000000 0.114696898015
1.000000000000 1.800000000000 0.138399321209
1.200000000000 1.800000000000 0.161471148534
1.400000000000 1.800000000000 0.182059482800
1.600000000000 1.800000000000 0.198345439536
1.800000000000 1.800000000000 0.208790932783
2.000000000000 1.800000000000 0.212367489926
2.200000000000 1.800000000000 0.208717400597
2.400000000000 1.800000000000 0.198210766411
2.600000000000 1.800000000000 0.181885402340
2.800000000000 1.800000000000 0.161283583099
3.000000000000 1.800000000000 0.138222660737
3.200000000000 1.800000000000 0.114549292445
3.400000000000 1.800000000000 0.091926477812
3.600000000000 1.800000000000 0.071689973877
3.800000000000 1.800000000000 0.054790429751
4.000000000000 1.800000000000 0.041815797917
4.200000000000 1.800000000000 0.033070805126
4.400000000000 1.800000000000 0.028680143372
4.600000000000 1.800000000000 0.028680774705
4.800000000000 1.800000000000 0.033075449432

0.000000000000 2.000000000000 0.042561160402
0.200000000000 2.000000000000 0.055781920946
0.400000000000 2.000000000000 0.073004987131
0.600000000000 2.000000000000 0.093628248531
0.800000000000 2.000000000000 0.116677398062
1.000000000000 2.000000000000 0.140784494385
1.200000000000 2.000000000000 0.164249027301
1.400000000000 2.000000000000 0.185186524476
1.600000000000 2.000000000000 0.201747316112
1.800000000000 2.000000000000 0.212367489926
2.000000000000 2.000000000000 0.216001525940
2.200000000000 2.000000000000 0.212286088952
2.400000000000 2.000000000000 0.201597952045
2.600000000000 2.000000000000 0.184992806174
2.800000000000 2.000000000000 0.164039204904
3.000000000000 2.000000000000 0.140585303857
3.200000000000 2.000000000000 0.116508969158
3.400000000000 2.000000000000 0.093501270240
3.600000000000 2.000000000000 0.072920524126
3.800000000000 2.000000000000 0.055733492312
4.000000000000 2.000000000000 0.042538185325
4.200000000000 2.000000000000 0.033644663535
4.400000000000 2.000000000000 0.029179935987
4.600000000000 2.000000000000 0.029181774944
4.800000000000 2.000000000000 0.033653084700

0.000000000000 2.200000000000 0.041841517612
0.200000000000 2.200000000000 0.054836092642
0.400000000000 2.200000000000 0.071763987870
0.600000000000 2.200000000000 0.092033145313
0.800000000000 2.200000000000 0.114685727106
1.000000000000 2.200000000000 0.138377125362
1.200000000000 2.200000000000 0.161436043024
1.400000000000 2.200000000000 0.182010578234
1.600000000000 2.200000000000 0.198283214567
1.800000000000 2.200000000000 0.208717400597
2.000000000000 2.200000000000 0.212286088952
2.200000000000 2.200000000000 0.208632605267
2.400000000000 2.200000000000 0.198127485875
2.600000000000 2.200000000000 0.181808291793
2.800000000000 2.200000000000 0.161216415638
3.000000000000 2.200000000000 0.138167889904
3.200000000000 2.200000000000 0.114507883133
3.400000000000 2.200000000000 0.091898013062
3.600000000000 2.200000000000 0.071672979017
3.800000000000 2.200000000000 0.054782811405
4.000000000000 2.200000000000 0.041815282763
4.200000000000 2.200000000000 0.033075280512
4.400000000000 2.200000000000 0.028687839525
4.600000000000 2.200000000000 0.028690273884
4.800000000000 2.200000000000 0.033085549845

0.000000000000 2.400000000000 0.039746016652
0.200000000000 2.400000000000 0.052086994332
0.400000000000 2.400000000000 0.068163166859
0.600000000000 2.400000000000 0.087412024494
0.800000000000 2.400000000000 0.108923718956
1.000000000000 2.400000000000 0.131421199137
1.200000000000 2.400000000000 0.153317320296
1.400000000000 2.400000000000 0.172853594669
1.600000000000 2.400000000000 0.188304336750
1.800000000000 2.400000000000 0.198210766411
2.000000000000 2.400000000000 0.201597952045
2.200000000000 2.400000000000 0.198127485875
2.400000000000 2.400000000000 0.188151387072
2.600000000000 2.400000000000 0.172654915213
2.800000000000 2.400000000000 0.153101613592
3.000000000000 2.400000000000 0.131215721050
3.200000000000 2.400000000000 0.108749118026
3.400000000000 2.400000000000 0.087279437165
3.600000000000 2.400000000000 0.068073979751
3.800000000000 2.400000000000 0.052034900845
4.000000000000 2.400000000000 0.039720479472
4.200000000000 2.400000000000 0.031420449812
4.400000000000 2.400000000000 0.027253782564
4.600000000000 2.400000000000 0.027256112129
4.800000000000 2.400000000000 0.031430368548

0.000000000000 2.600000000000 0.036481696743
0.200000000000 2.600000000000 0.047806251623
0.400000000000 2.600000000000 0.062558302888
0.600000000000 2.600000000000 0.080221464199
0.800000000000 2.600000000000 0.099960654497
1.000000000000 2.600000000000 0.120603927245
1.200000000000 2.600000000000 0.140694914982
1.400000000000 2.600000000000 0.158620159792
1.600000000000 2.600000000000 0.172796414801
1.800000000000 2.600000000000 0.181885402340
2.000000000000 2.600000000000 0.184992806174
2.200000000000 2.600000000000 0.181808291793
2.400000000000 2.600000000000 0.172654915213
2.600000000000 2.600000000000 0.158436633823
2.800000000000 2.600000000000 0.140496146039
3.000000000000 2.600000000000 0.120415294823
3.200000000000 2.600000000000 0.099801296045
3.400000000000 2.600000000000 0.080101557465
3.600000000000 2.600000000000 0.062478856274
3.800000000000 2.600000000000 0.047761053632
4.000000000000 2.600000000000 0.036460589911
4.200000000000 2.600000000000 0.028843560440
4.400000000000 2.600000000000 0.025019379514
4.600000000000 2.600000000000 0.025020945781
4.800000000000 2.600000000000 0.028851058385

0.000000000000 2.800000000000 0.032357135983
0.200000000000 2.800000000000 0.042398539354
0.400000000000 2.800000000000 0.055479225903
0.600000000000 2.800000000000 0.071141143868
0.800000000000 2.800000000000 0.088643685899
1.000000000000 2.800000000000 0.106947621110
1.200000000000 2.800000000000 0.124761624617
1.400000000000 2.800000000000 0.140655182107
1.600000000000 2.800000000000 0.153224641072
1.800000000000 2.800000000000 0.161283583099
2.000000000000 2.800000000000 0.164039204904
2.200000000000 2.800000000000 0.161216415638
2.400000000000 2.800000000000 0.153101613592
2.600000000000 2.800000000000 0.140496146039
2.800000000000 2.800000000000 0.124590294433
3.000000000000 2.800000000000 0.106786357360
3.200000000000 2.800000000000 0.088509172452
3.400000000000 2.800000000000 0.071041977684
3.600000000000 2.800000000000 0.055415765214
3.800000000000 2.800000000000 0.042364693184
4.000000000000 2.800000000000 0.032343341198
4.200000000000 2.800000000000 0.025587908482
4.400000000000 2.800000000000 0.022195661247
4.600000000000 2.800000000000 0.022195964347
4.800000000000 2.800000000000 0.025591403938

0.000000000000 3.000000000000 0.027736517842
0.200000000000 3.000000000000 0.036341340877
0.400000000000 3.000000000000 0.047550949256
0.600000000000 3.000000000000 0.060972680049
0.800000000000 3.000000000000 0.075971759760
1.000000000000 3.000000000000 0.091657565709
1.200000000000 3.000000000000 0.106923514998
1.400000000000 3.000000000000 0.120543812613
1.600000000000 3.000000000000 0.131315721866
1.800000000000 3.000000000000 0.138222660737
2.000000000000 3.000000000000 0.140585303857
2.200000000000 3.000000000000 0.138167889904
2.400000000000 3.000000000000 0.131215721050
2.600000000000 3.000000000000 0.120415294823
2.800000000000 3.000000000000 0.106786357360
3.000000000000 3.000000000000 0.091530352247
3.200000000000 3.000000000000 0.075868105477
3.400000000000 3.000000000000 0.060899209392
3.600000000000 3.000000000000 0.047507220735
3.800000000000 3.000000000000 0.036321438025
4.000000000000 3.000000000000 0.027731652134
4.200000000000 3.000000000000 0.021940540523
4.400000000000 3.000000000000 0.019031699461
4.600000000000 3.000000000000 0.019030474304
4.800000000000 3.000000000000 0.021939175906

0.000000000000 3.200000000000 0.022990310227
0.200000000000 3.200000000000 0.030120282705
0.400000000000 3.200000000000 0.039409033915
0.600000000000 3.200000000000 0.050531093795
0.800000000000 3.200000000000 0.062960392604
1.000000000000 3.200000000000 0.075958895132
1.200000000000 3.200000000000 0.088609659033
1.400000000000 3.200000000000 0.099896992607
1.600000000000 3.200000000000 0.108824319537
1.800000000000 3.200000000000 0.114549292445
2.000000000000 3.200000000000 0.116508969158
2.200000000000 3.200000000000 0.114507883133
2.400000000000 3.200000000000 0.108749118026
2.600000000000 3.200000000000 0.099801296045
2.800000000000 3.200000000000 0.088509172452
3.000000000000 3.200000000000 0.075868105477
3.200000000000 3.200000000000 0.062889600769
3.400000000000 3.200000000000 0.050484818308
3.600000000000 3.200000000000 0.039386017850
3.800000000000 3.200000000000 0.030114863919
4.000000000000 3.200000000000 0.022994609086
4.200000000000 3.200000000000 0.018193463431
4.400000000000 3.200000000000 0.015780926207
4.600000000000 3.200000000000 0.015778161842
4.800000000000 3.200000000000 0.018187167658

0.000000000000 3.400000000000 0.018452443273
0.200000000000 3.400000000000 0.024173006401
0.400000000000 3.400000000000 0.031626147678
0.600000000000 3.400000000000 0.040550658905
0.800000000000 3.400000000000 0.050524392225
1.000000000000 3.400000000000 0.060955147767
1.200000000000 3.400000000000 0.071107194875
1.400000000000 3.400000000000 0.080165573835
1.600000000000 3.400000000000 0.087330645188
1.800000000000 3.400000000000 0.091926477812
2.000000000000 3.400000000000 0.093501270240
2.200000000000 3.400000000000 0.091898013062
2.400000000000 3.400000000000 0.087279437165
2.600000000000 3.400000000000 0.080101557465
2.800000000000 3.400000000000 0.071041977684
3.000000000000 3.400000000000 0.060899209392
3.200000000000 3.400000000000 0.050484818308
3.400000000000 3.400000000000 0.040529964061
3.600000000000 3.400000000000 0.031622359068
3.800000000000 3.400000000000 0.024180807852
4.000000000000 3.400000000000 0.018464942557
4.200000000000 3.400000000000 0.014609980577
4.400000000000 3.400000000000 0.012671890478
4.600000000000 3.400000000000 0.012667792596
4.800000000000 3.400000000000 0.014599357656

0.000000000000 3.600000000000 0.014391357538
0.200000000000 3.600000000000 0.018851238723
0.400000000000 3.600000000000 0.024662457117
0.600000000000 3.600000000000 0.031621327735
0.800000000000 3.600000000000 0.039398693622
1.000000000000 3.600000000000 0.047532817976
1.200000000000 3.600000000000 0.055450050860
1.400000000000 3.600000000000 0.062514947210
1.600000000000 3.600000000000 0.068103967587
1.800000000000 3.600000000000 0.071689973877
2.000000000000 3.600000000000 0.072920524126
2.200000000000 3.600000000000 0.071672979017
2.400000000000 3.600000000000 0.068073979751
2.600000000000 3.600000000000 0.062478856274
2.800000000000 3.600000000000 0.055415765214
3.000000000000 3.600000000000 0.047507220735
3.200000000000 3.600000000000 0.039386017850
3.400000000000 3.600000000000 0.031622359068
3.600000000000 3.600000000000 0.024674680404
3.800000000000 3.600000000000 0.018869765917
4.000000000000 3.600000000000 0.014410300106
4.200000000000 3.600000000000 0.011401934026
4.400000000000 3.600000000000 0.009888477325
4.600000000000 3.600000000000 0.009883388474
4.800000000000 3.600000000000 0.011388021849

0.000000000000 3.800000000000 0.010998243880
0.200000000000 3.800000000000 0.014405407703
0.400000000000 3.800000000000 0.018845532884
0.600000000000 3.800000000000 0.024163007128
0.800000000000 3.800000000000 0.030106356641
1.000000000000 3.800000000000 0.036322802221
1.200000000000 3.800000000000 0.042374031016
1.400000000000 3.800000000000 0.047774470061
1.600000000000 3.800000000000 0.052047583689
1.800000000000 3.800000000000 0.054790429751
2.000000000000 3.800000000000 0.055733492312
2.200000000000 3.800000000000 0.054782811405
2.400000000000 3.800000000000 0.052034900845
2.600000000000 3.800000000000 0.047761053632
2.800000000000 3.800000000000 0.042364693184
3.000000000000 3.800000000000 0.036321438025
3.200000000000 3.800000000000 0.030114863919
3.400000000000 3.800000000000 0.024180807852
3.600000000000 3.800000000000 0.018869765917
3.800000000000 3.800000000000 0.014431663001
4.000000000000 3.800000000000 0.011021588561
4.200000000000 3.800000000000 0.008720450953
4.400000000000 3.800000000000 0.007561853350
4.600000000000 3.800000000000 0.007556154628
4.800000000000 3.800000000000 0.008704422422

0.000000000000 4.000000000000 0.008391421108
0.200000000000 4.000000000000 0.010990415107
0.400000000000 4.000000000000 0.014377940054
0.600000000000 4.000000000000 0.018435328686
0.800000000000 4.000000000000 0.022970777480
1.000000000000 4.000000000000 0.027715169728
1.200000000000 4.000000000000 0.032334082666
1.400000000000 4.000000000000 0.036456967171
1.600000000000 4.000000000000 0.039720090684
1.800000000000 4.000000000000 0.041815797917
2.000000000000 4.000000000000 0.042538185325
2.200000000000 4.000000000000 0.041815282763
2.400000000000 4.000000000000 0.039720479472
2.600000000000 4.000000000000 0.036460589911
2.800000000000 4.000000000000 0.032343341198
3.000000000000 4.000000000000 0.027731652134
3.200000000000 4.000000000000 0.022994609086
3.400000000000 4.000000000000 0.018464942557
3.600000000000 4.000000000000 0.014410300106
3.800000000000 4.000000000000 0.011021588561
4.000000000000 4.000000000000 0.008417321041
4.200000000000 4.000000000000 0.006659359712
4.400000000000 4.000000000000 0.005773420077
4.600000000000 4.000000000000 0.005767439946
4.800000000000 4.000000000000 0.006642244180

0.000000000000 4.200000000000 0.006632218370
0.200000000000 4.200000000000 0.008686484469
0.400000000000 4.200000000000 0.011364547487
0.600000000000 4.200000000000 0.014572690272
0.800000000000 4.200000000000 0.018159368309
1.000000000000 4.200000000000 0.021911873213
1.200000000000 4.200000000000 0.025565793116
1.400000000000 4.200000000000 0.028828060949
1.600000000000 4.200000000000 0.031410903025
1.800000000000 4.200000000000 0.033070805126
2.000000000000 4.200000000000 0.033644663535
2.200000000000 4.200000000000 0.033075280512
2.400000000000 4.200000000000 0.031420449812
2.600000000000 4.200000000000 0.028843560440
2.800000000000 4.200000000000 0.025587908482
3.000000000000 4.200000000000 0.021940540523
3.200000000000 4.200000000000 0.018193463431
3.400000000000 4.200000000000 0.014609980577
3.600000000000 4.200000000000 0.011401934026
3.800000000000 4.200000000000 0.008720450953
4.000000000000 4.200000000000 0.006659359712
4.200000000000 4.200000000000 0.005267633824
4.400000000000 4.200000000000 0.004565616525
4.600000000000 4.200000000000 0.004559567589
4.800000000000 4.200000000000 0.005250122484

0.000000000000 4.400000000000 0.005745681942
0.200000000000 4.400000000000 0.007526322325
0.400000000000 4.400000000000 0.009848084366
0.600000000000 4.400000000000 0.012629854557
0.800000000000 4.400000000000 0.015740368909
1.000000000000 4.400000000000 0.018995277449
1.200000000000 4.400000000000 0.022165310332
1.400000000000 4.400000000000 0.024996242239
1.600000000000 4.400000000000 0.027238332672
1.800000000000 4.400000000000 0.028680143372
2.000000000000 4.400000000000 0.029179935987
2.200000000000 4.400000000000 0.028687839525
2.400000000000 4.400000000000 0.027253782564
2.600000000000 4.400000000000 0.025019379514
2.800000000000 4.400000000000 0.022195661247
3.000000000000 4.400000000000 0.019031699461
3.200000000000 4.400000000000 0.015780926207
3.400000000000 4.400000000000 0.012671890478
3.600000000000 4.400000000000 0.009888477325
3.800000000000 4.400000000000 0.007561853350
4.000000000000 4.400000000000 0.005773420077
4.200000000000 4.400000000000 0.004565616525
4.400000000000 4.400000000000 0.003956015266
4.600000000000 4.400000000000 0.003949970846
4.800000000000 4.400000000000 0.004547988038

0.000000000000 4.600000000000 0.005739156461
0.200000000000 4.600000000000 0.007519480184
0.400000000000 4.600000000000 0.009841017751
0.600000000000 4.600000000000 0.012622812432
0.800000000000 4.600000000000 0.015733739228
1.000000000000 4.600000000000 0.018989526360
1.200000000000 4.600000000000 0.022160888514
1.400000000000 4.600000000000 0.024993478689
1.600000000000 4.600000000000 0.027237342391
1.800000000000 4.600000000000 0.028680774705
2.000000000000 4.600000000000 0.029181774944
2.200000000000 4.600000000000 0.028690273884
2.400000000000 4.600000000000 0.027256112129
2.600000000000 4.600000000000 0.025020945781
2.800000000000 4.600000000000 0.022195964347
3.000000000000 4.600000000000 0.019030474304
3.200000000000 4.600000000000 0.015778161842
3.400000000000 4.600000000000 0.012667792596
3.600000000000 4.600000000000 0.009883388474
3.800000000000 4.600000000000 0.007556154628
4.000000000000 4.600000000000 0.005767439946
4.200000000000 4.600000000000 0.004559567589
4.400000000000 4.600000000000 0.003949970846
4.600000000000 4.600000000000 0.003943882934
4.800000000000 4.600000000000 0.004541739106

0.000000000000 4.800000000000 0.006613124171
0.200000000000 4.800000000000 0.008666556036
0.400000000000 4.800000000000 0.011344120546
0.600000000000 4.800000000000 0.014552566371
0.800000000000 4.800000000000 0.018140757777
1.000000000000 4.800000000000 0.021896208047
1.200000000000 4.800000000000 0.025554440979
1.400000000000 4.800000000000 0.028822002212
1.600000000000 4.800000000000 0.031410451289
1.800000000000 4.800000000000 0.033075449432
2.000000000000 4.800000000000 0.033653084700
2.200000000000 4.800000000000 0.033085549845
2.400000000000 4.800000000000 0.031430368548
2.600000000000 4.800000000000 0.028851058385
2.800000000000 4.800000000000 0.025591403938
3.000000000000 4.800000000000 0.021939175906
3.200000000000 4.800000000000 0.018187167658
3.400000000000 4.800000000000 0.014599357656
3.600000000000 4.800000000000 0.011388021849
3.800000000000 4.800000000000 0.008704422422
4.000000000000 4.800000000000 0.006642244180
4.200000000000 4.800000000000 0.005250122484
4.400000000000 4.800000000000 0.004547988038
4.600000000000 4.800000000000 0.004541739106
4.800000000000 4.800000000000 0.005231803435

