# x y u
0.000000000000 0.000000000000 0.074850971955
0.200000000000 0.000000000000 0.050333579851
0.400000000000 0.000000000000 0.031414705186
0.600000000000 0.000000000000 0.018173120582
0.800000000000 0.000000000000 0.009733336596
1.000000000000 0.000000000000 0.004839616477
1.200000000000 0.000000000000 0.002302889464
1.400000000000 0.000000000000 0.001255043784
1.600000000000 0.000000000000 0.001248990218
1.800000000000 0.000000000000 0.002281944059
2.000000000000 0.000000000000 0.004797616521
2.200000000000 0.000000000000 0.009666906917
2.400000000000 0.000000000000 0.018089847826
2.600000000000 0.000000000000 0.031338758491
2.800000000000 0.000000000000 0.050302713338
3.000000000000 0.000000000000 0.074901619779
3.200000000000 0.000000000000 0.103574585148
3.400000000000 0.000000000000 0.133127766130
3.600000000000 0.000000000000 0.159165169627
3.800000000000 0.000000000000 0.177101875865
4.000000000000 0.000000000000 0.183462838918
4.200000000000 0.000000000000 0.176969698846
4.400000000000 0.000000000000 0.158954079584
4.600000000000 0.000000000000 0.132916564253
4.800000000000 0.000000000000 0.103429668360

0.000000000000 0.200000000000 0.050333579851
0.200000000000 0.200000000000 0.033856558892
0.400000000000 0.200000000000 0.021138309211
0.600000000000 0.200000000000 0.012233516184
0.800000000000 0.200000000000 0.006555490813
1.000000000000 0.200000000000 0.003261468332
1.200000000000 0.200000000000 0.001552827590
1.400000000000 0.200000000000 0.000846122478
1.600000000000 0.200000000000 0.000840564413
1.800000000000 0.200000000000 0.001533866125
2.000000000000 0.200000000000 0.003223811924
2.200000000000 0.200000000000 0.006495291647
2.400000000000 0.200000000000 0.012154381535
2.600000000000 0.200000000000 0.021055748590
2.800000000000 0.200000000000 0.033796622913
3.000000000000 0.200000000000 0.050323238720
3.200000000000 0.200000000000 0.069587220409
3.400000000000 0.200000000000 0.089443422228
3.600000000000 0.200000000000 0.106939243264
3.800000000000 0.200000000000 0.118995018855
4.000000000000 0.200000000000 0.123276160508
4.200000000000 0.200000000000 0.118922998742
4.400000000000 0.200000000000 0.106828499893
4.600000000000 0.200000000000 0.089342452731
4.800000000000 0.200000000000 0.069535176557

0.000000000000 0.400000000000 0.031414705186
0.200000000000 0.400000000000 0.021138309211
0.400000000000 0.400000000000 0.013203244610
0.600000000000 0.400000000000 0.007645051945
0.800000000000 0.400000000000 0.004099150761
1.000000000000 0.400000000000 0.002040801471
1.200000000000 0.400000000000 0.000972272256
1.400000000000 0.400000000000 0.000529626111
1.600000000000 0.400000000000 0.000524990005
1.800000000000 0.400000000000 0.000956579807
2.000000000000 0.400000000000 0.002009746518
2.200000000000 0.400000000000 0.004048898942
2.400000000000 0.400000000000 0.007576394049
2.600000000000 0.400000000000 0.013124943640
2.800000000000 0.400000000000 0.021066881182
3.000000000000 0.400000000000 0.031368895291
3.200000000000 0.400000000000 0.043377884079
3.400000000000 0.400000000000 0.055757239320
3.600000000000 0.400000000000 0.066667021841
3.800000000000 0.400000000000 0.074187794324
4.000000000000 0.400000000000 0.076863975463
4.200000000000 0.400000000000 0.074158665046
4.400000000000 0.400000000000 0.066626941306
4.600000000000 0.400000000000 0.055731935276
4.800000000000 0.400000000000 0.043386428126

0.000000000000 0.600000000000 0.018173120582
0.200000000000 0.600000000000 0.012233516184
0.400000000000 0.600000000000 0.007645051945
0.600000000000 0.600000000000 0.004429334729
0.800000000000 0.600000000000 0.002376594746
1.000000000000 0.600000000000 0.001184150701
1.200000000000 0.600000000000 0.000564552217
1.400000000000 0.600000000000 0.000307393634
1.600000000000 0.600000000000 0.000303873973
1.800000000000 0.600000000000 0.000552687879
2.000000000000 0.600000000000 0.001160672956
2.200000000000 0.600000000000 0.002338148849
2.400000000000 0.600000000000 0.004375169364
2.600000000000 0.600000000000 0.007579392106
2.800000000000 0.600000000000 0.012165953797
3.000000000000 0.600000000000 0.018115857216
3.200000000000 0.600000000000 0.025052300336
3.400000000000 0.600000000000 0.032203807894
3.600000000000 0.600000000000 0.038508122671
3.800000000000 0.600000000000 0.042856759530
4.000000000000 0.600000000000 0.044408630665
4.200000000000 0.600000000000 0.042852706901
4.400000000000 0.600000000000 0.038508315491
4.600000000000 0.600000000000 0.032219303985
4.800000000000 0.600000000000 0.025089696369

0.000000000000 0.800000000000 0.009733336596
0.200000000000 0.800000000000 0.006555490813
0.400000000000 0.800000000000 0.004099150761
0.600000000000 0.800000000000 0.002376594746
0.800000000000 0.800000000000 0.001276215693
1.000000000000 0.800000000000 0.000636461719
1.200000000000 0.800000000000 0.000303679281
1.400000000000 0.800000000000 0.000165250020
1.600000000000 0.800000000000 0.000162814909
1.800000000000 0.800000000000 0.000295486122
2.000000000000 0.800000000000 0.000620218450
2.200000000000 0.800000000000 0.001249321171
2.400000000000 0.800000000000 0.002337766660
2.600000000000 0.800000000000 0.004049997396
2.800000000000 0.800000000000 0.006501094943
3.000000000000 0.800000000000 0.009681116400
3.200000000000 0.800000000000 0.013388987441
3.400000000000 0.800000000000 0.017212726962
3.600000000000 0.800000000000 0.020584838145
3.800000000000 0.800000000000 0.022912854056
4.000000000000 0.800000000000 0.023746852413
4.200000000000 0.800000000000 0.022919863267
4.400000000000 0.800000000000 0.020601656831
4.600000000000 0.800000000000 0.017242460936
4.800000000000 0.800000000000 0.013431941793

0.000000000000 1.000000000000 0.004839616477
0.200000000000 1.000000000000 0.003261468332
0.400000000000 1.000000000000 0.002040801471
0.600000000000 1.000000000000 0.001184150701
0.800000000000 1.000000000000 0.000636461719
1.000000000000 1.000000000000 0.000317731767
1.200000000000 1.000000000000 0.000151730884
1.400000000000 1.000000000000 0.000082498906
1.600000000000 1.000000000000 0.000080961977
1.800000000000 1.000000000000 0.000146561102
2.000000000000 1.000000000000 0.000307449705
2.200000000000 1.000000000000 0.000619261633
2.400000000000 1.000000000000 0.001158820635
2.600000000000 1.000000000000 0.002007691814
2.800000000000 1.000000000000 0.003223025639
3.000000000000 1.000000000000 0.004800047831
3.200000000000 1.000000000000 0.006639261544
3.400000000000 1.000000000000 0.008536583498
3.600000000000 1.000000000000 0.010210717946
3.800000000000 1.000000000000 0.011367795413
4.000000000000 1.000000000000 0.011784392008
4.200000000000 1.000000000000 0.011377197637
4.400000000000 1.000000000000 0.010229825137
4.600000000000 1.000000000000 0.008565083698
4.800000000000 1.000000000000 0.006675199916

0.000000000000 1.200000000000 0.002302889464
0.200000000000 1.200000000000 0.001552827590
0.400000000000 1.200000000000 0.000972272256
0.600000000000 1.200000000000 0.000564552217
0.800000000000 1.200000000000 0.000303679281
1.000000000000 1.200000000000 0.000151730884
1.200000000000 1.200000000000 0.000072504651
1.400000000000 1.200000000000 0.000039381605
1.600000000000 1.200000000000 0.000038493988
1.800000000000 1.200000000000 0.000069513003
2.000000000000 1.200000000000 0.000145746971
2.200000000000 1.200000000000 0.000293557886
2.400000000000 1.200000000000 0.000549381488
2.600000000000 1.200000000000 0.000951934126
2.800000000000 1.200000000000 0.001528392756
3.000000000000 1.200000000000 0.002276602866
3.200000000000 1.200000000000 0.003149500852
3.400000000000 1.200000000000 0.004050389828
3.600000000000 1.200000000000 0.004845864403
3.800000000000 1.200000000000 0.005396423188
4.000000000000 1.200000000000 0.005595841847
4.200000000000 1.200000000000 0.005404271348
4.400000000000 1.200000000000 0.004861052393
4.600000000000 1.200000000000 0.004071668355
4.800000000000 1.200000000000 0.003174711571

0.000000000000 1.400000000000 0.001255043784
0.200000000000 1.400000000000 0.000846122478
0.400000000000 1.400000000000 0.000529626111
0.600000000000 1.400000000000 0.000307393634
0.800000000000 1.400000000000 0.000165250020
1.000000000000 1.400000000000 0.000082498906
1.200000000000 1.400000000000 0.000039381605
1.400000000000 1.400000000000 0.000021370411
1.600000000000 1.400000000000 0.000020893527
1.800000000000 1.400000000000 0.000037758116
2.000000000000 1.400000000000 0.000079198560
2.200000000000 1.400000000000 0.000159559067
2.400000000000 1.400000000000 0.000298678637
2.600000000000 1.400000000000 0.000517660099
2.800000000000 1.400000000000 0.000831355285
3.000000000000 1.400000000000 0.001238674951
3.200000000000 1.400000000000 0.001714084387
3.400000000000 1.400000000000 0.002204991214
3.600000000000 1.400000000000 0.002638741960
3.800000000000 1.400000000000 0.002939272898
4.000000000000 1.400000000000 0.003048571762
4.200000000000 1.400000000000 0.002944759826
4.400000000000 1.400000000000 0.002649139449
4.600000000000 1.400000000000 0.002219134444
4.800000000000 1.400000000000 0.001730299915

0.000000000000 1.600000000000 0.001248990218
0.200000000000 1.600000000000 0.000840564413
0.400000000000 1.600000000000 0.000524990005
0.600000000000 1.600000000000 0.000303873973
0.800000000000 1.600000000000 0.000162814909
1.000000000000 1.600000000000 0.000080961977
1.200000000000 1.600000000000 0.000038493988
1.400000000000 1.600000000000 0.000020893527
1.600000000000 1.600000000000 0.000020635300
1.800000000000 1.600000000000 0.000037576281
2.000000000000 1.600000000000 0.000078986293
2.200000000000 1.600000000000 0.000159229882
2.400000000000 1.600000000000 0.000298162651
2.600000000000 1.600000000000 0.000516914914
2.800000000000 1.600000000000 0.000830383467
3.000000000000 1.600000000000 0.001237530292
3.200000000000 1.600000000000 0.001712848052
3.400000000000 1.600000000000 0.002203712812
3.600000000000 1.600000000000 0.002637366850
3.800000000000 1.600000000000 0.002937599827
4.000000000000 1.600000000000 0.003046283613
4.200000000000 1.600000000000 0.002941536222
4.400000000000 1.600000000000 0.002644809270
4.600000000000 1.600000000000 0.002213792609
4.800000000000 1.600000000000 0.001724322959

0.000000000000 1.800000000000 0.002281944059
0.200000000000 1.800000000000 0.001533866125
0.400000000000 1.800000000000 0.000956579807
0.600000000000 1.800000000000 0.000552687879
0.800000000000 1.800000000000 0.000295486122
1.000000000000 1.800000000000 0.000146561102
1.200000000000 1.800000000000 0.000069513003
1.400000000000 1.800000000000 0.000037758116
1.600000000000 1.800000000000 0.000037576281
1.800000000000 1.800000000000 0.000068787986
2.000000000000 1.800000000000 0.000144791881
2.200000000000 1.800000000000 0.000291979819
2.400000000000 1.800000000000 0.000546802215
2.600000000000 1.800000000000 0.000948039317
2.800000000000 1.800000000000 0.001523024590
3.000000000000 1.800000000000 0.002269833695
3.200000000000 1.800000000000 0.003141609754
3.400000000000 1.800000000000 0.004041701469
3.600000000000 1.800000000000 0.004836499022
3.800000000000 1.800000000000 0.005386098085
4.000000000000 1.800000000000 0.005583883139
4.200000000000 1.800000000000 0.005389898765
4.400000000000 1.800000000000 0.004843831775
4.600000000000 1.800000000000 0.004051897345
4.800000000000 1.800000000000 0.003153513497

0.000000000000 2.000000000000 0.004797616521
0.200000000000 2.000000000000 0.003223811924
0.400000000000 2.000000000000 0.002009746518
0.600000000000 2.000000000000 0.001160672956
0.800000000000 2.000000000000 0.000620218450
1.000000000000 2.000000000000 0.000307449705
1.200000000000 2.000000000000 0.000145746971
1.400000000000 2.000000000000 0.000079198560
1.600000000000 2.000000000000 0.000078986293
1.800000000000 2.000000000000 0.000144791881
2.000000000000 2.000000000000 0.000304868417
2.200000000000 2.000000000000 0.000614807946
2.400000000000 2.000000000000 0.001151362476
2.600000000000 2.000000000000 0.001996168174
2.800000000000 2.000000000000 0.003206733549
3.000000000000 2.000000000000 0.004778936212
3.200000000000 2.000000000000 0.006614028680
3.400000000000 2.000000000000 0.008508427791
3.600000000000 2.000000000000 0.010180781830
3.800000000000 2.000000000000 0.011336575593
4.000000000000 2.000000000000 0.011751493134
4.200000000000 2.000000000000 0.011341659611
4.400000000000 2.000000000000 0.010190910184
4.600000000000 2.000000000000 0.008523091982
4.800000000000 2.000000000000 0.006631825795

0.000000000000 2.200000000000 0.009666906917
0.200000000000 2.200000000000 0.006495291647
0.400000000000 2.200000000000 0.004048898942
0.600000000000 2.200000000000 0.002338148849
0.800000000000 2.200000000000 0.001249321171
1.000000000000 2.200000000000 0.000619261633
1.200000000000 2.200000000000 0.000293557886
1.400000000000 2.200000000000 0.000159559067
1.600000000000 2.200000000000 0.000159229882
1.800000000000 2.200000000000 0.000291979819
2.000000000000 2.200000000000 0.000614807946
2.200000000000 2.200000000000 0.001239817571
2.400000000000 2.200000000000 0.002321751378
2.600000000000 2.200000000000 0.004025163731
2.800000000000 2.200000000000 0.006465916797
3.000000000000 2.200000000000 0.009635571444
3.200000000000 2.200000000000 0.013334895757
3.400000000000 2.200000000000 0.017153335722
3.600000000000 2.200000000000 0.020523651904
3.800000000000 2.200000000000 0.022852213422
4.000000000000 2.200000000000 0.023687054652
4.200000000000 2.200000000000 0.022859415741
4.400000000000 2.200000000000 0.020538607992
4.600000000000 2.200000000000 0.017176072539
4.800000000000 2.200000000000 0.013363731531

0.000000000000 2.400000000000 0.018089847826
0.200000000000 2.400000000000 0.012154381535
0.400000000000 2.400000000000 0.007576394049
0.600000000000 2.400000000000 0.004375169364
0.800000000000 2.400000000000 0.002337766660
1.000000000000 2.400000000000 0.001158820635
1.200000000000 2.400000000000 0.000549381488
1.400000000000 2.400000000000 0.000298678637
1.600000000000 2.400000000000 0.000298162651
1.800000000000 2.400000000000 0.000546802215
2.000000000000 2.400000000000 0.001151362476
2.200000000000 2.400000000000 0.002321751378
2.400000000000 2.400000000000 0.004347666803
2.600000000000 2.400000000000 0.007537108855
2.800000000000 2.400000000000 0.012106827289
3.000000000000 2.400000000000 0.018040777371
3.200000000000 2.400000000000 0.024965699530
3.400000000000 2.400000000000 0.032112798064
3.600000000000 2.400000000000 0.038420151606
3.800000000000 2.400000000000 0.042776708062
4.000000000000 2.400000000000 0.044336864197
4.200000000000 2.400000000000 0.042785287774
4.400000000000 2.400000000000 0.038439420164
4.600000000000 2.400000000000 0.032144581806
4.800000000000 2.400000000000 0.025008747885

0.000000000000 2.600000000000 0.031338758491
0.200000000000 2.600000000000 0.021055748590
0.400000000000 2.600000000000 0.013124943640
0.600000000000 2.600000000000 0.007579392106
0.800000000000 2.600000000000 0.004049997396
1.000000000000 2.600000000000 0.002007691814
1.200000000000 2.600000000000 0.000951934126
1.400000000000 2.600000000000 0.000517660099
1.600000000000 2.600000000000 0.000516914914
1.800000000000 2.600000000000 0.000948039317
2.000000000000 2.600000000000 0.001996168174
2.200000000000 2.600000000000 0.004025163731
2.400000000000 2.600000000000 0.007537108855
2.600000000000 2.600000000000 0.013065682966
2.800000000000 2.600000000000 0.020986244116
3.000000000000 2.600000000000 0.031270526030
3.200000000000 2.600000000000 0.043271115934
3.400000000000 2.600000000000 0.055655249870
3.600000000000 2.600000000000 0.066582532911
3.800000000000 2.600000000000 0.074127935436
4.000000000000 2.600000000000 0.076826909988
4.200000000000 2.600000000000 0.074134058052
4.400000000000 2.600000000000 0.066600385132
4.600000000000 2.600000000000 0.055691206858
4.800000000000 2.600000000000 0.043326422516

0.000000000000 2.800000000000 0.050302713338
0.200000000000 2.800000000000 0.033796622913
0.400000000000 2.800000000000 0.021066881182
0.600000000000 2.800000000000 0.012165953797
0.800000000000 2.800000000000 0.006501094943
1.000000000000 2.800000000000 0.003223025639
1.200000000000 2.800000000000 0.001528392756
1.400000000000 2.800000000000 0.000831355285
1.600000000000 2.800000000000 0.000830383467
1.800000000000 2.800000000000 0.001523024590
2.000000000000 2.800000000000 0.003206733549
2.200000000000 2.800000000000 0.006465916797
2.400000000000 2.800000000000 0.012106827289
2.600000000000 2.800000000000 0.020986244116
2.800000000000 2.800000000000 0.033706412867
3.000000000000 2.800000000000 0.050221153127
3.200000000000 2.800000000000 0.069489967051
3.400000000000 2.800000000000 0.089372091310
3.600000000000 2.800000000000 0.106912278207
3.800000000000 2.800000000000 0.119020256418
4.000000000000 2.800000000000 0.123345928751
4.200000000000 2.800000000000 0.119015380053
4.400000000000 2.800000000000 0.106914838070
4.600000000000 2.800000000000 0.089397759220
4.800000000000 2.800000000000 0.069546503110

0.000000000000 3.000000000000 0.074901619779
0.200000000000 3.000000000000 0.050323238720
0.400000000000 3.000000000000 0.031368895291
0.600000000000 3.000000000000 0.018115857216
0.800000000000 3.000000000000 0.009681116400
1.000000000000 3.000000000000 0.004800047831
1.200000000000 3.000000000000 0.002276602866
1.400000000000 3.000000000000 0.001238674951
1.600000000000 3.000000000000 0.001237530292
1.800000000000 3.000000000000 0.002269833695
2.000000000000 3.000000000000 0.004778936212
2.200000000000 3.000000000000 0.009635571444
2.400000000000 3.000000000000 0.018040777371
2.600000000000 3.000000000000 0.031270526030
2.800000000000 3.000000000000 0.050221153127
3.000000000000 3.000000000000 0.074822624928
3.200000000000 3.000000000000 0.103523592519
3.400000000000 3.000000000000 0.133134140408
3.600000000000 3.000000000000 0.159252120480
3.800000000000 3.000000000000 0.177275630505
4.000000000000 3.000000000000 0.183706494665
4.200000000000 3.000000000000 0.177245826114
4.400000000000 3.000000000000 0.159215967758
4.600000000000 3.000000000000 0.133123372999
4.800000000000 3.000000000000 0.103558637073

0.000000000000 3.200000000000 0.103574585148
0.200000000000 3.200000000000 0.069587220409
0.400000000000 3.200000000000 0.043377884079
0.600000000000 3.200000000000 0.025052300336
0.800000000000 3.200000000000 0.013388987441
1.000000000000 3.200000000000 0.006639261544
1.200000000000 3.200000000000 0.003149500852
1.400000000000 3.200000000000 0.001714084387
1.600000000000 3.200000000000 0.001712848052
1.800000000000 3.200000000000 0.003141609754
2.000000000000 3.200000000000 0.006614028680
2.200000000000 3.200000000000 0.013334895757
2.400000000000 3.200000000000 0.024965699530
2.600000000000 3.200000000000 0.043271115934
2.800000000000 3.200000000000 0.069489967051
3.000000000000 3.200000000000 0.103523592519
3.200000000000 3.200000000000 0.143223937442
3.400000000000 3.200000000000 0.184176840734
3.600000000000 3.200000000000 0.220292699468
3.800000000000 3.200000000000 0.245207550538
4.000000000000 3.200000000000 0.254085883855
4.200000000000 3.200000000000 0.245135010920
4.400000000000 3.200000000000 0.220187250824
4.600000000000 3.200000000000 0.184094139831
4.800000000000 3.200000000000 0.143204625341

0.000000000000 3.400000000000 0.133127766130
0.200000000000 3.400000000000 0.089443422228
0.400000000000 3.400000000000 0.055757239320
0.600000000000 3.400000000000 0.032203807894
0.800000000000 3.400000000000 0.017212726962
1.000000000000 3.400000000000 0.008536583498
1.200000000000 3.400000000000 0.004050389828
1.400000000000 3.400000000000 0.002204991214
1.600000000000 3.400000000000 0.002203712812
1.800000000000 3.400000000000 0.004041701469
2.000000000000 3.400000000000 0.008508427791
2.200000000000 3.400000000000 0.017153335722
2.400000000000 3.400000000000 0.032112798064
2.600000000000 3.400000000000 0.055655249870
2.800000000000 3.400000000000 0.089372091310
3.000000000000 3.400000000000 0.133134140408
3.200000000000 3.400000000000 0.184176840734
3.400000000000 3.400000000000 0.236822694992
3.600000000000 3.400000000000 0.283241902493
3.800000000000 3.400000000000 0.315254453758
4.000000000000 3.400000000000 0.326647680023
4.200000000000 3.400000000000 0.315121858069
4.400000000000 3.400000000000 0.283036820665
4.600000000000 3.400000000000 0.236631637232
4.800000000000 3.400000000000 0.184067730606

0.000000000000 3.600000000000 0.159165169627
0.200000000000 3.600000000000 0.106939243264
0.400000000000 3.600000000000 0.066667021841
0.600000000000 3.600000000000 0.038508122671
0.800000000000 3.600000000000 0.020584838145
1.000000000000 3.600000000000 0.010210717946
1.200000000000 3.600000000000 0.004845864403
1.400000000000 3.600000000000 0.002638741960
1.600000000000 3.600000000000 0.002637366850
1.800000000000 3.600000000000 0.004836499022
2.000000000000 3.600000000000 0.010180781830
2.200000000000 3.600000000000 0.020523651904
2.400000000000 3.600000000000 0.038420151606
2.600000000000 3.600000000000 0.066582532911
2.800000000000 3.600000000000 0.106912278207
3.000000000000 3.600000000000 0.159252120480
3.200000000000 3.600000000000 0.220292699468
3.400000000000 3.600000000000 0.283241902493
3.600000000000 3.600000000000 0.338735930155
3.800000000000 3.600000000000 0.376995186335
4.000000000000 3.600000000000 0.390595314018
4.200000000000 3.600000000000 0.376792148339
4.400000000000 3.600000000000 0.338412298790
4.600000000000 3.600000000000 0.282918322924
4.800000000000 3.600000000000 0.220068298713

0.000000000000 3.800000000000 0.177101875865
0.200000000000 3.800000000000 0.118995018855
0.400000000000 3.800000000000 0.074187794324
0.600000000000 3.800000000000 0.042856759530
0.800000000000 3.800000000000 0.022912854056
1.000000000000 3.800000000000 0.011367795413
1.200000000000 3.800000000000 0.005396423188
1.400000000000 3.800000000000 0.002939272898
1.600000000000 3.800000000000 0.002937599827
1.800000000000 3.800000000000 0.005386098085
2.000000000000 3.800000000000 0.011336575593
2.200000000000 3.800000000000 0.022852213422
2.400000000000 3.800000000000 0.042776708062
2.600000000000 3.800000000000 0.074127935436
2.800000000000 3.800000000000 0.119020256418
3.000000000000 3.800000000000 0.177275630505
3.200000000000 3.800000000000 0.245207550538
3.400000000000 3.800000000000 0.315254453758
3.600000000000 3.800000000000 0.376995186335
3.800000000000 3.800000000000 0.419549100758
4.000000000000 3.800000000000 0.434659337738
4.200000000000 3.800000000000 0.419278293655
4.400000000000 3.800000000000 0.376556287929
4.600000000000 3.800000000000 0.314799491491
4.800000000000 3.800000000000 0.244865163663

0.000000000000 4.000000000000 0.183462838918
0.200000000000 4.000000000000 0.123276160508
0.400000000000 4.000000000000 0.076863975463
0.600000000000 4.000000000000 0.044408630665
0.800000000000 4.000000000000 0.023746852413
1.000000000000 4.000000000000 0.011784392008
1.200000000000 4.000000000000 0.005595841847
1.400000000000 4.000000000000 0.003048571762
1.600000000000 4.000000000000 0.003046283613
1.800000000000 4.000000000000 0.005583883139
2.000000000000 4.000000000000 0.011751493134
2.200000000000 4.000000000000 0.023687054652
2.400000000000 4.000000000000 0.044336864197
2.600000000000 4.000000000000 0.076826909988
2.800000000000 4.000000000000 0.123345928751
3.000000000000 4.000000000000 0.183706494665
3.200000000000 4.000000000000 0.254085883855
3.400000000000 4.000000000000 0.326647680023
3.600000000000 4.000000000000 0.390595314018
3.800000000000 4.000000000000 0.434659337738
4.000000000000 4.000000000000 0.450291070286
4.200000000000 4.000000000000 0.434339177039
4.400000000000 4.000000000000 0.390071539120
4.600000000000 4.000000000000 0.326094091690
4.800000000000 4.000000000000 0.253652321794

0.000000000000 4.200000000000 0.176969698846
0.200000000000 4.200000000000 0.118922998742
0.400000000000 4.200000000000 0.074158665046
0.600000000000 4.200000000000 0.042852706901
0.800000000000 4.200000000000 0.022919863267
1.000000000000 4.200000000000 0.011377197637
1.200000000000 4.200000000000 0.005404271348
1.400000000000 4.200000000000 0.002944759826
1.600000000000 4.200000000000 0.002941536222
1.800000000000 4.200000000000 0.005389898765
2.000000000000 4.200000000000 0.011341659611
2.200000000000 4.200000000000 0.022859415741
2.400000000000 4.200000000000 0.042785287774
2.600000000000 4.200000000000 0.074134058052
2.800000000000 4.200000000000 0.119015380053
3.000000000000 4.200000000000 0.177245826114
3.200000000000 4.200000000000 0.245135010920
3.400000000000 4.200000000000 0.315121858069
3.600000000000 4.200000000000 0.376792148339
3.800000000000 4.200000000000 0.419278293655
4.000000000000 4.200000000000 0.434339177039
4.200000000000 4.200000000000 0.418940092002
4.400000000000 4.200000000000 0.376236315582
4.600000000000 4.200000000000 0.314528997052
4.800000000000 4.200000000000 0.244662495615

0.000000000000 4.400000000000 0.158954079584
0.200000000000 4.400000000000 0.106828499893
0.400000000000 4.400000000000 0.066626941306
0.600000000000 4.400000000000 0.038508315491
0.800000000000 4.400000000000 0.020601656831
1.000000000000 4.400000000000 0.010229825137
1.200000000000 4.400000000000 0.004861052393
1.400000000000 4.400000000000 0.002649139449
1.600000000000 4.400000000000 0.002644809270
1.800000000000 4.400000000000 0.004843831775
2.000000000000 4.400000000000 0.010190910184
2.200000000000 4.400000000000 0.020538607992
2.400000000000 4.400000000000 0.038439420164
2.600000000000 4.400000000000 0.066600385132
2.800000000000 4.400000000000 0.106914838070
3.000000000000 4.400000000000 0.159215967758
3.200000000000 4.400000000000 0.220187250824
3.400000000000 4.400000000000 0.283036820665
3.600000000000 4.400000000000 0.338412298790
3.800000000000 4.400000000000 0.376556287929
4.000000000000 4.400000000000 0.390071539120
4.200000000000 4.400000000000 0.376236315582
4.400000000000 4.400000000000 0.337886057162
4.600000000000 4.400000000000 0.282474915681
4.800000000000 4.400000000000 0.219738907369

0.000000000000 4.600000000000 0.132916564253
0.200000000000 4.600000000000 0.089342452731
0.400000000000 4.600000000000 0.055731935276
0.600000000000 4.600000000000 0.032219303985
0.800000000000 4.600000000000 0.017242460936
1.000000000000 4.600000000000 0.008565083698
1.200000000000 4.600000000000 0.004071668355
1.400000000000 4.600000000000 0.002219134444
1.600000000000 4.600000000000 0.002213792609
1.800000000000 4.600000000000 0.004051897345
2.000000000000 4.600000000000 0.008523091982
2.200000000000 4.600000000000 0.017176072539
2.400000000000 4.600000000000 0.032144581806
2.600000000000 4.600000000000 0.055691206858
2.800000000000 4.600000000000 0.089397759220
3.000000000000 4.600000000000 0.133123372999
3.200000000000 4.600000000000 0.184094139831
3.400000000000 4.600000000000 0.236631637232
3.600000000000 4.600000000000 0.282918322924
3.800000000000 4.600000000000 0.314799491491
4.000000000000 4.600000000000 0.326094091690
4.200000000000 4.600000000000 0.314528997052
4.400000000000 4.600000000000 0.282474915681
4.600000000000 4.600000000000 0.236161575890
4.800000000000 4.600000000000 0.183724954067

0.000000000000 4.800000000000 0.103429668360
0.200000000000 4.800000000000 0.069535176557
0.400000000000 4.800000000000 0.043386428126
0.600000000000 4.800000000000 0.025089696369
0.800000000000 4.800000000000 0.013431941793
1.000000000000 4.800000000000 0.006675199916
1.200000000000 4.800000000000 0.003174711571
1.400000000000 4.800000000000 0.001730299915
1.600000000000 4.800000000000 0.001724322959
1.800000000000 4.800000000000 0.003153513497
2.000000000000 4.800000000000 0.006631825795
2.200000000000 4.800000000000 0.013363731531
2.400000000000 4.800000000000 0.025008747885
2.600000000000 4.800000000000 0.043326422516
2.800000000000 4.800000000000 0.069546503110
3.000000000000 4.800000000000 0.103558637073
3.200000000000 4.800000000000 0.143204625341
3.400000000000 4.800000000000 0.184067730606
3.600000000000 4.800000000000 0.220068298713
3.800000000000 4.800000000000 0.244865163663
4.000000000000 4.800000000000 0.253652321794
4.200000000000 4.800000000000 0.244662495615
4.400000000000 4.800000000000 0.219738907369
4.600000000000 4.800000000000 0.183724954067
4.800000000000 4.800000000000 0.142946176213

