# x y u
0.000000000000 0.000000000000 0.003821860218
0.200000000000 0.000000000000 0.001861529407
0.400000000000 0.000000000000 0.000821817578
0.600000000000 0.000000000000 0.000329490286
0.800000000000 0.000000000000 0.000127201573
1.000000000000 0.000000000000 0.000073770414
1.200000000000 0.000000000000 0.000124556624
1.400000000000 0.000000000000 0.000321498339
1.600000000000 0.000000000000 0.000803462648
1.800000000000 0.000000000000 0.001827047936
2.000000000000 0.000000000000 0.003768040829
2.200000000000 0.000000000000 0.007061618894
2.400000000000 0.000000000000 0.012050707287
2.600000000000 0.000000000000 0.018759179896
2.800000000000 0.000000000000 0.026678013726
3.000000000000 0.000000000000 0.034702035122
3.200000000000 0.000000000000 0.041326133723
3.400000000000 0.000000000000 0.045087404581
3.600000000000 0.000000000000 0.045084212423
3.800000000000 0.000000000000 0.041323241564
4.000000000000 0.000000000000 0.034714071564
4.200000000000 0.000000000000 0.026715878428
4.400000000000 0.000000000000 0.018821609712
4.600000000000 0.000000000000 0.012124985787
4.800000000000 0.000000000000 0.007131451171

0.000000000000 0.200000000000 0.001861529407
0.200000000000 0.200000000000 0.000907705431
0.400000000000 0.200000000000 0.000401254322
0.600000000000 0.200000000000 0.000161116101
0.800000000000 0.200000000000 0.000062265011
1.000000000000 0.200000000000 0.000035987722
1.200000000000 0.200000000000 0.000060438493
1.400000000000 0.200000000000 0.000155814964
1.600000000000 0.200000000000 0.000389351480
1.800000000000 0.200000000000 0.000885379732
2.000000000000 0.200000000000 0.001826032433
2.200000000000 0.200000000000 0.003422284491
2.400000000000 0.200000000000 0.005840497575
2.600000000000 0.200000000000 0.009092529850
2.800000000000 0.200000000000 0.012932067189
3.000000000000 0.200000000000 0.016823841951
3.200000000000 0.200000000000 0.020038514422
3.400000000000 0.200000000000 0.021866744432
3.600000000000 0.200000000000 0.021870689914
3.800000000000 0.200000000000 0.020052394023
4.000000000000 0.200000000000 0.016851569593
4.200000000000 0.200000000000 0.012974820170
4.400000000000 0.200000000000 0.009145884354
4.600000000000 0.200000000000 0.005895681989
4.800000000000 0.200000000000 0.003470320052

0.000000000000 0.400000000000 0.000821817578
0.200000000000 0.400000000000 0.000401254322
0.400000000000 0.400000000000 0.000177649247
0.600000000000 0.400000000000 0.000071456314
0.800000000000 0.400000000000 0.000027647299
1.000000000000 0.400000000000 0.000015912288
1.200000000000 0.400000000000 0.000026549337
1.400000000000 0.400000000000 0.000068347466
1.600000000000 0.400000000000 0.000170763113
1.800000000000 0.400000000000 0.000388322691
2.000000000000 0.400000000000 0.000800932980
2.200000000000 0.400000000000 0.001501193894
2.400000000000 0.400000000000 0.002562198990
2.600000000000 0.400000000000 0.003989340481
2.800000000000 0.400000000000 0.005674802786
3.000000000000 0.400000000000 0.007383970310
3.200000000000 0.400000000000 0.008796916588
3.400000000000 0.400000000000 0.009602198649
3.600000000000 0.400000000000 0.009607174520
3.800000000000 0.400000000000 0.008812015402
4.000000000000 0.400000000000 0.007408992258
4.200000000000 0.400000000000 0.005707807759
4.400000000000 0.400000000000 0.004026138765
4.600000000000 0.400000000000 0.002597439629
4.800000000000 0.400000000000 0.001530352752

0.000000000000 0.600000000000 0.000329490286
0.200000000000 0.600000000000 0.000161116101
0.400000000000 0.600000000000 0.000071456314
0.600000000000 0.600000000000 0.000028798291
0.800000000000 0.600000000000 0.000011156249
1.000000000000 0.600000000000 0.000006388590
1.200000000000 0.600000000000 0.000010577091
1.400000000000 0.600000000000 0.000027182946
1.600000000000 0.600000000000 0.000067905120
1.800000000000 0.600000000000 0.000154426836
2.000000000000 0.600000000000 0.000318541372
2.200000000000 0.600000000000 0.000597115236
2.400000000000 0.600000000000 0.001019292215
2.600000000000 0.600000000000 0.001587325367
2.800000000000 0.600000000000 0.002258453962
3.000000000000 0.600000000000 0.002939443344
3.200000000000 0.600000000000 0.003503016704
3.400000000000 0.600000000000 0.003825111981
3.600000000000 0.600000000000 0.003828774239
3.800000000000 0.600000000000 0.003513687177
4.000000000000 0.600000000000 0.002956029945
4.200000000000 0.600000000000 0.002278896666
4.400000000000 0.600000000000 0.001608792500
4.600000000000 0.600000000000 0.001038893265
4.800000000000 0.600000000000 0.000612771577

0.000000000000 0.800000000000 0.000127201573
0.200000000000 0.800000000000 0.000062265011
0.400000000000 0.800000000000 0.000027647299
0.600000000000 0.800000000000 0.000011156249
0.800000000000 0.800000000000 0.000004324308
1.000000000000 0.800000000000 0.000002465514
1.200000000000 0.800000000000 0.000004056989
1.400000000000 0.800000000000 0.000010413046
1.600000000000 0.800000000000 0.000026010899
1.800000000000 0.800000000000 0.000059158910
2.000000000000 0.800000000000 0.000122047389
2.200000000000 0.800000000000 0.000228824112
2.400000000000 0.800000000000 0.000390695979
2.600000000000 0.800000000000 0.000608581634
2.800000000000 0.800000000000 0.000866150600
3.000000000000 0.800000000000 0.001127700797
3.200000000000 0.800000000000 0.001344422632
3.400000000000 0.800000000000 0.001468661689
3.600000000000 0.800000000000 0.001470759849
3.800000000000 0.800000000000 0.001350427591
4.000000000000 0.800000000000 0.001136754684
4.200000000000 0.800000000000 0.000876915680
4.400000000000 0.800000000000 0.000619493255
4.600000000000 0.800000000000 0.000400351975
4.800000000000 0.800000000000 0.000236341042

0.000000000000 1.000000000000 0.000073770414
0.200000000000 1.000000000000 0.000035987722
0.400000000000 1.000000000000 0.000015912288
0.600000000000 1.000000000000 0.000006388590
0.800000000000 1.000000000000 0.000002465514
1.000000000000 1.000000000000 0.000001415736
1.200000000000 1.000000000000 0.000002362984
1.400000000000 1.000000000000 0.000006086592
1.600000000000 1.000000000000 0.000015212260
1.800000000000 1.000000000000 0.000034606170
2.000000000000 1.000000000000 0.000071409151
2.200000000000 1.000000000000 0.000133914396
2.400000000000 1.000000000000 0.000228700860
2.600000000000 1.000000000000 0.000356325378
2.800000000000 1.000000000000 0.000507232446
3.000000000000 1.000000000000 0.000660494869
3.200000000000 1.000000000000 0.000787476677
3.400000000000 1.000000000000 0.000860202901
3.600000000000 1.000000000000 0.000861259181
3.800000000000 1.000000000000 0.000790487248
4.000000000000 1.000000000000 0.000664998697
4.200000000000 1.000000000000 0.000512529893
4.400000000000 1.000000000000 0.000361623617
4.600000000000 1.000000000000 0.000233315389
4.800000000000 1.000000000000 0.000137439096

0.000000000000 1.200000000000 0.000124556624
0.200000000000 1.200000000000 0.000060438493
0.400000000000 1.200000000000 0.000026549337
0.600000000000 1.200000000000 0.000010577091
0.800000000000 1.200000000000 0.000004056989
1.000000000000 1.200000000000 0.000002362984
1.200000000000 1.200000000000 0.000004041678
1.400000000000 1.200000000000 0.000010469478
1.600000000000 1.200000000000 0.000026185220
1.800000000000 1.200000000000 0.000059575932
2.000000000000 1.200000000000 0.000122941223
2.200000000000 1.200000000000 0.000230561929
2.400000000000 1.200000000000 0.000393758392
2.600000000000 1.200000000000 0.000613460139
2.800000000000 1.200000000000 0.000873150470
3.000000000000 1.200000000000 0.001136700826
3.200000000000 1.200000000000 0.001354711095
3.400000000000 1.200000000000 0.001478982588
3.600000000000 1.200000000000 0.001479622817
3.800000000000 1.200000000000 0.001356584889
4.000000000000 1.200000000000 0.001139626696
4.200000000000 1.200000000000 0.000876751013
4.400000000000 1.200000000000 0.000617192257
4.600000000000 1.200000000000 0.000397067714
4.800000000000 1.200000000000 0.000233072710

0.000000000000 1.400000000000 0.000321498339
0.200000000000 1.400000000000 0.000155814964
0.400000000000 1.400000000000 0.000068347466
0.600000000000 1.400000000000 0.000027182946
0.800000000000 1.400000000000 0.000010413046
1.000000000000 1.400000000000 0.000006086592
1.200000000000 1.400000000000 0.000010469478
1.400000000000 1.400000000000 0.000027153685
1.600000000000 1.400000000000 0.000067923558
1.800000000000 1.400000000000 0.000154538382
2.000000000000 1.400000000000 0.000318900673
2.200000000000 1.400000000000 0.000598044145
2.400000000000 1.400000000000 0.001021310147
2.600000000000 1.400000000000 0.001591069283
2.800000000000 1.400000000000 0.002264422403
3.000000000000 1.400000000000 0.002947599208
3.200000000000 1.400000000000 0.003512435652
3.400000000000 1.400000000000 0.003833950670
3.600000000000 1.400000000000 0.003834730969
3.800000000000 1.400000000000 0.003514840745
4.000000000000 1.400000000000 0.002951654165
4.200000000000 1.400000000000 0.002269795966
4.400000000000 1.400000000000 0.001596964296
4.600000000000 1.400000000000 0.001026718944
4.800000000000 1.400000000000 0.000602182914

0.000000000000 1.600000000000 0.000803462648
0.200000000000 1.600000000000 0.000389351480
0.400000000000 1.600000000000 0.000170763113
0.600000000000 1.600000000000 0.000067905120
0.800000000000 1.600000000000 0.000026010899
1.000000000000 1.600000000000 0.000015212260
1.200000000000 1.600000000000 0.000026185220
1.400000000000 1.600000000000 0.000067923558
1.600000000000 1.600000000000 0.000169908226
1.800000000000 1.600000000000 0.000386566888
2.000000000000 1.600000000000 0.000797692657
2.200000000000 1.600000000000 0.001495902733
2.400000000000 1.600000000000 0.002554558326
2.600000000000 1.600000000000 0.003979544884
2.800000000000 1.600000000000 0.005663513312
3.000000000000 1.600000000000 0.007371893372
3.200000000000 1.600000000000 0.008784135115
3.400000000000 1.600000000000 0.009587711452
3.600000000000 1.600000000000 0.009589121101
3.800000000000 1.600000000000 0.008788657356
4.000000000000 1.600000000000 0.007379936881
4.200000000000 1.600000000000 0.005674679839
4.400000000000 1.600000000000 0.003992214612
4.600000000000 1.600000000000 0.002566437766
4.800000000000 1.600000000000 0.001505095010

0.000000000000 1.800000000000 0.001827047936
0.200000000000 1.800000000000 0.000885379732
0.400000000000 1.800000000000 0.000388322691
0.600000000000 1.800000000000 0.000154426836
0.800000000000 1.800000000000 0.000059158910
1.000000000000 1.800000000000 0.000034606170
1.200000000000 1.800000000000 0.000059575932
1.400000000000 1.800000000000 0.000154538382
1.600000000000 1.800000000000 0.000386566888
1.800000000000 1.800000000000 0.000879482525
2.000000000000 1.800000000000 0.001814799065
2.200000000000 1.800000000000 0.003403179411
2.400000000000 1.800000000000 0.005811445313
2.600000000000 1.800000000000 0.009052886709
2.800000000000 1.800000000000 0.012883198002
3.000000000000 1.800000000000 0.016768718367
3.200000000000 1.800000000000 0.019980308481
3.400000000000 1.800000000000 0.021807210169
3.600000000000 1.800000000000 0.021809510437
3.800000000000 1.800000000000 0.019988122937
4.000000000000 1.800000000000 0.016783609669
4.200000000000 1.800000000000 0.012905022003
4.400000000000 1.800000000000 0.009078580819
4.600000000000 1.800000000000 0.005836120839
4.800000000000 1.800000000000 0.003422555560

0.000000000000 2.000000000000 0.003768040829
0.200000000000 2.000000000000 0.001826032433
0.400000000000 2.000000000000 0.000800932980
0.600000000000 2.000000000000 0.000318541372
0.800000000000 2.000000000000 0.000122047389
1.000000000000 2.000000000000 0.000071409151
1.200000000000 2.000000000000 0.000122941223
1.400000000000 2.000000000000 0.000318900673
1.600000000000 2.000000000000 0.000797692657
1.800000000000 2.000000000000 0.001814799065
2.000000000000 2.000000000000 0.003744708493
2.200000000000 2.000000000000 0.007021990199
2.400000000000 2.000000000000 0.011990668968
2.600000000000 2.000000000000 0.018677918754
2.800000000000 2.000000000000 0.026579437825
3.000000000000 2.000000000000 0.034594067902
3.200000000000 2.000000000000 0.041217624557
3.400000000000 2.000000000000 0.044984169501
3.600000000000 2.000000000000 0.044986757337
3.800000000000 2.000000000000 0.041227870559
4.000000000000 2.000000000000 0.034616726905
4.200000000000 2.000000000000 0.026616044572
4.400000000000 2.000000000000 0.018723634492
4.600000000000 2.000000000000 0.012036167559
4.800000000000 2.000000000000 0.007058489689

0.000000000000 2.200000000000 0.007061618894
0.200000000000 2.200000000000 0.003422284491
0.400000000000 2.200000000000 0.001501193894
0.600000000000 2.200000000000 0.000597115236
0.800000000000 2.200000000000 0.000228824112
1.000000000000 2.200000000000 0.000133914396
1.200000000000 2.200000000000 0.000230561929
1.400000000000 2.200000000000 0.000598044145
1.600000000000 2.200000000000 0.001495902733
1.800000000000 2.200000000000 0.003403179411
2.000000000000 2.200000000000 0.007021990199
2.200000000000 2.200000000000 0.013166965404
2.400000000000 2.200000000000 0.022482768392
2.600000000000 2.200000000000 0.035019804463
2.800000000000 2.200000000000 0.049831991790
3.000000000000 2.200000000000 0.064854500486
3.200000000000 2.200000000000 0.077267488164
3.400000000000 2.200000000000 0.084323531953
3.600000000000 2.200000000000 0.084323682952
3.800000000000 2.200000000000 0.077273904926
4.000000000000 2.200000000000 0.064879449842
4.200000000000 2.200000000000 0.049882355688
4.400000000000 2.200000000000 0.035089733306
4.600000000000 2.200000000000 0.022556416018
4.800000000000 2.200000000000 0.013227952588

0.000000000000 2.400000000000 0.012050707287
0.200000000000 2.400000000000 0.005840497575
0.400000000000 2.400000000000 0.002562198990
0.600000000000 2.400000000000 0.001019292215
0.800000000000 2.400000000000 0.000390695979
1.000000000000 2.400000000000 0.000228700860
1.200000000000 2.400000000000 0.000393758392
1.400000000000 2.400000000000 0.001021310147
1.600000000000 2.400000000000 0.002554558326
1.800000000000 2.400000000000 0.005811445313
2.000000000000 2.400000000000 0.011990668968
2.200000000000 2.400000000000 0.022482768392
2.400000000000 2.400000000000 0.038387700135
2.600000000000 2.400000000000 0.059790468627
2.800000000000 2.400000000000 0.085074735488
3.000000000000 2.400000000000 0.110714709052
3.200000000000 2.400000000000 0.131896773342
3.400000000000 2.400000000000 0.143932329258
3.600000000000 2.400000000000 0.143923631406
3.800000000000 2.400000000000 0.131883372485
4.000000000000 2.400000000000 0.110723970471
4.200000000000 2.400000000000 0.085126065542
4.400000000000 2.400000000000 0.059880017022
4.600000000000 2.400000000000 0.038491501706
4.800000000000 2.400000000000 0.022572974744

0.000000000000 2.600000000000 0.018759179896
0.200000000000 2.600000000000 0.009092529850
0.400000000000 2.600000000000 0.003989340481
0.600000000000 2.600000000000 0.001587325367
0.800000000000 2.600000000000 0.000608581634
1.000000000000 2.600000000000 0.000356325378
1.200000000000 2.600000000000 0.000613460139
1.400000000000 2.600000000000 0.001591069283
1.600000000000 2.600000000000 0.003979544884
1.800000000000 2.600000000000 0.009052886709
2.000000000000 2.600000000000 0.018677918754
2.200000000000 2.600000000000 0.035019804463
2.400000000000 2.600000000000 0.059790468627
2.600000000000 2.600000000000 0.093120498295
2.800000000000 2.600000000000 0.132490729689
3.000000000000 2.600000000000 0.172409209272
3.200000000000 2.600000000000 0.205380386782
3.400000000000 2.600000000000 0.224105756597
3.600000000000 2.600000000000 0.224077233389
3.800000000000 2.600000000000 0.205318820384
4.000000000000 2.600000000000 0.172368039933
4.200000000000 2.600000000000 0.132513048559
4.400000000000 2.600000000000 0.093210566027
4.600000000000 2.600000000000 0.059916051046
4.800000000000 2.600000000000 0.035137616436

0.000000000000 2.800000000000 0.026678013726
0.200000000000 2.800000000000 0.012932067189
0.400000000000 2.800000000000 0.005674802786
0.600000000000 2.800000000000 0.002258453962
0.800000000000 2.800000000000 0.000866150600
1.000000000000 2.800000000000 0.000507232446
1.200000000000 2.800000000000 0.000873150470
1.400000000000 2.800000000000 0.002264422403
1.600000000000 2.800000000000 0.005663513312
1.800000000000 2.800000000000 0.012883198002
2.000000000000 2.800000000000 0.026579437825
2.200000000000 2.800000000000 0.049831991790
2.400000000000 2.800000000000 0.085074735488
2.600000000000 2.800000000000 0.132490729689
2.800000000000 2.800000000000 0.188493028994
3.000000000000 2.800000000000 0.245266719279
3.200000000000 2.800000000000 0.292149437774
3.400000000000 2.800000000000 0.318762703469
3.600000000000 2.800000000000 0.318700049346
3.800000000000 2.800000000000 0.292001941632
4.000000000000 2.800000000000 0.245126524353
4.200000000000 2.800000000000 0.188440532629
4.400000000000 2.800000000000 0.132547099045
4.600000000000 2.800000000000 0.085201456447
4.800000000000 2.800000000000 0.049967391514

0.000000000000 3.000000000000 0.034702035122
0.200000000000 3.000000000000 0.016823841951
0.400000000000 3.000000000000 0.007383970310
0.600000000000 3.000000000000 0.002939443344
0.800000000000 3.000000000000 0.001127700797
1.000000000000 3.000000000000 0.000660494869
1.200000000000 3.000000000000 0.001136700826
1.400000000000 3.000000000000 0.002947599208
1.600000000000 3.000000000000 0.007371893372
1.800000000000 3.000000000000 0.016768718367
2.000000000000 3.000000000000 0.034594067902
2.200000000000 3.000000000000 0.064854500486
2.400000000000 3.000000000000 0.110714709052
2.600000000000 3.000000000000 0.172409209272
2.800000000000 3.000000000000 0.245266719279
3.000000000000 3.000000000000 0.319116469954
3.200000000000 3.000000000000 0.380086756892
3.400000000000 3.000000000000 0.414680025546
3.600000000000 3.000000000000 0.414569824945
3.800000000000 3.000000000000 0.379817149241
4.000000000000 3.000000000000 0.318828581027
4.200000000000 3.000000000000 0.245090191386
4.400000000000 3.000000000000 0.172391187133
4.600000000000 3.000000000000 0.110814340732
4.800000000000 3.000000000000 0.064991026057

0.000000000000 3.200000000000 0.041326133723
0.200000000000 3.200000000000 0.020038514422
0.400000000000 3.200000000000 0.008796916588
0.600000000000 3.200000000000 0.003503016704
0.800000000000 3.200000000000 0.001344422632
1.000000000000 3.200000000000 0.000787476677
1.200000000000 3.200000000000 0.001354711095
1.400000000000 3.200000000000 0.003512435652
1.600000000000 3.200000000000 0.008784135115
1.800000000000 3.200000000000 0.019980308481
2.000000000000 3.200000000000 0.041217624557
2.200000000000 3.200000000000 0.077267488164
2.400000000000 3.200000000000 0.131896773342
2.600000000000 3.200000000000 0.205380386782
2.800000000000 3.200000000000 0.292149437774
3.000000000000 3.200000000000 0.380086756892
3.200000000000 3.200000000000 0.452671882562
3.400000000000 3.200000000000 0.493835706727
3.600000000000 3.200000000000 0.493671756821
3.800000000000 3.200000000000 0.452262413751
4.000000000000 3.200000000000 0.379624561395
4.200000000000 3.200000000000 0.291817848280
4.400000000000 3.200000000000 0.205257868814
4.600000000000 3.200000000000 0.131944760073
4.800000000000 3.200000000000 0.077388546729

0.000000000000 3.400000000000 0.045087404581
0.200000000000 3.400000000000 0.021866744432
0.400000000000 3.400000000000 0.009602198649
0.600000000000 3.400000000000 0.003825111981
0.800000000000 3.400000000000 0.001468661689
1.000000000000 3.400000000000 0.000860202901
1.200000000000 3.400000000000 0.001478982588
1.400000000000 3.400000000000 0.003833950670
1.600000000000 3.400000000000 0.009587711452
1.800000000000 3.400000000000 0.021807210169
2.000000000000 3.400000000000 0.044984169501
2.200000000000 3.400000000000 0.084323531953
2.400000000000 3.400000000000 0.143932329258
2.600000000000 3.400000000000 0.224105756597
2.800000000000 3.400000000000 0.318762703469
3.000000000000 3.400000000000 0.414680025546
3.200000000000 3.400000000000 0.493835706727
3.400000000000 3.400000000000 0.538706213732
3.600000000000 3.400000000000 0.538495021798
3.800000000000 3.400000000000 0.493301975045
4.000000000000 3.400000000000 0.414059275772
4.200000000000 3.400000000000 0.318284132427
4.400000000000 3.400000000000 0.223876977445
4.600000000000 3.400000000000 0.143920522894
4.800000000000 3.400000000000 0.084420159297

0.000000000000 3.600000000000 0.045084212423
0.200000000000 3.600000000000 0.021870689914
0.400000000000 3.600000000000 0.009607174520
0.600000000000 3.600000000000 0.003828774239
0.800000000000 3.600000000000 0.001470759849
1.000000000000 3.600000000000 0.000861259181
1.200000000000 3.600000000000 0.001479622817
1.400000000000 3.600000000000 0.003834730969
1.600000000000 3.600000000000 0.009589121101
1.800000000000 3.600000000000 0.021809510437
2.000000000000 3.600000000000 0.044986757337
2.200000000000 3.600000000000 0.084323682952
2.400000000000 3.600000000000 0.143923631406
2.600000000000 3.600000000000 0.224077233389
2.800000000000 3.600000000000 0.318700049346
3.000000000000 3.600000000000 0.414569824945
3.200000000000 3.600000000000 0.493671756821
3.400000000000 3.600000000000 0.538495021798
3.600000000000 3.600000000000 0.538256905066
3.800000000000 3.600000000000 0.493066046230
4.000000000000 3.600000000000 0.413854118085
4.200000000000 3.600000000000 0.318128701662
4.400000000000 3.600000000000 0.223776124787
4.600000000000 3.600000000000 0.143866630722
4.800000000000 3.600000000000 0.084398933009

0.000000000000 3.800000000000 0.041323241564
0.200000000000 3.800000000000 0.020052394023
0.400000000000 3.800000000000 0.008812015402
0.600000000000 3.800000000000 0.003513687177
0.800000000000 3.800000000000 0.001350427591
1.000000000000 3.800000000000 0.000790487248
1.200000000000 3.800000000000 0.001356584889
1.400000000000 3.800000000000 0.003514840745
1.600000000000 3.800000000000 0.008788657356
1.800000000000 3.800000000000 0.019988122937
2.000000000000 3.800000000000 0.041227870559
2.200000000000 3.800000000000 0.077273904926
2.400000000000 3.800000000000 0.131883372485
2.600000000000 3.800000000000 0.205318820384
2.800000000000 3.800000000000 0.292001941632
3.000000000000 3.800000000000 0.379817149241
3.200000000000 3.800000000000 0.452262413751
3.400000000000 3.800000000000 0.493301975045
3.600000000000 3.800000000000 0.493066046230
3.800000000000 3.800000000000 0.451660691042
4.000000000000 3.800000000000 0.379101817223
4.200000000000 3.800000000000 0.291423879970
4.400000000000 3.800000000000 0.205005301001
4.600000000000 3.800000000000 0.131813353009
4.800000000000 3.800000000000 0.077340584017

0.000000000000 4.000000000000 0.034714071564
0.200000000000 4.000000000000 0.016851569593
0.400000000000 4.000000000000 0.007408992258
0.600000000000 4.000000000000 0.002956029945
0.800000000000 4.000000000000 0.001136754684
1.000000000000 4.000000000000 0.000664998697
1.200000000000 4.000000000000 0.001139626696
1.400000000000 4.000000000000 0.002951654165
1.600000000000 4.000000000000 0.007379936881
1.800000000000 4.000000000000 0.016783609669
2.000000000000 4.000000000000 0.034616726905
2.200000000000 4.000000000000 0.064879449842
2.400000000000 4.000000000000 0.110723970471
2.600000000000 4.000000000000 0.172368039933
2.800000000000 4.000000000000 0.245126524353
3.000000000000 4.000000000000 0.318828581027
3.200000000000 4.000000000000 0.379624561395
3.400000000000 4.000000000000 0.414059275772
3.600000000000 4.000000000000 0.413854118085
3.800000000000 4.000000000000 0.379101817223
4.000000000000 4.000000000000 0.318208818772
4.200000000000 4.000000000000 0.244629336457
4.400000000000 4.000000000000 0.172104881315
4.600000000000 4.000000000000 0.110676080483
4.800000000000 4.000000000000 0.064952265474

0.000000000000 4.200000000000 0.026715878428
0.200000000000 4.200000000000 0.012974820170
0.400000000000 4.200000000000 0.005707807759
0.600000000000 4.200000000000 0.002278896666
0.800000000000 4.200000000000 0.000876915680
1.000000000000 4.200000000000 0.000512529893
1.200000000000 4.200000000000 0.000876751013
1.400000000000 4.200000000000 0.002269795966
1.600000000000 4.200000000000 0.005674679839
1.800000000000 4.200000000000 0.012905022003
2.000000000000 4.200000000000 0.026616044572
2.200000000000 4.200000000000 0.049882355688
2.400000000000 4.200000000000 0.085126065542
2.600000000000 4.200000000000 0.132513048559
2.800000000000 4.200000000000 0.188440532629
3.000000000000 4.200000000000 0.245090191386
3.200000000000 4.200000000000 0.291817848280
3.400000000000 4.200000000000 0.318284132427
3.600000000000 4.200000000000 0.318128701662
3.800000000000 4.200000000000 0.291423879970
4.000000000000 4.200000000000 0.244629336457
4.200000000000 4.200000000000 0.188082529068
4.400000000000 4.200000000000 0.132341764845
4.600000000000 4.200000000000 0.085122791682
4.800000000000 4.200000000000 0.049969430470

0.000000000000 4.400000000000 0.018821609712
0.200000000000 4.400000000000 0.009145884354
0.400000000000 4.400000000000 0.004026138765
0.600000000000 4.400000000000 0.001608792500
0.800000000000 4.400000000000 0.000619493255
1.000000000000 4.400000000000 0.000361623617
1.200000000000 4.400000000000 0.000617192257
1.400000000000 4.400000000000 0.001596964296
1.600000000000 4.400000000000 0.003992214612
1.800000000000 4.400000000000 0.009078580819
2.000000000000 4.400000000000 0.018723634492
2.200000000000 4.400000000000 0.035089733306
2.400000000000 4.400000000000 0.059880017022
2.600000000000 4.400000000000 0.093210566027
2.800000000000 4.400000000000 0.132547099045
3.000000000000 4.400000000000 0.172391187133
3.200000000000 4.400000000000 0.205257868814
3.400000000000 4.400000000000 0.223876977445
3.600000000000 4.400000000000 0.223776124787
3.800000000000 4.400000000000 0.205005301001
4.000000000000 4.400000000000 0.172104881315
4.200000000000 4.400000000000 0.132341764845
4.400000000000 4.400000000000 0.093139169961
4.600000000000 4.400000000000 0.059923361705
4.800000000000 4.400000000000 0.035188688864

0.000000000000 4.600000000000 0.012124985787
0.200000000000 4.600000000000 0.005895681989
0.400000000000 4.600000000000 0.002597439629
0.600000000000 4.600000000000 0.001038893265
0.800000000000 4.600000000000 0.000400351975
1.000000000000 4.600000000000 0.000233315389
1.200000000000 4.600000000000 0.000397067714
1.400000000000 4.600000000000 0.001026718944
1.600000000000 4.600000000000 0.002566437766
1.800000000000 4.600000000000 0.005836120839
2.000000000000 4.600000000000 0.012036167559
2.200000000000 4.600000000000 0.022556416018
2.400000000000 4.600000000000 0.038491501706
2.600000000000 4.600000000000 0.059916051046
2.800000000000 4.600000000000 0.085201456447
3.000000000000 4.600000000000 0.110814340732
3.200000000000 4.600000000000 0.131944760073
3.400000000000 4.600000000000 0.143920522894
3.600000000000 4.600000000000 0.143866630722
3.800000000000 4.600000000000 0.131813353009
4.000000000000 4.600000000000 0.110676080483
4.200000000000 4.600000000000 0.085122791682
4.400000000000 4.600000000000 0.059923361705
4.600000000000 4.600000000000 0.038566173343
4.800000000000 4.600000000000 0.022656764590

0.000000000000 4.800000000000 0.007131451171
0.200000000000 4.800000000000 0.003470320052
0.400000000000 4.800000000000 0.001530352752
0.600000000000 4.800000000000 0.000612771577
0.800000000000 4.800000000000 0.000236341042
1.000000000000 4.800000000000 0.000137439096
1.200000000000 4.800000000000 0.000233072710
1.400000000000 4.800000000000 0.000602182914
1.600000000000 4.800000000000 0.001505095010
1.800000000000 4.800000000000 0.003422555560
2.000000000000 4.800000000000 0.007058489689
2.200000000000 4.800000000000 0.013227952588
2.400000000000 4.800000000000 0.022572974744
2.600000000000 4.800000000000 0.035137616436
2.800000000000 4.800000000000 0.049967391514
3.000000000000 4.800000000000 0.064991026057
3.200000000000 4.800000000000 0.077388546729
3.400000000000 4.800000000000 0.084420159297
3.600000000000 4.800000000000 0.084398933009
3.800000000000 4.800000000000 0.077340584017
4.000000000000 4.800000000000 0.064952265474
4.200000000000 4.800000000000 0.049969430470
4.400000000000 4.800000000000 0.035188688864
4.600000000000 4.800000000000 0.022656764590
4.800000000000 4.800000000000 0.013317308389

