# x y u
0.000000000000 0.000000000000 0.028685762845
0.200000000000 0.000000000000 0.037235361152
0.400000000000 0.000000000000 0.046649317708
0.600000000000 0.000000000000 0.056314721113
0.800000000000 0.000000000000 0.065472978441
1.000000000000 0.000000000000 0.073302649978
1.200000000000 0.000000000000 0.079032480829
1.400000000000 0.000000000000 0.082062038204
1.600000000000 0.000000000000 0.082062843564
1.800000000000 0.000000000000 0.079035815397
2.000000000000 0.000000000000 0.073310869933
2.200000000000 0.000000000000 0.065488846182
2.400000000000 0.000000000000 0.056340163041
2.600000000000 0.000000000000 0.046684455171
2.800000000000 0.000000000000 0.037278151683
3.000000000000 0.000000000000 0.028732317562
3.200000000000 0.000000000000 0.021473167596
3.400000000000 0.000000000000 0.015745906638
3.600000000000 0.000000000000 0.011652343502
3.800000000000 0.000000000000 0.009206354341
4.000000000000 0.000000000000 0.008389483556
4.200000000000 0.000000000000 0.009191228165
4.400000000000 0.000000000000 0.011623658382
4.600000000000 0.000000000000 0.015706720599
4.800000000000 0.000000000000 0.021427784027

0.000000000000 0.200000000000 0.037235361152
0.200000000000 0.200000000000 0.048331015977
0.400000000000 0.200000000000 0.060547492489
0.600000000000 0.200000000000 0.073089199462
0.800000000000 0.200000000000 0.084971621882
1.000000000000 0.200000000000 0.095128866097
1.200000000000 0.200000000000 0.102560354370
1.400000000000 0.200000000000 0.106487343418
1.600000000000 0.200000000000 0.106484089462
1.800000000000 0.200000000000 0.102552293195
2.000000000000 0.200000000000 0.095120484353
2.200000000000 0.200000000000 0.084968587487
2.400000000000 0.200000000000 0.073096383351
2.600000000000 0.200000000000 0.060567334767
2.800000000000 0.200000000000 0.048362758152
3.000000000000 0.200000000000 0.037275285749
3.200000000000 0.200000000000 0.027857700655
3.400000000000 0.200000000000 0.020427975295
3.600000000000 0.200000000000 0.015118107303
3.800000000000 0.200000000000 0.011946087484
4.000000000000 0.200000000000 0.010888021461
4.200000000000 0.200000000000 0.011930360390
4.400000000000 0.200000000000 0.015088824387
4.600000000000 0.200000000000 0.020389287917
4.800000000000 0.200000000000 0.027815258119

0.000000000000 0.400000000000 0.046649317708
0.200000000000 0.400000000000 0.060547492489
0.400000000000 0.400000000000 0.075848453272
0.600000000000 0.400000000000 0.091555475539
0.800000000000 0.400000000000 0.106435373884
1.000000000000 0.400000000000 0.119153258093
1.200000000000 0.400000000000 0.128456275676
1.400000000000 0.400000000000 0.133369602138
1.600000000000 0.400000000000 0.133360627127
1.800000000000 0.400000000000 0.128432073563
2.000000000000 0.400000000000 0.119121111173
2.200000000000 0.400000000000 0.106404798010
2.400000000000 0.400000000000 0.091535308890
2.600000000000 0.400000000000 0.075844366920
2.800000000000 0.400000000000 0.060560676451
3.000000000000 0.400000000000 0.046676585024
3.200000000000 0.400000000000 0.034884089723
3.400000000000 0.400000000000 0.025581207783
3.600000000000 0.400000000000 0.018933163675
3.800000000000 0.400000000000 0.014962511304
4.000000000000 0.400000000000 0.013639420701
4.200000000000 0.400000000000 0.014947036885
4.400000000000 0.400000000000 0.018905120776
4.600000000000 0.400000000000 0.025546059561
4.800000000000 0.400000000000 0.034849057521

0.000000000000 0.600000000000 0.056314721113
0.200000000000 0.600000000000 0.073089199462
0.400000000000 0.600000000000 0.091555475539
0.600000000000 0.600000000000 0.110510337383
0.800000000000 0.600000000000 0.128465392836
1.000000000000 0.600000000000 0.143809765741
1.200000000000 0.600000000000 0.155031854963
1.400000000000 0.600000000000 0.160955808279
1.600000000000 0.600000000000 0.160939556876
1.800000000000 0.600000000000 0.154987054194
2.000000000000 0.600000000000 0.143747073910
2.200000000000 0.600000000000 0.128399005501
2.400000000000 0.600000000000 0.110453980156
2.600000000000 0.600000000000 0.091518897038
2.800000000000 0.600000000000 0.073076188828
3.000000000000 0.600000000000 0.056323017054
3.200000000000 0.600000000000 0.042094142024
3.400000000000 0.600000000000 0.030869675316
3.600000000000 0.600000000000 0.022848941574
3.800000000000 0.600000000000 0.018059217986
4.000000000000 0.600000000000 0.016464641634
4.200000000000 0.600000000000 0.018045017604
4.400000000000 0.600000000000 0.022824280355
4.600000000000 0.600000000000 0.030841486729
4.800000000000 0.600000000000 0.042071365638

0.000000000000 0.800000000000 0.065472978441
0.200000000000 0.800000000000 0.084971621882
0.400000000000 0.800000000000 0.106435373884
0.600000000000 0.800000000000 0.128465392836
0.800000000000 0.800000000000 0.149331593010
1.000000000000 0.800000000000 0.167161816375
1.200000000000 0.800000000000 0.180199588404
1.400000000000 0.800000000000 0.187078902624
1.600000000000 0.800000000000 0.187054265328
1.800000000000 0.800000000000 0.180130991341
2.000000000000 0.800000000000 0.167063662318
2.200000000000 0.800000000000 0.149223296682
2.400000000000 0.800000000000 0.128366184717
2.600000000000 0.800000000000 0.106359677688
2.800000000000 0.800000000000 0.084926322207
3.000000000000 0.800000000000 0.065457085662
3.200000000000 0.800000000000 0.048921817229
3.400000000000 0.800000000000 0.035878324127
3.600000000000 0.800000000000 0.026558234208
3.800000000000 0.800000000000 0.020993349943
4.000000000000 0.800000000000 0.019142165296
4.200000000000 0.800000000000 0.020981384012
4.400000000000 0.800000000000 0.026538922963
4.600000000000 0.800000000000 0.035860138204
4.800000000000 0.800000000000 0.048915451624

0.000000000000 1.000000000000 0.073302649978
0.200000000000 1.000000000000 0.095128866097
0.400000000000 1.000000000000 0.119153258093
0.600000000000 1.000000000000 0.143809765741
0.800000000000 1.000000000000 0.167161816375
1.000000000000 1.000000000000 0.187114131432
1.200000000000 1.000000000000 0.201701226708
1.400000000000 1.000000000000 0.209394892891
1.600000000000 1.000000000000 0.209361535702
1.800000000000 1.000000000000 0.201607842143
2.000000000000 1.000000000000 0.186978904188
2.200000000000 1.000000000000 0.167009456124
2.400000000000 1.000000000000 0.143665131622
2.600000000000 1.000000000000 0.119035619700
2.800000000000 1.000000000000 0.095048405920
3.000000000000 1.000000000000 0.073259857964
3.200000000000 1.000000000000 0.054755119554
3.400000000000 1.000000000000 0.040158332234
3.600000000000 1.000000000000 0.029728745145
3.800000000000 1.000000000000 0.023502096685
4.000000000000 1.000000000000 0.021432146425
4.200000000000 1.000000000000 0.023493021637
4.400000000000 1.000000000000 0.029716075398
4.600000000000 1.000000000000 0.040152023891
4.800000000000 1.000000000000 0.054767528901

0.000000000000 1.200000000000 0.079032480829
0.200000000000 1.200000000000 0.102560354370
0.400000000000 1.200000000000 0.128456275676
0.600000000000 1.200000000000 0.155031854963
0.800000000000 1.200000000000 0.180199588404
1.000000000000 1.200000000000 0.201701226708
1.200000000000 1.200000000000 0.217418735970
1.400000000000 1.200000000000 0.225705635794
1.600000000000 1.200000000000 0.225664229167
1.800000000000 1.200000000000 0.217302438259
2.000000000000 1.200000000000 0.201531633143
2.200000000000 1.200000000000 0.180006202394
2.400000000000 1.200000000000 0.154844665806
2.600000000000 1.200000000000 0.128299019777
2.800000000000 1.200000000000 0.102446319916
3.000000000000 1.200000000000 0.078963638434
3.200000000000 1.200000000000 0.059020272358
3.400000000000 1.200000000000 0.043288816943
3.600000000000 1.200000000000 0.032048756150
3.800000000000 1.200000000000 0.025338801678
4.000000000000 1.200000000000 0.023109364142
4.200000000000 1.200000000000 0.025332778308
4.400000000000 1.200000000000 0.032042949308
4.600000000000 1.200000000000 0.043294483406
4.800000000000 1.200000000000 0.059051195038

0.000000000000 1.400000000000 0.082062038204
0.200000000000 1.400000000000 0.106487343418
0.400000000000 1.400000000000 0.133369602138
0.600000000000 1.400000000000 0.160955808279
0.800000000000 1.400000000000 0.187078902624
1.000000000000 1.400000000000 0.209394892891
1.200000000000 1.400000000000 0.225705635794
1.400000000000 1.400000000000 0.234302693406
1.600000000000 1.400000000000 0.234254963455
1.800000000000 1.400000000000 0.225571315479
2.000000000000 1.400000000000 0.209198198550
2.200000000000 1.400000000000 0.186853037396
2.400000000000 1.400000000000 0.160734748690
2.600000000000 1.400000000000 0.133180595484
2.800000000000 1.400000000000 0.106346167888
3.000000000000 1.400000000000 0.081971912248
3.200000000000 1.400000000000 0.061271337428
3.400000000000 1.400000000000 0.044942553233
3.600000000000 1.400000000000 0.033275788147
3.800000000000 1.400000000000 0.026311465157
4.000000000000 1.400000000000 0.023998389388
4.200000000000 1.400000000000 0.026308077393
4.400000000000 1.400000000000 0.033275834092
4.600000000000 1.400000000000 0.044958276128
4.800000000000 1.400000000000 0.061317580172

0.000000000000 1.600000000000 0.082062843564
0.200000000000 1.600000000000 0.106484089462
0.400000000000 1.600000000000 0.133360627127
0.600000000000 1.600000000000 0.160939556877
0.800000000000 1.600000000000 0.187054265328
1.000000000000 1.600000000000 0.209361535702
1.200000000000 1.600000000000 0.225664229167
1.400000000000 1.600000000000 0.234254963455
1.600000000000 1.600000000000 0.234203528748
1.800000000000 1.600000000000 0.225519329426
2.000000000000 1.600000000000 0.209148872503
2.200000000000 1.600000000000 0.186809154288
2.400000000000 1.600000000000 0.160698279113
2.600000000000 1.600000000000 0.133152496966
2.800000000000 1.600000000000 0.106326395302
3.000000000000 1.600000000000 0.081959610943
3.200000000000 1.600000000000 0.061265148716
3.400000000000 1.600000000000 0.044940944740
3.600000000000 1.600000000000 0.033277330007
3.800000000000 1.600000000000 0.026314999508
4.000000000000 1.600000000000 0.024003074046
4.200000000000 1.600000000000 0.026313315273
4.400000000000 1.600000000000 0.033281122601
4.600000000000 1.600000000000 0.044963024370
4.800000000000 1.600000000000 0.061320947232

0.000000000000 1.800000000000 0.079035815397
0.200000000000 1.800000000000 0.102552293195
0.400000000000 1.800000000000 0.128432073563
0.600000000000 1.800000000000 0.154987054194
0.800000000000 1.800000000000 0.180130991341
1.000000000000 1.800000000000 0.201607842143
1.200000000000 1.800000000000 0.217302438259
1.400000000000 1.800000000000 0.225571315479
1.600000000000 1.800000000000 0.225519329426
1.800000000000 1.800000000000 0.217155934024
2.000000000000 1.800000000000 0.201392667931
2.200000000000 1.800000000000 0.179882697632
2.400000000000 1.800000000000 0.154742223375
2.600000000000 1.800000000000 0.128220349312
2.800000000000 1.800000000000 0.102391270743
3.000000000000 1.800000000000 0.078929754527
3.200000000000 1.800000000000 0.059003668352
3.400000000000 1.800000000000 0.043285124342
3.600000000000 1.800000000000 0.032053913326
3.800000000000 1.800000000000 0.025349537310
4.000000000000 1.800000000000 0.023123319592
4.200000000000 1.800000000000 0.025348302295
4.400000000000 1.800000000000 0.032058663099
4.600000000000 1.800000000000 0.043308753535
4.800000000000 1.800000000000 0.059061666208

0.000000000000 2.000000000000 0.073310869933
0.200000000000 2.000000000000 0.095120484353
0.400000000000 2.000000000000 0.119121111173
0.600000000000 2.000000000000 0.143747073910
0.800000000000 2.000000000000 0.167063662318
1.000000000000 2.000000000000 0.186978904188
1.200000000000 2.000000000000 0.201531633143
1.400000000000 2.000000000000 0.209198198550
1.600000000000 2.000000000000 0.209148872503
1.800000000000 2.000000000000 0.201392667931
2.000000000000 2.000000000000 0.186774940541
2.200000000000 2.000000000000 0.166828583121
2.400000000000 2.000000000000 0.143515727614
2.600000000000 2.000000000000 0.118921698286
2.800000000000 2.000000000000 0.094969671192
3.000000000000 2.000000000000 0.073212553128
3.200000000000 2.000000000000 0.054733360916
3.400000000000 2.000000000000 0.040155546614
3.600000000000 2.000000000000 0.029738866555
3.800000000000 2.000000000000 0.023520294388
4.000000000000 2.000000000000 0.021455002367
4.200000000000 2.000000000000 0.023518208755
4.400000000000 2.000000000000 0.029741686452
4.600000000000 2.000000000000 0.040175759088
4.800000000000 2.000000000000 0.054785974359

0.000000000000 2.200000000000 0.065488846182
0.200000000000 2.200000000000 0.084968587487
0.400000000000 2.200000000000 0.106404798010
0.600000000000 2.200000000000 0.128399005501
0.800000000000 2.200000000000 0.149223296682
1.000000000000 2.200000000000 0.167009456124
1.200000000000 2.200000000000 0.180006202394
1.400000000000 2.200000000000 0.186853037396
1.600000000000 2.200000000000 0.186809154288
1.800000000000 2.200000000000 0.179882697632
2.000000000000 2.200000000000 0.166828583121
2.200000000000 2.200000000000 0.149015613014
2.400000000000 2.200000000000 0.128195852646
2.600000000000 2.200000000000 0.106231390688
2.800000000000 2.200000000000 0.084839591517
3.000000000000 2.200000000000 0.065407284665
3.200000000000 2.200000000000 0.048901812452
3.400000000000 2.200000000000 0.035880226018
3.600000000000 2.200000000000 0.026574848181
3.800000000000 2.200000000000 0.021019051051
4.000000000000 2.200000000000 0.019173098310
4.200000000000 2.200000000000 0.021015053173
4.400000000000 2.200000000000 0.026573354554
4.600000000000 2.200000000000 0.035892869910
4.800000000000 2.200000000000 0.048942631549

0.000000000000 2.400000000000 0.056340163041
0.200000000000 2.400000000000 0.073096383351
0.400000000000 2.400000000000 0.091535308890
0.600000000000 2.400000000000 0.110453980156
0.800000000000 2.400000000000 0.128366184717
1.000000000000 2.400000000000 0.143665131622
1.200000000000 2.400000000000 0.154844665806
1.400000000000 2.400000000000 0.160734748690
1.600000000000 2.400000000000 0.160698279113
1.800000000000 2.400000000000 0.154742223375
2.000000000000 2.400000000000 0.143515727614
2.200000000000 2.400000000000 0.128195852646
2.400000000000 2.400000000000 0.110289277270
2.600000000000 2.400000000000 0.091397361512
2.800000000000 2.400000000000 0.072997104762
3.000000000000 2.400000000000 0.056281366471
3.200000000000 2.400000000000 0.042082355186
3.400000000000 2.400000000000 0.030879499473
3.600000000000 2.400000000000 0.022872979935
3.800000000000 2.400000000000 0.018091845156
4.000000000000 2.400000000000 0.016502193243
4.200000000000 2.400000000000 0.018085325104
4.400000000000 2.400000000000 0.022865747856
4.600000000000 2.400000000000 0.030881981416
4.800000000000 2.400000000000 0.042107224004

0.000000000000 2.600000000000 0.046684455171
0.200000000000 2.600000000000 0.060567334767
0.400000000000 2.600000000000 0.075844366920
0.600000000000 2.600000000000 0.091518897038
0.800000000000 2.600000000000 0.106359677688
1.000000000000 2.600000000000 0.119035619700
1.200000000000 2.600000000000 0.128299019777
1.400000000000 2.600000000000 0.133180595484
1.600000000000 2.600000000000 0.133152496966
1.800000000000 2.600000000000 0.128220349312
2.000000000000 2.600000000000 0.118921698286
2.200000000000 2.600000000000 0.106231390688
2.400000000000 2.600000000000 0.091397361512
2.600000000000 2.600000000000 0.075746069807
2.800000000000 2.600000000000 0.060501084815
3.000000000000 2.600000000000 0.046650735329
3.200000000000 2.600000000000 0.034884705913
3.400000000000 2.600000000000 0.025600509785
3.600000000000 2.600000000000 0.018964344042
3.800000000000 2.600000000000 0.015000597785
4.000000000000 2.600000000000 0.013681429196
4.200000000000 2.600000000000 0.014991486623
4.400000000000 2.600000000000 0.018951104139
4.600000000000 2.600000000000 0.025592129946
4.800000000000 2.600000000000 0.034892228103

0.000000000000 2.800000000000 0.037278151683
0.200000000000 2.800000000000 0.048362758152
0.400000000000 2.800000000000 0.060560676451
0.600000000000 2.800000000000 0.073076188828
0.800000000000 2.800000000000 0.084926322207
1.000000000000 2.800000000000 0.095048405920
1.200000000000 2.800000000000 0.102446319916
1.400000000000 2.800000000000 0.106346167888
1.600000000000 2.800000000000 0.106326395302
1.800000000000 2.800000000000 0.102391270743
2.000000000000 2.800000000000 0.094969671192
2.200000000000 2.800000000000 0.084839591517
2.400000000000 2.800000000000 0.072997104762
2.600000000000 2.800000000000 0.060501084815
2.800000000000 2.800000000000 0.048328405105
3.000000000000 2.800000000000 0.037268275533
3.200000000000 2.800000000000 0.027871592602
3.400000000000 2.800000000000 0.020456054859
3.600000000000 2.800000000000 0.015154688285
3.800000000000 2.800000000000 0.011987254670
4.000000000000 2.800000000000 0.010931732497
4.200000000000 2.800000000000 0.011975974705
4.400000000000 2.800000000000 0.015136232989
4.600000000000 2.800000000000 0.020437879688
4.800000000000 2.800000000000 0.027862984114

0.000000000000 3.000000000000 0.028732317562
0.200000000000 3.000000000000 0.037275285749
0.400000000000 3.000000000000 0.046676585024
0.600000000000 3.000000000000 0.056323017054
0.800000000000 3.000000000000 0.065457085662
1.000000000000 3.000000000000 0.073259857964
1.200000000000 3.000000000000 0.078963638434
1.400000000000 3.000000000000 0.081971912248
1.600000000000 3.000000000000 0.081959610943
1.800000000000 3.000000000000 0.078929754527
2.000000000000 3.000000000000 0.073212553128
2.200000000000 3.000000000000 0.065407284665
2.400000000000 3.000000000000 0.056281366471
2.600000000000 3.000000000000 0.046650735329
2.800000000000 3.000000000000 0.037268275533
3.000000000000 3.000000000000 0.028742378461
3.200000000000 3.000000000000 0.021497871704
3.400000000000 3.000000000000 0.015779908399
3.600000000000 3.000000000000 0.011691309176
3.800000000000 3.000000000000 0.009247550060
4.000000000000 3.000000000000 0.008431824940
4.200000000000 3.000000000000 0.009234851554
4.400000000000 3.000000000000 0.011669160010
4.600000000000 3.000000000000 0.015754259624
4.800000000000 3.000000000000 0.021476266283

0.000000000000 3.200000000000 0.021473167596
0.200000000000 3.200000000000 0.027857700655
0.400000000000 3.200000000000 0.034884089723
0.600000000000 3.200000000000 0.042094142024
0.800000000000 3.200000000000 0.048921817229
1.000000000000 3.200000000000 0.054755119554
1.200000000000 3.200000000000 0.059020272358
1.400000000000 3.200000000000 0.061271337428
1.600000000000 3.200000000000 0.061265148716
1.800000000000 3.200000000000 0.059003668352
2.000000000000 3.200000000000 0.054733360916
2.200000000000 3.200000000000 0.048901812452
2.400000000000 3.200000000000 0.042082355186
2.600000000000 3.200000000000 0.034884705913
2.800000000000 3.200000000000 0.027871592602
3.000000000000 3.200000000000 0.021497871704
3.200000000000 3.200000000000 0.016081288438
3.400000000000 3.200000000000 0.011805333022
3.600000000000 3.200000000000 0.008747100308
3.800000000000 3.200000000000 0.006918350193
4.000000000000 3.200000000000 0.006306642425
4.200000000000 3.200000000000 0.006905088331
4.400000000000 3.200000000000 0.008723046907
4.600000000000 3.200000000000 0.011775065286
4.800000000000 3.200000000000 0.016050733827

0.000000000000 3.400000000000 0.015745906638
0.200000000000 3.400000000000 0.020427975295
0.400000000000 3.400000000000 0.025581207783
0.600000000000 3.400000000000 0.030869675316
0.800000000000 3.400000000000 0.035878324127
1.000000000000 3.400000000000 0.040158332234
1.200000000000 3.400000000000 0.043288816943
1.400000000000 3.400000000000 0.044942553233
1.600000000000 3.400000000000 0.044940944740
1.800000000000 3.400000000000 0.043285124342
2.000000000000 3.400000000000 0.040155546614
2.200000000000 3.400000000000 0.035880226018
2.400000000000 3.400000000000 0.030879499473
2.600000000000 3.400000000000 0.025600509785
2.800000000000 3.400000000000 0.020456054859
3.000000000000 3.400000000000 0.015779908399
3.200000000000 3.400000000000 0.011805333022
3.400000000000 3.400000000000 0.008667129523
3.600000000000 3.400000000000 0.006422031416
3.800000000000 3.400000000000 0.005078796076
4.000000000000 3.400000000000 0.004628368186
4.200000000000 3.400000000000 0.005065710821
4.400000000000 3.400000000000 0.006397672112
4.600000000000 3.400000000000 0.008634900851
4.800000000000 3.400000000000 0.011769762672

0.000000000000 3.600000000000 0.011652343502
0.200000000000 3.600000000000 0.015118107303
0.400000000000 3.600000000000 0.018933163675
0.600000000000 3.600000000000 0.022848941574
0.800000000000 3.600000000000 0.026558234208
1.000000000000 3.600000000000 0.029728745145
1.200000000000 3.600000000000 0.032048756150
1.400000000000 3.600000000000 0.033275788147
1.600000000000 3.600000000000 0.033277330007
1.800000000000 3.600000000000 0.032053913326
2.000000000000 3.600000000000 0.029738866555
2.200000000000 3.600000000000 0.026574848181
2.400000000000 3.600000000000 0.022872979935
2.600000000000 3.600000000000 0.018964344042
2.800000000000 3.600000000000 0.015154688285
3.000000000000 3.600000000000 0.011691309176
3.200000000000 3.600000000000 0.008747100308
3.400000000000 3.600000000000 0.006422031416
3.600000000000 3.600000000000 0.004758222996
3.800000000000 3.600000000000 0.003762216819
4.000000000000 3.600000000000 0.003427316065
4.200000000000 3.600000000000 0.003749768522
4.400000000000 3.600000000000 0.004734617308
4.600000000000 3.600000000000 0.006389741852
4.800000000000 3.600000000000 0.008709527810

0.000000000000 3.800000000000 0.009206354341
0.200000000000 3.800000000000 0.011946087484
0.400000000000 3.800000000000 0.014962511304
0.600000000000 3.800000000000 0.018059217986
0.800000000000 3.800000000000 0.020993349943
1.000000000000 3.800000000000 0.023502096685
1.200000000000 3.800000000000 0.025338801678
1.400000000000 3.800000000000 0.026311465157
1.600000000000 3.800000000000 0.026314999508
1.800000000000 3.800000000000 0.025349537310
2.000000000000 3.800000000000 0.023520294388
2.200000000000 3.800000000000 0.021019051051
2.400000000000 3.800000000000 0.018091845156
2.600000000000 3.800000000000 0.015000597785
2.800000000000 3.800000000000 0.011987254670
3.000000000000 3.800000000000 0.009247550060
3.200000000000 3.800000000000 0.006918350193
3.400000000000 3.800000000000 0.005078796076
3.600000000000 3.800000000000 0.003762216819
3.800000000000 3.800000000000 0.002973751384
4.000000000000 3.800000000000 0.002708038359
4.200000000000 3.800000000000 0.002962043444
4.400000000000 3.800000000000 0.003739716172
4.600000000000 3.800000000000 0.005047301758
4.800000000000 3.800000000000 0.006880440532

0.000000000000 4.000000000000 0.008389483556
0.200000000000 4.000000000000 0.010888021461
0.400000000000 4.000000000000 0.013639420701
0.600000000000 4.000000000000 0.016464641634
0.800000000000 4.000000000000 0.019142165296
1.000000000000 4.000000000000 0.021432146425
1.200000000000 4.000000000000 0.023109364142
1.400000000000 4.000000000000 0.023998389388
1.600000000000 4.000000000000 0.024003074046
1.800000000000 4.000000000000 0.023123319592
2.000000000000 4.000000000000 0.021455002367
2.200000000000 4.000000000000 0.019173098310
2.400000000000 4.000000000000 0.016502193243
2.600000000000 4.000000000000 0.013681429196
2.800000000000 4.000000000000 0.010931732497
3.000000000000 4.000000000000 0.008431824940
3.200000000000 4.000000000000 0.006306642425
3.400000000000 4.000000000000 0.004628368186
3.600000000000 4.000000000000 0.003427316065
3.800000000000 4.000000000000 0.002708038359
4.000000000000 4.000000000000 0.002465503087
4.200000000000 4.000000000000 0.002696834052
4.400000000000 4.000000000000 0.003405588885
4.600000000000 4.000000000000 0.004597499455
4.800000000000 4.000000000000 0.006268704636

0.000000000000 4.200000000000 0.009191228165
0.200000000000 4.200000000000 0.011930360390
0.400000000000 4.200000000000 0.014947036885
0.600000000000 4.200000000000 0.018045017604
0.800000000000 4.200000000000 0.020981384012
1.000000000000 4.200000000000 0.023493021637
1.200000000000 4.200000000000 0.025332778308
1.400000000000 4.200000000000 0.026308077393
1.600000000000 4.200000000000 0.026313315273
1.800000000000 4.200000000000 0.025348302295
2.000000000000 4.200000000000 0.023518208755
2.200000000000 4.200000000000 0.021015053173
2.400000000000 4.200000000000 0.018085325104
2.600000000000 4.200000000000 0.014991486623
2.800000000000 4.200000000000 0.011975974705
3.000000000000 4.200000000000 0.009234851554
3.200000000000 4.200000000000 0.006905088331
3.400000000000 4.200000000000 0.005065710821
3.600000000000 4.200000000000 0.003749768522
3.800000000000 4.200000000000 0.002962043444
4.000000000000 4.200000000000 0.002696834052
4.200000000000 4.200000000000 0.002950863978
4.400000000000 4.200000000000 0.003727993992
4.600000000000 4.200000000000 0.005034556166
4.800000000000 4.200000000000 0.006866439713

0.000000000000 4.400000000000 0.011623658382
0.200000000000 4.400000000000 0.015088824387
0.400000000000 4.400000000000 0.018905120776
0.600000000000 4.400000000000 0.022824280355
0.800000000000 4.400000000000 0.026538922963
1.000000000000 4.400000000000 0.029716075398
1.200000000000 4.400000000000 0.032042949308
1.400000000000 4.400000000000 0.033275834092
1.600000000000 4.400000000000 0.033281122601
1.800000000000 4.400000000000 0.032058663099
2.000000000000 4.400000000000 0.029741686452
2.200000000000 4.400000000000 0.026573354554
2.400000000000 4.400000000000 0.022865747856
2.600000000000 4.400000000000 0.018951104139
2.800000000000 4.400000000000 0.015136232989
3.000000000000 4.400000000000 0.011669160010
3.200000000000 4.400000000000 0.008723046907
3.400000000000 4.400000000000 0.006397672112
3.600000000000 4.400000000000 0.004734617308
3.800000000000 4.400000000000 0.003739716172
4.000000000000 4.400000000000 0.003405588885
4.200000000000 4.400000000000 0.003727993992
4.400000000000 4.400000000000 0.004711794331
4.600000000000 4.400000000000 0.006365044755
4.800000000000 4.400000000000 0.008682633911

0.000000000000 4.600000000000 0.015706720599
0.200000000000 4.600000000000 0.020389287917
0.400000000000 4.600000000000 0.025546059561
0.600000000000 4.600000000000 0.030841486729
0.800000000000 4.600000000000 0.035860138204
1.000000000000 4.600000000000 0.040152023891
1.200000000000 4.600000000000 0.043294483406
1.400000000000 4.600000000000 0.044958276128
1.600000000000 4.600000000000 0.044963024370
1.800000000000 4.600000000000 0.043308753535
2.000000000000 4.600000000000 0.040175759088
2.200000000000 4.600000000000 0.035892869910
2.400000000000 4.600000000000 0.030881981416
2.600000000000 4.600000000000 0.025592129946
2.800000000000 4.600000000000 0.020437879688
3.000000000000 4.600000000000 0.015754259624
3.200000000000 4.600000000000 0.011775065286
3.400000000000 4.600000000000 0.008634900851
3.600000000000 4.600000000000 0.006389741852
3.800000000000 4.600000000000 0.005047301758
4.000000000000 4.600000000000 0.004597499455
4.200000000000 4.600000000000 0.005034556166
4.400000000000 4.600000000000 0.006365044755
4.600000000000 4.600000000000 0.008599879802
4.800000000000 4.600000000000 0.011732189481

0.000000000000 4.800000000000 0.021427784027
0.200000000000 4.800000000000 0.027815258119
0.400000000000 4.800000000000 0.034849057521
0.600000000000 4.800000000000 0.042071365638
0.800000000000 4.800000000000 0.048915451624
1.000000000000 4.800000000000 0.054767528901
1.200000000000 4.800000000000 0.059051195038
1.400000000000 4.800000000000 0.061317580172
1.600000000000 4.800000000000 0.061320947232
1.800000000000 4.800000000000 0.059061666208
2.000000000000 4.800000000000 0.054785974359
2.200000000000 4.800000000000 0.048942631549
2.400000000000 4.800000000000 0.042107224004
2.600000000000 4.800000000000 0.034892228103
2.800000000000 4.800000000000 0.027862984114
3.000000000000 4.800000000000 0.021476266283
3.200000000000 4.800000000000 0.016050733827
3.400000000000 4.800000000000 0.011769762672
3.600000000000 4.800000000000 0.008709527810
3.800000000000 4.800000000000 0.006880440532
4.000000000000 4.800000000000 0.006268704636
4.200000000000 4.800000000000 0.006866439713
4.400000000000 4.800000000000 0.008682633911
4.600000000000 4.800000000000 0.011732189481
4.800000000000 4.800000000000 0.016005715740

