# x y u
0.000000000000 0.000000000000 0.092443689709
0.200000000000 0.000000000000 0.111505464048
0.400000000000 0.000000000000 0.128984990693
0.600000000000 0.000000000000 0.143103507797
0.800000000000 0.000000000000 0.152292144094
1.000000000000 0.000000000000 0.155473458884
1.200000000000 0.000000000000 0.152266300258
1.400000000000 0.000000000000 0.143059793799
1.600000000000 0.000000000000 0.128936577491
1.800000000000 0.000000000000 0.111466304175
2.000000000000 0.000000000000 0.092424193518
2.200000000000 0.000000000000 0.073505207178
2.400000000000 0.000000000000 0.056098495427
2.600000000000 0.000000000000 0.041163330826
2.800000000000 0.000000000000 0.029216428475
3.000000000000 0.000000000000 0.020411940333
3.200000000000 0.000000000000 0.014676962135
3.400000000000 0.000000000000 0.011859476717
3.600000000000 0.000000000000 0.011850200658
3.800000000000 0.000000000000 0.014650642759
4.000000000000 0.000000000000 0.020373108268
4.200000000000 0.000000000000 0.029172456254
4.400000000000 0.000000000000 0.041123632419
4.600000000000 0.000000000000 0.056072772616
4.800000000000 0.000000000000 0.073500870909

0.000000000000 0.200000000000 0.111505464048
0.200000000000 0.200000000000 0.134491369608
0.400000000000 0.200000000000 0.155567018994
0.600000000000 0.200000000000 0.172587601560
0.800000000000 0.200000000000 0.183661806638
1.000000000000 0.200000000000 0.187491225118
1.200000000000 0.200000000000 0.183617198494
1.400000000000 0.200000000000 0.172509824611
1.600000000000 0.200000000000 0.155475206797
1.800000000000 0.200000000000 0.134406348001
2.000000000000 0.200000000000 0.111443771658
2.200000000000 0.200000000000 0.088630957381
2.400000000000 0.200000000000 0.067642506832
2.600000000000 0.200000000000 0.049634689388
2.800000000000 0.200000000000 0.035230263823
3.000000000000 0.200000000000 0.024614990859
3.200000000000 0.200000000000 0.017701026039
3.400000000000 0.200000000000 0.014305264137
3.600000000000 0.200000000000 0.014296188984
3.800000000000 0.200000000000 0.017675853437
4.000000000000 0.200000000000 0.024579799557
4.200000000000 0.200000000000 0.035194698705
4.400000000000 0.200000000000 0.049610634670
4.600000000000 0.200000000000 0.067641562919
4.800000000000 0.200000000000 0.088660978982

0.000000000000 0.400000000000 0.128984990693
0.200000000000 0.400000000000 0.155567018994
0.400000000000 0.400000000000 0.179937447056
0.600000000000 0.400000000000 0.199616085935
0.800000000000 0.400000000000 0.212416343976
1.000000000000 0.400000000000 0.216837610270
1.200000000000 0.400000000000 0.212350515118
1.400000000000 0.400000000000 0.199499622691
1.600000000000 0.400000000000 0.179795973622
1.800000000000 0.400000000000 0.155428910059
2.000000000000 0.400000000000 0.128873624390
2.200000000000 0.400000000000 0.102492811768
2.400000000000 0.400000000000 0.078222482155
2.600000000000 0.400000000000 0.057399291677
2.800000000000 0.400000000000 0.040743106064
3.000000000000 0.400000000000 0.028468657782
3.200000000000 0.400000000000 0.020474480161
3.400000000000 0.400000000000 0.016549084942
3.600000000000 0.400000000000 0.016540693409
3.800000000000 0.400000000000 0.020451942934
4.000000000000 0.400000000000 0.028439703119
4.200000000000 0.400000000000 0.040719759039
4.400000000000 0.400000000000 0.057395947102
4.600000000000 0.400000000000 0.078252539777
4.800000000000 0.400000000000 0.102564282815

0.000000000000 0.600000000000 0.143103507797
0.200000000000 0.600000000000 0.172587601560
0.400000000000 0.600000000000 0.199616085935
0.600000000000 0.600000000000 0.221438217121
0.800000000000 0.600000000000 0.235629353372
1.000000000000 0.600000000000 0.240526041879
1.200000000000 0.600000000000 0.235542196350
1.400000000000 0.600000000000 0.221282750936
1.600000000000 0.600000000000 0.199424273865
1.800000000000 0.600000000000 0.172395244428
2.000000000000 0.600000000000 0.142940797612
2.200000000000 0.600000000000 0.113681030985
2.400000000000 0.600000000000 0.086762705329
2.600000000000 0.600000000000 0.063667899141
2.800000000000 0.600000000000 0.045194781496
3.000000000000 0.600000000000 0.031581493785
3.200000000000 0.600000000000 0.022715675300
3.400000000000 0.600000000000 0.018363068400
3.600000000000 0.600000000000 0.018355677234
3.800000000000 0.600000000000 0.022696709457
4.000000000000 0.600000000000 0.031560279353
4.200000000000 0.600000000000 0.045185614924
4.400000000000 0.600000000000 0.063687507269
4.600000000000 0.600000000000 0.086826051039
4.800000000000 0.600000000000 0.113796031229

0.000000000000 0.800000000000 0.152292144094
0.200000000000 0.800000000000 0.183661806638
0.400000000000 0.800000000000 0.212416343976
0.600000000000 0.800000000000 0.235629353372
0.800000000000 0.800000000000 0.250721827042
1.000000000000 0.800000000000 0.255924915731
1.200000000000 0.800000000000 0.250616093053
1.400000000000 0.800000000000 0.235439829507
1.600000000000 0.800000000000 0.212180385602
1.800000000000 0.800000000000 0.183421574087
2.000000000000 0.800000000000 0.152083731156
2.200000000000 0.800000000000 0.120953935656
2.400000000000 0.800000000000 0.092315631683
2.600000000000 0.800000000000 0.067745216271
2.800000000000 0.800000000000 0.048091683203
3.000000000000 0.800000000000 0.033608445304
3.200000000000 0.800000000000 0.024176208701
3.400000000000 0.800000000000 0.019546104998
3.600000000000 0.800000000000 0.019539775415
3.800000000000 0.800000000000 0.024160920009
4.000000000000 0.800000000000 0.033594893626
4.200000000000 0.800000000000 0.048096084471
4.400000000000 0.800000000000 0.067786217029
4.600000000000 0.800000000000 0.092409397104
4.800000000000 0.800000000000 0.121108125103

0.000000000000 1.000000000000 0.155473458884
0.200000000000 1.000000000000 0.187491225118
0.400000000000 1.000000000000 0.216837610270
0.600000000000 1.000000000000 0.240526041879
0.800000000000 1.000000000000 0.255924915731
1.000000000000 1.000000000000 0.261229764486
1.200000000000 1.000000000000 0.255806138013
1.400000000000 1.000000000000 0.240312538819
1.600000000000 1.000000000000 0.216570426775
1.800000000000 1.000000000000 0.187216911371
2.000000000000 1.000000000000 0.155232240371
2.200000000000 1.000000000000 0.123460483086
2.400000000000 1.000000000000 0.094231694154
2.600000000000 1.000000000000 0.069154454177
2.800000000000 1.000000000000 0.049095172516
3.000000000000 1.000000000000 0.034312629894
3.200000000000 1.000000000000 0.024685390158
3.400000000000 1.000000000000 0.019959854553
3.600000000000 1.000000000000 0.019954371898
3.800000000000 1.000000000000 0.024672995415
4.000000000000 1.000000000000 0.034304993057
4.200000000000 1.000000000000 0.049109848895
4.400000000000 1.000000000000 0.069211386126
4.600000000000 1.000000000000 0.094347789784
4.800000000000 1.000000000000 0.123643091191

0.000000000000 1.200000000000 0.152266300258
0.200000000000 1.200000000000 0.183617198494
0.400000000000 1.200000000000 0.212350515118
0.600000000000 1.200000000000 0.235542196350
0.800000000000 1.200000000000 0.250616093053
1.000000000000 1.200000000000 0.255806138013
1.200000000000 1.200000000000 0.250491871340
1.400000000000 1.200000000000 0.235318613467
1.600000000000 1.200000000000 0.212070053289
1.800000000000 1.200000000000 0.183328166214
2.000000000000 1.200000000000 0.152010648421
2.200000000000 1.200000000000 0.120901756677
2.400000000000 1.200000000000 0.092282522128
2.600000000000 1.200000000000 0.067727743429
2.800000000000 1.200000000000 0.048085772656
3.000000000000 1.200000000000 0.033610228705
3.200000000000 1.200000000000 0.024182590325
3.400000000000 1.200000000000 0.019554978339
3.600000000000 1.200000000000 0.019549912005
3.800000000000 1.200000000000 0.024171611710
4.000000000000 1.200000000000 0.033605458236
4.200000000000 1.200000000000 0.048105355400
4.400000000000 1.200000000000 0.067792141869
4.600000000000 1.200000000000 0.092408866431
4.800000000000 1.200000000000 0.121097129547

0.000000000000 1.400000000000 0.143059793799
0.200000000000 1.400000000000 0.172509824611
0.400000000000 1.400000000000 0.199499622691
0.600000000000 1.400000000000 0.221282750936
0.800000000000 1.400000000000 0.235439829507
1.000000000000 1.400000000000 0.240312538819
1.200000000000 1.400000000000 0.235318613467
1.400000000000 1.400000000000 0.221064566511
1.600000000000 1.400000000000 0.199225921515
1.800000000000 1.400000000000 0.172227776678
2.000000000000 1.400000000000 0.142810406222
2.200000000000 1.400000000000 0.113588715863
2.400000000000 1.400000000000 0.086705036888
2.600000000000 1.400000000000 0.063638529059
2.800000000000 1.400000000000 0.045186213425
3.000000000000 1.400000000000 0.031586649212
3.200000000000 1.400000000000 0.022728936275
3.400000000000 1.400000000000 0.018380671181
3.600000000000 1.400000000000 0.018375499051
3.800000000000 1.400000000000 0.022717599236
4.000000000000 1.400000000000 0.031581135338
4.200000000000 1.400000000000 0.045204431861
4.400000000000 1.400000000000 0.063700623577
4.600000000000 1.400000000000 0.086827820841
4.800000000000 1.400000000000 0.113779104127

0.000000000000 1.600000000000 0.128936577491
0.200000000000 1.600000000000 0.155475206797
0.400000000000 1.600000000000 0.179795973622
0.600000000000 1.600000000000 0.199424273865
0.800000000000 1.600000000000 0.212180385602
1.000000000000 1.600000000000 0.216570426775
1.200000000000 1.600000000000 0.212070053289
1.400000000000 1.600000000000 0.199225921515
1.600000000000 1.600000000000 0.179547723318
1.800000000000 1.600000000000 0.155220387123
2.000000000000 1.600000000000 0.128712755391
2.200000000000 1.600000000000 0.102380750912
2.400000000000 1.600000000000 0.078154628160
2.600000000000 1.600000000000 0.057367286306
2.800000000000 1.600000000000 0.040737168151
3.000000000000 1.600000000000 0.028479639587
3.200000000000 1.600000000000 0.020495228206
3.400000000000 1.600000000000 0.016574942221
3.600000000000 1.600000000000 0.016569201276
3.800000000000 1.600000000000 0.020481942602
4.000000000000 1.600000000000 0.028470103464
4.200000000000 1.600000000000 0.040748262318
4.400000000000 1.600000000000 0.057418034902
4.600000000000 1.600000000000 0.078261016159
4.800000000000 1.600000000000 0.102549618861

0.000000000000 1.800000000000 0.111466304175
0.200000000000 1.800000000000 0.134406348001
0.400000000000 1.800000000000 0.155428910059
0.600000000000 1.800000000000 0.172395244428
0.800000000000 1.800000000000 0.183421574087
1.000000000000 1.800000000000 0.187216911371
1.200000000000 1.800000000000 0.183328166214
1.400000000000 1.800000000000 0.172227776678
1.600000000000 1.800000000000 0.155220387123
1.800000000000 1.800000000000 0.134194157324
2.000000000000 1.800000000000 0.111282638439
2.200000000000 1.800000000000 0.088521892091
2.400000000000 1.800000000000 0.067580253640
2.600000000000 1.800000000000 0.049609961373
2.800000000000 1.800000000000 0.035232339158
3.000000000000 1.800000000000 0.024633987318
3.200000000000 1.800000000000 0.017729391944
3.400000000000 1.800000000000 0.014338309298
3.600000000000 1.800000000000 0.014331724984
3.800000000000 1.800000000000 0.017713167608
4.000000000000 1.800000000000 0.024618258065
4.200000000000 1.800000000000 0.035232300092
4.400000000000 1.800000000000 0.049642847720
4.600000000000 1.800000000000 0.067660779927
4.800000000000 1.800000000000 0.088656860878

0.000000000000 2.000000000000 0.092424193518
0.200000000000 2.000000000000 0.111443771658
0.400000000000 2.000000000000 0.128873624390
0.600000000000 2.000000000000 0.142940797612
0.800000000000 2.000000000000 0.152083731156
1.000000000000 2.000000000000 0.155232240371
1.200000000000 2.000000000000 0.152010648421
1.400000000000 2.000000000000 0.142810406222
1.600000000000 2.000000000000 0.128712755391
1.800000000000 2.000000000000 0.111282638439
2.000000000000 2.000000000000 0.092288493034
2.200000000000 2.000000000000 0.073418092697
2.400000000000 2.000000000000 0.056054568929
2.600000000000 2.000000000000 0.041153405052
2.800000000000 2.000000000000 0.029230096397
3.000000000000 2.000000000000 0.020439808334
3.200000000000 2.000000000000 0.014712094040
3.400000000000 2.000000000000 0.011897881065
3.600000000000 2.000000000000 0.011890436231
3.800000000000 2.000000000000 0.014692767218
4.000000000000 2.000000000000 0.020417260838
4.200000000000 2.000000000000 0.029217388429
4.400000000000 2.000000000000 0.041165513856
4.600000000000 2.000000000000 0.056104600544
4.800000000000 2.000000000000 0.073512762630

0.000000000000 2.200000000000 0.073505207178
0.200000000000 2.200000000000 0.088630957381
0.400000000000 2.200000000000 0.102492811768
0.600000000000 2.200000000000 0.113681030985
0.800000000000 2.200000000000 0.120953935656
1.000000000000 2.200000000000 0.123460483086
1.200000000000 2.200000000000 0.120901756677
1.400000000000 2.200000000000 0.113588715863
1.600000000000 2.200000000000 0.102380750912
1.800000000000 2.200000000000 0.088521892091
2.000000000000 2.200000000000 0.073418092697
2.200000000000 2.200000000000 0.058411346157
2.400000000000 2.200000000000 0.044601612049
2.600000000000 2.200000000000 0.032748979155
2.800000000000 2.200000000000 0.023263785363
3.000000000000 2.200000000000 0.016269872825
3.200000000000 2.200000000000 0.011711631637
3.400000000000 2.200000000000 0.009470824325
3.600000000000 2.200000000000 0.009462750385
3.800000000000 2.200000000000 0.011689846670
4.000000000000 2.200000000000 0.016241422604
4.200000000000 2.200000000000 0.023239385861
4.400000000000 2.200000000000 0.032741113091
4.600000000000 2.200000000000 0.044621565952
4.800000000000 2.200000000000 0.058465618410

0.000000000000 2.400000000000 0.056098495427
0.200000000000 2.400000000000 0.067642506832
0.400000000000 2.400000000000 0.078222482155
0.600000000000 2.400000000000 0.086762705329
0.800000000000 2.400000000000 0.092315631683
1.000000000000 2.400000000000 0.094231694154
1.200000000000 2.400000000000 0.092282522128
1.400000000000 2.400000000000 0.086705036888
1.600000000000 2.400000000000 0.078154628160
1.800000000000 2.400000000000 0.067580253640
2.000000000000 2.400000000000 0.056054568929
2.200000000000 2.400000000000 0.044601612049
2.400000000000 2.400000000000 0.034060924541
2.600000000000 2.400000000000 0.025012853809
2.800000000000 2.400000000000 0.017770941642
3.000000000000 2.400000000000 0.012430111367
3.200000000000 2.400000000000 0.008948281847
3.400000000000 2.400000000000 0.007235472064
3.600000000000 2.400000000000 0.007227171220
3.800000000000 2.400000000000 0.008925254213
4.000000000000 2.400000000000 0.012397808925
4.200000000000 2.400000000000 0.017737755430
4.400000000000 2.400000000000 0.024988762169
4.600000000000 2.400000000000 0.034055319524
4.800000000000 2.400000000000 0.044620597474

0.000000000000 2.600000000000 0.041163330826
0.200000000000 2.600000000000 0.049634689388
0.400000000000 2.600000000000 0.057399291677
0.600000000000 2.600000000000 0.063667899141
0.800000000000 2.600000000000 0.067745216271
1.000000000000 2.600000000000 0.069154454177
1.200000000000 2.600000000000 0.067727743429
1.400000000000 2.600000000000 0.063638529059
1.600000000000 2.600000000000 0.057367286306
1.800000000000 2.600000000000 0.049609961373
2.000000000000 2.600000000000 0.041153405052
2.200000000000 2.600000000000 0.032748979155
2.400000000000 2.600000000000 0.025012853809
2.600000000000 2.600000000000 0.018371154726
2.800000000000 2.600000000000 0.013054308343
3.000000000000 2.600000000000 0.009132323857
3.200000000000 2.600000000000 0.006574616397
3.400000000000 2.600000000000 0.005315352685
3.600000000000 2.600000000000 0.005307280316
3.800000000000 2.600000000000 0.006551767073
4.000000000000 2.600000000000 0.009098706354
4.200000000000 2.600000000000 0.013016191517
4.400000000000 2.600000000000 0.018336192314
4.600000000000 2.600000000000 0.024988599221
4.800000000000 2.600000000000 0.032740967097

0.000000000000 2.800000000000 0.029216428475
0.200000000000 2.800000000000 0.035230263823
0.400000000000 2.800000000000 0.040743106064
0.600000000000 2.800000000000 0.045194781496
0.800000000000 2.800000000000 0.048091683203
1.000000000000 2.800000000000 0.049095172516
1.200000000000 2.800000000000 0.048085772656
1.400000000000 2.800000000000 0.045186213425
1.600000000000 2.800000000000 0.040737168151
1.800000000000 2.800000000000 0.035232339158
2.000000000000 2.800000000000 0.029230096397
2.200000000000 2.800000000000 0.023263785363
2.400000000000 2.800000000000 0.017770941642
2.600000000000 2.800000000000 0.013054308343
2.800000000000 2.800000000000 0.009277758064
3.000000000000 2.800000000000 0.006491273847
3.200000000000 2.800000000000 0.004673366233
3.400000000000 2.800000000000 0.003777434612
3.600000000000 2.800000000000 0.003769978650
3.800000000000 2.800000000000 0.004651942292
4.000000000000 2.800000000000 0.006458679146
4.200000000000 2.800000000000 0.009238462037
4.400000000000 2.800000000000 0.013013954128
4.600000000000 2.800000000000 0.017735413351
4.800000000000 2.800000000000 0.023237927588

0.000000000000 3.000000000000 0.020411940333
0.200000000000 3.000000000000 0.024614990859
0.400000000000 3.000000000000 0.028468657782
0.600000000000 3.000000000000 0.031581493785
0.800000000000 3.000000000000 0.033608445304
1.000000000000 3.000000000000 0.034312629894
1.200000000000 3.000000000000 0.033610228705
1.400000000000 3.000000000000 0.031586649212
1.600000000000 3.000000000000 0.028479639587
1.800000000000 3.000000000000 0.024633987318
2.000000000000 3.000000000000 0.020439808334
2.200000000000 3.000000000000 0.016269872825
2.400000000000 3.000000000000 0.012430111367
2.600000000000 3.000000000000 0.009132323857
2.800000000000 3.000000000000 0.006491273847
3.000000000000 3.000000000000 0.004542097899
3.200000000000 3.000000000000 0.003269917558
3.400000000000 3.000000000000 0.002642229192
3.600000000000 3.000000000000 0.002635617929
3.800000000000 3.000000000000 0.003250698087
4.000000000000 3.000000000000 0.004512120662
4.200000000000 3.000000000000 0.006453586989
4.400000000000 3.000000000000 0.009090949213
4.600000000000 3.000000000000 0.012389521692
4.800000000000 3.000000000000 0.016234192512

0.000000000000 3.200000000000 0.014676962135
0.200000000000 3.200000000000 0.017701026039
0.400000000000 3.200000000000 0.020474480161
0.600000000000 3.200000000000 0.022715675300
0.800000000000 3.200000000000 0.024176208701
1.000000000000 3.200000000000 0.024685390158
1.200000000000 3.200000000000 0.024182590325
1.400000000000 3.200000000000 0.022728936275
1.600000000000 3.200000000000 0.020495228206
1.800000000000 3.200000000000 0.017729391944
2.000000000000 3.200000000000 0.014712094040
2.200000000000 3.200000000000 0.011711631637
2.400000000000 3.200000000000 0.008948281847
2.600000000000 3.200000000000 0.006574616397
2.800000000000 3.200000000000 0.004673366233
3.000000000000 3.200000000000 0.003269917558
3.200000000000 3.200000000000 0.002353606486
3.400000000000 3.200000000000 0.001901029960
3.600000000000 3.200000000000 0.001895286015
3.800000000000 3.200000000000 0.002336750817
4.000000000000 3.200000000000 0.003243113988
4.200000000000 3.200000000000 0.004638623258
4.400000000000 3.200000000000 0.006534749379
4.600000000000 3.200000000000 0.008906671763
4.800000000000 3.200000000000 0.011671760143

0.000000000000 3.400000000000 0.011859476717
0.200000000000 3.400000000000 0.014305264137
0.400000000000 3.400000000000 0.016549084942
0.600000000000 3.400000000000 0.018363068400
0.800000000000 3.400000000000 0.019546104998
1.000000000000 3.400000000000 0.019959854553
1.200000000000 3.400000000000 0.019554978339
1.400000000000 3.400000000000 0.018380671181
1.600000000000 3.400000000000 0.016574942221
1.800000000000 3.400000000000 0.014338309298
2.000000000000 3.400000000000 0.011897881065
2.200000000000 3.400000000000 0.009470824325
2.400000000000 3.400000000000 0.007235472064
2.600000000000 3.400000000000 0.005315352685
2.800000000000 3.400000000000 0.003777434612
3.000000000000 3.400000000000 0.002642229192
3.200000000000 3.400000000000 0.001901029960
3.400000000000 3.400000000000 0.001534794455
3.600000000000 3.400000000000 0.001529737581
3.800000000000 3.400000000000 0.001886078326
4.000000000000 3.400000000000 0.002618093829
4.200000000000 3.400000000000 0.003745438488
4.400000000000 3.400000000000 0.005277512506
4.600000000000 3.400000000000 0.007194434307
4.800000000000 3.400000000000 0.009429608089

0.000000000000 3.600000000000 0.011850200658
0.200000000000 3.600000000000 0.014296188984
0.400000000000 3.600000000000 0.016540693409
0.600000000000 3.600000000000 0.018355677234
0.800000000000 3.600000000000 0.019539775415
1.000000000000 3.600000000000 0.019954371898
1.200000000000 3.600000000000 0.019549912005
1.400000000000 3.600000000000 0.018375499051
1.600000000000 3.600000000000 0.016569201276
1.800000000000 3.600000000000 0.014331724984
2.000000000000 3.600000000000 0.011890436231
2.200000000000 3.600000000000 0.009462750385
2.400000000000 3.600000000000 0.007227171220
2.600000000000 3.600000000000 0.005307280316
2.800000000000 3.600000000000 0.003769978650
3.000000000000 3.600000000000 0.002635617929
3.200000000000 3.600000000000 0.001895286015
3.400000000000 3.600000000000 0.001529737581
3.600000000000 3.600000000000 0.001525028129
3.800000000000 3.600000000000 0.001881288472
4.000000000000 3.600000000000 0.002612793339
4.200000000000 3.600000000000 0.003739282559
4.400000000000 3.600000000000 0.005270318583
4.600000000000 3.600000000000 0.007186232932
4.800000000000 3.600000000000 0.009420652497

0.000000000000 3.800000000000 0.014650642759
0.200000000000 3.800000000000 0.017675853437
0.400000000000 3.800000000000 0.020451942934
0.600000000000 3.800000000000 0.022696709457
0.800000000000 3.800000000000 0.024160920009
1.000000000000 3.800000000000 0.024672995415
1.200000000000 3.800000000000 0.024171611710
1.400000000000 3.800000000000 0.022717599236
1.600000000000 3.800000000000 0.020481942602
1.800000000000 3.800000000000 0.017713167608
2.000000000000 3.800000000000 0.014692767218
2.200000000000 3.800000000000 0.011689846670
2.400000000000 3.800000000000 0.008925254213
2.600000000000 3.800000000000 0.006551767073
2.800000000000 3.800000000000 0.004651942292
3.000000000000 3.800000000000 0.003250698087
3.200000000000 3.800000000000 0.002336750817
3.400000000000 3.800000000000 0.001886078326
3.600000000000 3.800000000000 0.001881288472
3.800000000000 3.800000000000 0.002322484640
4.000000000000 3.800000000000 0.003227347897
4.200000000000 3.800000000000 0.004620388610
4.400000000000 3.800000000000 0.006513576406
4.600000000000 3.800000000000 0.008882743562
4.800000000000 3.800000000000 0.011645936779

0.000000000000 4.000000000000 0.020373108268
0.200000000000 4.000000000000 0.024579799557
0.400000000000 4.000000000000 0.028439703119
0.600000000000 4.000000000000 0.031560279353
0.800000000000 4.000000000000 0.033594893626
1.000000000000 4.000000000000 0.034304993057
1.200000000000 4.000000000000 0.033605458236
1.400000000000 4.000000000000 0.031581135338
1.600000000000 4.000000000000 0.028470103464
1.800000000000 4.000000000000 0.024618258065
2.000000000000 4.000000000000 0.020417260838
2.200000000000 4.000000000000 0.016241422604
2.400000000000 4.000000000000 0.012397808925
2.600000000000 4.000000000000 0.009098706354
2.800000000000 4.000000000000 0.006458679146
3.000000000000 4.000000000000 0.004512120662
3.200000000000 4.000000000000 0.003243113988
3.400000000000 4.000000000000 0.002618093829
3.600000000000 4.000000000000 0.002612793339
3.800000000000 4.000000000000 0.003227347897
4.000000000000 4.000000000000 0.004486390398
4.200000000000 4.000000000000 0.006424078657
4.400000000000 4.000000000000 0.009057131647
4.600000000000 4.000000000000 0.012351990418
4.800000000000 4.000000000000 0.016194694420

0.000000000000 4.200000000000 0.029172456254
0.200000000000 4.200000000000 0.035194698705
0.400000000000 4.200000000000 0.040719759039
0.600000000000 4.200000000000 0.045185614924
0.800000000000 4.200000000000 0.048096084471
1.000000000000 4.200000000000 0.049109848895
1.200000000000 4.200000000000 0.048105355400
1.400000000000 4.200000000000 0.045204431861
1.600000000000 4.200000000000 0.040748262318
1.800000000000 4.200000000000 0.035232300092
2.000000000000 4.200000000000 0.029217388429
2.200000000000 4.200000000000 0.023239385861
2.400000000000 4.200000000000 0.017737755430
2.600000000000 4.200000000000 0.013016191517
2.800000000000 4.200000000000 0.009238462037
3.000000000000 4.200000000000 0.006453586989
3.200000000000 4.200000000000 0.004638623258
3.400000000000 4.200000000000 0.003745438488
3.600000000000 4.200000000000 0.003739282559
3.800000000000 4.200000000000 0.004620388610
4.000000000000 4.200000000000 0.006424078657
4.200000000000 4.200000000000 0.009199295737
4.400000000000 4.200000000000 0.012969973883
4.600000000000 4.200000000000 0.017688007483
4.800000000000 4.200000000000 0.023190123915

0.000000000000 4.400000000000 0.041123632419
0.200000000000 4.400000000000 0.049610634670
0.400000000000 4.400000000000 0.057395947102
0.600000000000 4.400000000000 0.063687507269
0.800000000000 4.400000000000 0.067786217029
1.000000000000 4.400000000000 0.069211386126
1.200000000000 4.400000000000 0.067792141869
1.400000000000 4.400000000000 0.063700623577
1.600000000000 4.400000000000 0.057418034902
1.800000000000 4.400000000000 0.049642847720
2.000000000000 4.400000000000 0.041165513856
2.200000000000 4.400000000000 0.032741113091
2.400000000000 4.400000000000 0.024988762169
2.600000000000 4.400000000000 0.018336192314
2.800000000000 4.400000000000 0.013013954128
3.000000000000 4.400000000000 0.009090949213
3.200000000000 4.400000000000 0.006534749379
3.400000000000 4.400000000000 0.005277512506
3.600000000000 4.400000000000 0.005270318583
3.800000000000 4.400000000000 0.006513576406
4.000000000000 4.400000000000 0.009057131647
4.200000000000 4.400000000000 0.012969973883
4.400000000000 4.400000000000 0.018285767171
4.600000000000 4.400000000000 0.024936559599
4.800000000000 4.400000000000 0.032692017839

0.000000000000 4.600000000000 0.056072772616
0.200000000000 4.600000000000 0.067641562919
0.400000000000 4.600000000000 0.078252539777
0.600000000000 4.600000000000 0.086826051039
0.800000000000 4.600000000000 0.092409397104
1.000000000000 4.600000000000 0.094347789784
1.200000000000 4.600000000000 0.092408866431
1.400000000000 4.600000000000 0.086827820841
1.600000000000 4.600000000000 0.078261016159
1.800000000000 4.600000000000 0.067660779927
2.000000000000 4.600000000000 0.056104600544
2.200000000000 4.600000000000 0.044621565952
2.400000000000 4.600000000000 0.034055319524
2.600000000000 4.600000000000 0.024988599221
2.800000000000 4.600000000000 0.017735413351
3.000000000000 4.600000000000 0.012389521692
3.200000000000 4.600000000000 0.008906671763
3.400000000000 4.600000000000 0.007194434307
3.600000000000 4.600000000000 0.007186232932
3.800000000000 4.600000000000 0.008882743562
4.000000000000 4.600000000000 0.012351990418
4.200000000000 4.600000000000 0.017688007483
4.400000000000 4.600000000000 0.024936559599
4.600000000000 4.600000000000 0.034004774893
4.800000000000 4.600000000000 0.044578340923

0.000000000000 4.800000000000 0.073500870909
0.200000000000 4.800000000000 0.088660978982
0.400000000000 4.800000000000 0.102564282815
0.600000000000 4.800000000000 0.113796031229
0.800000000000 4.800000000000 0.121108125103
1.000000000000 4.800000000000 0.123643091191
1.200000000000 4.800000000000 0.121097129547
1.400000000000 4.800000000000 0.113779104127
1.600000000000 4.800000000000 0.102549618861
1.800000000000 4.800000000000 0.088656860878
2.000000000000 4.800000000000 0.073512762630
2.200000000000 4.800000000000 0.058465618410
2.400000000000 4.800000000000 0.044620597474
2.600000000000 4.800000000000 0.032740967097
2.800000000000 4.800000000000 0.023237927588
3.000000000000 4.800000000000 0.016234192512
3.200000000000 4.800000000000 0.011671760143
3.400000000000 4.800000000000 0.009429608089
3.600000000000 4.800000000000 0.009420652497
3.800000000000 4.800000000000 0.011645936779
4.000000000000 4.800000000000 0.016194694420
4.200000000000 4.800000000000 0.023190123915
4.400000000000 4.800000000000 0.032692017839
4.600000000000 4.800000000000 0.044578340923
4.800000000000 4.800000000000 0.058436761072

