# x y u
0.000000000000 0.000000000000 0.260749600248
0.200000000000 0.000000000000 0.217354613322
0.400000000000 0.000000000000 0.170448225030
0.600000000000 0.000000000000 0.125682907751
0.800000000000 0.000000000000 0.087084127131
1.000000000000 0.000000000000 0.056659643013
1.200000000000 0.000000000000 0.034607173468
1.400000000000 0.000000000000 0.019898392575
1.600000000000 0.000000000000 0.010969007289
1.800000000000 0.000000000000 0.006310844995
2.000000000000 0.000000000000 0.004875325215
2.200000000000 0.000000000000 0.006290414244
2.400000000000 0.000000000000 0.010928523829
2.600000000000 0.000000000000 0.019843899595
2.800000000000 0.000000000000 0.034557656505
3.000000000000 0.000000000000 0.056650564628
3.200000000000 0.000000000000 0.087161432224
3.400000000000 0.000000000000 0.125885512775
3.600000000000 0.000000000000 0.170784173415
3.800000000000 0.000000000000 0.217782939739
4.000000000000 0.000000000000 0.261181093888
4.200000000000 0.000000000000 0.294703637502
4.400000000000 0.000000000000 0.312957831957
4.600000000000 0.000000000000 0.312838205512
4.800000000000 0.000000000000 0.294381228946

0.000000000000 0.200000000000 0.217354613322
0.200000000000 0.200000000000 0.181191410062
0.400000000000 0.200000000000 0.142100233808
0.600000000000 0.200000000000 0.104790941076
0.800000000000 0.200000000000 0.072618156182
1.000000000000 0.200000000000 0.047255714313
1.200000000000 0.200000000000 0.028869469789
1.400000000000 0.200000000000 0.016603599510
1.600000000000 0.200000000000 0.009155371659
1.800000000000 0.200000000000 0.005268434199
2.000000000000 0.200000000000 0.004069103592
2.200000000000 0.200000000000 0.005247321792
2.400000000000 0.200000000000 0.009113390885
2.600000000000 0.200000000000 0.016545856362
2.800000000000 0.200000000000 0.028812307801
3.000000000000 0.200000000000 0.047229884567
3.200000000000 0.200000000000 0.072663780249
3.400000000000 0.200000000000 0.104942541794
3.600000000000 0.200000000000 0.142366265942
3.800000000000 0.200000000000 0.181538602776
4.000000000000 0.200000000000 0.217708420552
4.200000000000 0.200000000000 0.245646625873
4.400000000000 0.200000000000 0.260859851208
4.600000000000 0.200000000000 0.260760934616
4.800000000000 0.200000000000 0.245380706262

0.000000000000 0.400000000000 0.170448225030
0.200000000000 0.400000000000 0.142100233808
0.400000000000 0.400000000000 0.111454257389
0.600000000000 0.400000000000 0.082202141608
0.800000000000 0.400000000000 0.056974029922
1.000000000000 0.400000000000 0.037083048651
1.200000000000 0.400000000000 0.022660457978
1.400000000000 0.400000000000 0.013036507706
1.600000000000 0.400000000000 0.007190750450
1.800000000000 0.400000000000 0.004138666111
2.000000000000 0.400000000000 0.003195375371
2.200000000000 0.400000000000 0.004117664804
2.400000000000 0.400000000000 0.007148615080
2.600000000000 0.400000000000 0.012976816994
2.800000000000 0.400000000000 0.022595868178
3.000000000000 0.400000000000 0.037038147833
3.200000000000 0.400000000000 0.056981598048
3.400000000000 0.400000000000 0.082291351840
3.600000000000 0.400000000000 0.111634294563
3.800000000000 0.400000000000 0.142347543975
4.000000000000 0.400000000000 0.170706448501
4.200000000000 0.400000000000 0.192611974818
4.400000000000 0.400000000000 0.204541985904
4.600000000000 0.400000000000 0.204468517530
4.800000000000 0.400000000000 0.192415502883

0.000000000000 0.600000000000 0.125682907751
0.200000000000 0.600000000000 0.104790941076
0.400000000000 0.600000000000 0.082202141608
0.600000000000 0.600000000000 0.060637499401
0.800000000000 0.600000000000 0.042036160239
1.000000000000 0.600000000000 0.027367058744
1.200000000000 0.600000000000 0.016728192042
1.400000000000 0.600000000000 0.009626991257
1.600000000000 0.600000000000 0.005312014981
1.800000000000 0.600000000000 0.003057876072
2.000000000000 0.600000000000 0.002359716102
2.200000000000 0.600000000000 0.003038047583
2.400000000000 0.600000000000 0.005271788540
2.600000000000 0.600000000000 0.009568276123
2.800000000000 0.600000000000 0.016659709227
3.000000000000 0.600000000000 0.027306883948
3.200000000000 0.600000000000 0.042009330787
3.400000000000 0.600000000000 0.060667473109
3.600000000000 0.600000000000 0.082298594411
3.800000000000 0.600000000000 0.104939977308
4.000000000000 0.600000000000 0.125846463604
4.200000000000 0.600000000000 0.141997023282
4.400000000000 0.600000000000 0.150795719143
4.600000000000 0.600000000000 0.150747581892
4.800000000000 0.600000000000 0.141869574318

0.000000000000 0.800000000000 0.087084127131
0.200000000000 0.800000000000 0.072618156182
0.400000000000 0.800000000000 0.056974029922
0.600000000000 0.800000000000 0.042036160239
0.800000000000 0.800000000000 0.029148124683
1.000000000000 0.800000000000 0.018981998232
1.200000000000 0.800000000000 0.011606782624
1.400000000000 0.800000000000 0.006682282709
1.600000000000 0.800000000000 0.003688653035
1.800000000000 0.800000000000 0.002123709375
2.000000000000 0.800000000000 0.001637710283
2.200000000000 0.800000000000 0.002106105910
2.400000000000 0.800000000000 0.003652536147
2.600000000000 0.800000000000 0.006628131953
2.800000000000 0.800000000000 0.011539815487
3.000000000000 0.800000000000 0.018914370531
3.200000000000 0.800000000000 0.029097695474
3.400000000000 0.800000000000 0.042020849625
3.600000000000 0.800000000000 0.057003377677
3.800000000000 0.800000000000 0.072686238699
4.000000000000 0.800000000000 0.087168572657
4.200000000000 0.800000000000 0.098358388178
4.400000000000 0.800000000000 0.104457829197
4.600000000000 0.800000000000 0.104431101900
4.800000000000 0.800000000000 0.098289073799

0.000000000000 1.000000000000 0.056659643013
0.200000000000 1.000000000000 0.047255714313
0.400000000000 1.000000000000 0.037083048651
0.600000000000 1.000000000000 0.027367058744
0.800000000000 1.000000000000 0.018981998232
1.000000000000 1.000000000000 0.012365787231
1.200000000000 1.000000000000 0.007564233992
1.400000000000 1.000000000000 0.004356870082
1.600000000000 1.000000000000 0.002406092618
1.800000000000 1.000000000000 0.001385468510
2.000000000000 1.000000000000 0.001067462657
2.200000000000 1.000000000000 0.001370856471
2.400000000000 1.000000000000 0.002375797560
2.600000000000 1.000000000000 0.004310397723
2.800000000000 1.000000000000 0.007504134972
3.000000000000 1.000000000000 0.012299476259
3.200000000000 1.000000000000 0.018921355684
3.400000000000 1.000000000000 0.027325066306
3.600000000000 1.000000000000 0.037068382458
3.800000000000 1.000000000000 0.047267918833
4.000000000000 1.000000000000 0.056687972341
4.200000000000 1.000000000000 0.063968408188
4.400000000000 1.000000000000 0.067940044490
4.600000000000 1.000000000000 0.067928828121
4.800000000000 1.000000000000 0.063940939009

0.000000000000 1.200000000000 0.034607173468
0.200000000000 1.200000000000 0.028869469789
0.400000000000 1.200000000000 0.022660457978
0.600000000000 1.200000000000 0.016728192042
0.800000000000 1.200000000000 0.011606782624
1.000000000000 1.200000000000 0.007564233992
1.200000000000 1.200000000000 0.004629222058
1.400000000000 1.200000000000 0.002667729158
1.600000000000 1.200000000000 0.001473994528
1.800000000000 1.200000000000 0.000848837119
2.000000000000 1.200000000000 0.000653270682
2.200000000000 1.200000000000 0.000837531306
2.400000000000 1.200000000000 0.001450333122
2.600000000000 1.200000000000 0.002630732237
2.800000000000 1.200000000000 0.004579709467
3.000000000000 1.200000000000 0.007506246034
3.200000000000 1.200000000000 0.011547677836
3.400000000000 1.200000000000 0.016676872212
3.600000000000 1.200000000000 0.022624174751
3.800000000000 1.200000000000 0.028850729400
4.000000000000 1.200000000000 0.034602607994
4.200000000000 1.200000000000 0.039049769607
4.400000000000 1.200000000000 0.041478435120
4.600000000000 1.200000000000 0.041476692631
4.800000000000 1.200000000000 0.039047544999

0.000000000000 1.400000000000 0.019898392575
0.200000000000 1.400000000000 0.016603599510
0.400000000000 1.400000000000 0.013036507706
0.600000000000 1.400000000000 0.009626991257
0.800000000000 1.400000000000 0.006682282709
1.000000000000 1.400000000000 0.004356870082
1.200000000000 1.400000000000 0.002667729158
1.400000000000 1.400000000000 0.001538236543
1.600000000000 1.400000000000 0.000850372994
1.800000000000 1.400000000000 0.000489734049
2.000000000000 1.400000000000 0.000376382839
2.200000000000 1.400000000000 0.000481585143
2.400000000000 1.400000000000 0.000833174084
2.600000000000 1.400000000000 0.001510906926
2.800000000000 1.400000000000 0.002630159845
3.000000000000 1.400000000000 0.004310966898
3.200000000000 1.400000000000 0.006632282998
3.400000000000 1.400000000000 0.009578670364
3.600000000000 1.400000000000 0.012995448847
3.800000000000 1.400000000000 0.016573323211
4.000000000000 1.400000000000 0.019879395354
4.200000000000 1.400000000000 0.022436890243
4.400000000000 1.400000000000 0.023835588119
4.600000000000 1.400000000000 0.023838432966
4.800000000000 1.400000000000 0.022446548685

0.000000000000 1.600000000000 0.010969007289
0.200000000000 1.600000000000 0.009155371659
0.400000000000 1.600000000000 0.007190750450
0.600000000000 1.600000000000 0.005312014981
0.800000000000 1.600000000000 0.003688653035
1.000000000000 1.600000000000 0.002406092618
1.200000000000 1.600000000000 0.001473994528
1.400000000000 1.600000000000 0.000850372994
1.600000000000 1.600000000000 0.000470326236
1.800000000000 1.600000000000 0.000270842100
2.000000000000 1.600000000000 0.000207824757
2.200000000000 1.600000000000 0.000265347267
2.400000000000 1.600000000000 0.000458633810
2.600000000000 1.600000000000 0.000831521762
2.800000000000 1.600000000000 0.001447497739
3.000000000000 1.600000000000 0.002372663283
3.200000000000 1.600000000000 0.003650562770
3.400000000000 1.600000000000 0.005272829924
3.600000000000 1.600000000000 0.007154474246
3.800000000000 1.600000000000 0.009125370934
4.000000000000 1.600000000000 0.010947269607
4.200000000000 1.600000000000 0.012357624795
4.400000000000 1.600000000000 0.013130363111
4.600000000000 1.600000000000 0.013134600051
4.800000000000 1.600000000000 0.012370516155

0.000000000000 1.800000000000 0.006310844995
0.200000000000 1.800000000000 0.005268434199
0.400000000000 1.800000000000 0.004138666111
0.600000000000 1.800000000000 0.003057876072
0.800000000000 1.800000000000 0.002123709375
1.000000000000 1.800000000000 0.001385468510
1.200000000000 1.800000000000 0.000848837119
1.400000000000 1.800000000000 0.000489734049
1.600000000000 1.800000000000 0.000270842100
1.800000000000 1.800000000000 0.000155891395
2.000000000000 1.800000000000 0.000119469505
2.200000000000 1.800000000000 0.000152355218
2.400000000000 1.800000000000 0.000263241594
2.600000000000 1.800000000000 0.000477284711
2.800000000000 1.800000000000 0.000830962053
3.000000000000 1.800000000000 0.001362295597
3.200000000000 1.800000000000 0.002096394738
3.400000000000 1.800000000000 0.003028582569
3.600000000000 1.800000000000 0.004110166411
3.800000000000 1.800000000000 0.005243498388
4.000000000000 1.800000000000 0.006291693059
4.200000000000 1.800000000000 0.007103775158
4.400000000000 1.800000000000 0.007549600543
4.600000000000 1.800000000000 0.007553648381
4.800000000000 1.800000000000 0.007115723584

0.000000000000 2.000000000000 0.004875325215
0.200000000000 2.000000000000 0.004069103592
0.400000000000 2.000000000000 0.003195375371
0.600000000000 2.000000000000 0.002359716102
0.800000000000 2.000000000000 0.001637710283
1.000000000000 2.000000000000 0.001067462657
1.200000000000 2.000000000000 0.000653270682
1.400000000000 2.000000000000 0.000376382839
1.600000000000 2.000000000000 0.000207824757
1.800000000000 2.000000000000 0.000119469505
2.000000000000 2.000000000000 0.000091624798
2.200000000000 2.000000000000 0.000117143078
2.400000000000 2.000000000000 0.000202737820
2.600000000000 2.000000000000 0.000367855493
2.800000000000 2.000000000000 0.000640708988
3.000000000000 2.000000000000 0.001050737339
3.200000000000 2.000000000000 0.001617444539
3.400000000000 2.000000000000 0.002337352077
3.600000000000 2.000000000000 0.003172968409
3.800000000000 2.000000000000 0.004048918003
4.000000000000 2.000000000000 0.004859400560
4.200000000000 2.000000000000 0.005487607570
4.400000000000 2.000000000000 0.005832743795
4.600000000000 2.000000000000 0.005836222118
4.800000000000 2.000000000000 0.005497754555

0.000000000000 2.200000000000 0.006290414244
0.200000000000 2.200000000000 0.005247321792
0.400000000000 2.200000000000 0.004117664804
0.600000000000 2.200000000000 0.003038047583
0.800000000000 2.200000000000 0.002106105910
1.000000000000 2.200000000000 0.001370856471
1.200000000000 2.200000000000 0.000837531306
1.400000000000 2.200000000000 0.000481585143
1.600000000000 2.200000000000 0.000265347267
1.800000000000 2.200000000000 0.000152355218
2.000000000000 2.200000000000 0.000117143078
2.200000000000 2.200000000000 0.000150513758
2.400000000000 2.200000000000 0.000261202467
2.600000000000 2.200000000000 0.000474398595
2.800000000000 2.200000000000 0.000826619261
3.000000000000 2.200000000000 0.001355975593
3.200000000000 2.200000000000 0.002087755486
3.400000000000 2.200000000000 0.003017550983
3.600000000000 2.200000000000 0.004096971422
3.800000000000 2.200000000000 0.005228601381
4.000000000000 2.200000000000 0.006275619054
4.200000000000 2.200000000000 0.007086910326
4.400000000000 2.200000000000 0.007532058967
4.600000000000 2.200000000000 0.007535291621
4.800000000000 2.200000000000 0.007096341393

0.000000000000 2.400000000000 0.010928523829
0.200000000000 2.400000000000 0.009113390885
0.400000000000 2.400000000000 0.007148615080
0.600000000000 2.400000000000 0.005271788540
0.800000000000 2.400000000000 0.003652536147
1.000000000000 2.400000000000 0.002375797560
1.200000000000 2.400000000000 0.001450333122
1.400000000000 2.400000000000 0.000833174084
1.600000000000 2.400000000000 0.000458633810
1.800000000000 2.400000000000 0.000263241594
2.000000000000 2.400000000000 0.000202737820
2.200000000000 2.400000000000 0.000261202467
2.400000000000 2.400000000000 0.000453912869
2.600000000000 2.400000000000 0.000824752023
2.800000000000 2.400000000000 0.001437285127
3.000000000000 2.400000000000 0.002357829436
3.200000000000 2.400000000000 0.003630376969
3.400000000000 2.400000000000 0.005247241710
3.600000000000 2.400000000000 0.007124202932
3.800000000000 2.400000000000 0.009091736972
4.000000000000 2.400000000000 0.010911768257
4.200000000000 2.400000000000 0.012321395597
4.400000000000 2.400000000000 0.013093807415
4.600000000000 2.400000000000 0.013097363924
4.800000000000 2.400000000000 0.012331883136

0.000000000000 2.600000000000 0.019843899595
0.200000000000 2.600000000000 0.016545856362
0.400000000000 2.600000000000 0.012976816994
0.600000000000 2.600000000000 0.009568276123
0.800000000000 2.600000000000 0.006628131953
1.000000000000 2.600000000000 0.004310397723
1.200000000000 2.600000000000 0.002630732237
1.400000000000 2.600000000000 0.001510906926
1.600000000000 2.600000000000 0.000831521762
1.800000000000 2.600000000000 0.000477284711
2.000000000000 2.600000000000 0.000367855493
2.200000000000 2.600000000000 0.000474398595
2.400000000000 2.600000000000 0.000824752023
2.600000000000 2.600000000000 0.001498703713
2.800000000000 2.600000000000 0.002611768478
3.000000000000 2.600000000000 0.004284419333
3.200000000000 2.600000000000 0.006596519095
3.400000000000 2.600000000000 0.009533992623
3.600000000000 2.600000000000 0.012943684428
3.800000000000 2.600000000000 0.016517467195
4.000000000000 2.600000000000 0.019822729756
4.200000000000 2.600000000000 0.022381872339
4.400000000000 2.600000000000 0.023783004872
4.600000000000 2.600000000000 0.023787269281
4.800000000000 2.600000000000 0.022394696953

0.000000000000 2.800000000000 0.034557656505
0.200000000000 2.800000000000 0.028812307801
0.400000000000 2.800000000000 0.022595868178
0.600000000000 2.800000000000 0.016659709227
0.800000000000 2.800000000000 0.011539815487
1.000000000000 2.800000000000 0.007504134972
1.200000000000 2.800000000000 0.004579709467
1.400000000000 2.800000000000 0.002630159845
1.600000000000 2.800000000000 0.001447497739
1.800000000000 2.800000000000 0.000830962053
2.000000000000 2.800000000000 0.000640708988
2.200000000000 2.800000000000 0.000826619261
2.400000000000 2.800000000000 0.001437285127
2.600000000000 2.800000000000 0.002611768478
2.800000000000 2.800000000000 0.004551322824
3.000000000000 2.800000000000 0.007465771711
3.200000000000 2.800000000000 0.011494109899
3.400000000000 2.800000000000 0.016611608075
3.600000000000 2.800000000000 0.022551212302
3.800000000000 2.800000000000 0.028775936905
4.000000000000 2.800000000000 0.034532069713
4.200000000000 2.800000000000 0.038987729475
4.400000000000 2.800000000000 0.041425719707
4.600000000000 2.800000000000 0.041430421164
4.800000000000 2.800000000000 0.039002386823

0.000000000000 3.000000000000 0.056650564628
0.200000000000 3.000000000000 0.047229884567
0.400000000000 3.000000000000 0.037038147833
0.600000000000 3.000000000000 0.027306883948
0.800000000000 3.000000000000 0.018914370531
1.000000000000 3.000000000000 0.012299476259
1.200000000000 3.000000000000 0.007506246034
1.400000000000 3.000000000000 0.004310966898
1.600000000000 3.000000000000 0.002372663283
1.800000000000 3.000000000000 0.001362295597
2.000000000000 3.000000000000 0.001050737339
2.200000000000 3.000000000000 0.001355975593
2.400000000000 3.000000000000 0.002357829436
2.600000000000 3.000000000000 0.004284419333
2.800000000000 3.000000000000 0.007465771711
3.000000000000 3.000000000000 0.012245856627
3.200000000000 3.000000000000 0.018852365240
3.400000000000 3.000000000000 0.027244393553
3.600000000000 3.000000000000 0.036983627277
3.800000000000 3.000000000000 0.047189203977
4.000000000000 3.000000000000 0.056625110618
4.200000000000 3.000000000000 0.063927494392
4.400000000000 3.000000000000 0.067920898331
4.600000000000 3.000000000000 0.067924588864
4.800000000000 3.000000000000 0.063940237695

0.000000000000 3.200000000000 0.087161432224
0.200000000000 3.200000000000 0.072663780249
0.400000000000 3.200000000000 0.056981598048
0.600000000000 3.200000000000 0.042009330787
0.800000000000 3.200000000000 0.029097695474
1.000000000000 3.200000000000 0.018921355684
1.200000000000 3.200000000000 0.011547677836
1.400000000000 3.200000000000 0.006632282998
1.600000000000 3.200000000000 0.003650562770
1.800000000000 3.200000000000 0.002096394738
2.000000000000 3.200000000000 0.001617444539
2.200000000000 3.200000000000 0.002087755486
2.400000000000 3.200000000000 0.003630376969
2.600000000000 3.200000000000 0.006596519095
2.800000000000 3.200000000000 0.011494109899
3.000000000000 3.200000000000 0.018852365240
3.200000000000 3.200000000000 0.029021334311
3.400000000000 3.200000000000 0.041937503566
3.600000000000 3.200000000000 0.056925666691
3.800000000000 3.200000000000 0.072629667685
4.000000000000 3.200000000000 0.087147146721
4.200000000000 3.200000000000 0.098379536607
4.400000000000 3.200000000000 0.104518738090
4.600000000000 3.200000000000 0.104518336845
4.800000000000 3.200000000000 0.098382081612

0.000000000000 3.400000000000 0.125885512775
0.200000000000 3.400000000000 0.104942541794
0.400000000000 3.400000000000 0.082291351840
0.600000000000 3.400000000000 0.060667473109
0.800000000000 3.400000000000 0.042020849625
1.000000000000 3.400000000000 0.027325066306
1.200000000000 3.400000000000 0.016676872212
1.400000000000 3.400000000000 0.009578670364
1.600000000000 3.400000000000 0.005272829924
1.800000000000 3.400000000000 0.003028582569
2.000000000000 3.400000000000 0.002337352077
2.200000000000 3.400000000000 0.003017550983
2.400000000000 3.400000000000 0.005247241710
2.600000000000 3.400000000000 0.009533992623
2.800000000000 3.400000000000 0.016611608075
3.000000000000 3.400000000000 0.027244393553
3.200000000000 3.400000000000 0.041937503566
3.400000000000 3.400000000000 0.060598346544
3.600000000000 3.400000000000 0.082250528133
3.800000000000 3.400000000000 0.104934111508
4.000000000000 3.400000000000 0.125900636183
4.200000000000 3.400000000000 0.142118985068
4.400000000000 3.400000000000 0.150978441853
4.600000000000 3.400000000000 0.150969105803
4.800000000000 3.400000000000 0.142098103282

0.000000000000 3.600000000000 0.170784173415
0.200000000000 3.600000000000 0.142366265942
0.400000000000 3.600000000000 0.111634294563
0.600000000000 3.600000000000 0.082298594411
0.800000000000 3.600000000000 0.057003377677
1.000000000000 3.600000000000 0.037068382458
1.200000000000 3.600000000000 0.022624174751
1.400000000000 3.600000000000 0.012995448847
1.600000000000 3.600000000000 0.007154474246
1.800000000000 3.600000000000 0.004110166411
2.000000000000 3.600000000000 0.003172968409
2.200000000000 3.600000000000 0.004096971422
2.400000000000 3.600000000000 0.007124202932
2.600000000000 3.600000000000 0.012943684428
2.800000000000 3.600000000000 0.022551212302
3.000000000000 3.600000000000 0.036983627277
3.200000000000 3.600000000000 0.056925666691
3.400000000000 3.600000000000 0.082250528133
3.600000000000 3.600000000000 0.111631931132
3.800000000000 3.600000000000 0.142409203298
4.000000000000 3.600000000000 0.170852412300
4.200000000000 3.600000000000 0.192849155664
4.400000000000 3.600000000000 0.204858570779
4.600000000000 3.600000000000 0.204834191517
4.800000000000 3.600000000000 0.192788000493

0.000000000000 3.800000000000 0.217782939739
0.200000000000 3.800000000000 0.181538602776
0.400000000000 3.800000000000 0.142347543975
0.600000000000 3.800000000000 0.104939977308
0.800000000000 3.800000000000 0.072686238699
1.000000000000 3.800000000000 0.047267918833
1.200000000000 3.800000000000 0.028850729400
1.400000000000 3.800000000000 0.016573323211
1.600000000000 3.800000000000 0.009125370934
1.800000000000 3.800000000000 0.005243498388
2.000000000000 3.800000000000 0.004048918003
2.200000000000 3.800000000000 0.005228601381
2.400000000000 3.800000000000 0.009091736972
2.600000000000 3.800000000000 0.016517467195
2.800000000000 3.800000000000 0.028775936905
3.000000000000 3.800000000000 0.047189203977
3.200000000000 3.800000000000 0.072629667685
3.400000000000 3.800000000000 0.104934111508
3.600000000000 3.800000000000 0.142409203298
3.800000000000 3.800000000000 0.181659970495
4.000000000000 3.800000000000 0.217928599155
4.200000000000 3.800000000000 0.245970836361
4.400000000000 3.800000000000 0.261272753827
4.600000000000 3.800000000000 0.261227230604
4.800000000000 3.800000000000 0.245852436900

0.000000000000 4.000000000000 0.261181093888
0.200000000000 4.000000000000 0.217708420552
0.400000000000 4.000000000000 0.170706448501
0.600000000000 4.000000000000 0.125846463604
0.800000000000 4.000000000000 0.087168572657
1.000000000000 4.000000000000 0.056687972341
1.200000000000 4.000000000000 0.034602607994
1.400000000000 4.000000000000 0.019879395354
1.600000000000 4.000000000000 0.010947269607
1.800000000000 4.000000000000 0.006291693059
2.000000000000 4.000000000000 0.004859400560
2.200000000000 4.000000000000 0.006275619054
2.400000000000 4.000000000000 0.010911768257
2.600000000000 4.000000000000 0.019822729756
2.800000000000 4.000000000000 0.034532069713
3.000000000000 4.000000000000 0.056625110618
3.200000000000 4.000000000000 0.087147146721
3.400000000000 4.000000000000 0.125900636183
3.600000000000 4.000000000000 0.170852412300
3.800000000000 4.000000000000 0.217928599155
4.000000000000 4.000000000000 0.261421746261
4.200000000000 4.000000000000 0.295042561435
4.400000000000 4.000000000000 0.313379342315
4.600000000000 4.000000000000 0.313308446438
4.800000000000 4.000000000000 0.294854986074

0.000000000000 4.200000000000 0.294703637502
0.200000000000 4.200000000000 0.245646625873
0.400000000000 4.200000000000 0.192611974818
0.600000000000 4.200000000000 0.141997023282
0.800000000000 4.200000000000 0.098358388178
1.000000000000 4.200000000000 0.063968408188
1.200000000000 4.200000000000 0.039049769607
1.400000000000 4.200000000000 0.022436890243
1.600000000000 4.200000000000 0.012357624795
1.800000000000 4.200000000000 0.007103775158
2.000000000000 4.200000000000 0.005487607570
2.200000000000 4.200000000000 0.007086910326
2.400000000000 4.200000000000 0.012321395597
2.600000000000 4.200000000000 0.022381872339
2.800000000000 4.200000000000 0.038987729475
3.000000000000 4.200000000000 0.063927494392
3.200000000000 4.200000000000 0.098379536607
3.400000000000 4.200000000000 0.142118985068
3.600000000000 4.200000000000 0.192849155664
3.800000000000 4.200000000000 0.245970836361
4.000000000000 4.200000000000 0.295042561435
4.200000000000 4.200000000000 0.332968034766
4.400000000000 4.200000000000 0.353643021512
4.600000000000 4.200000000000 0.353546282169
4.800000000000 4.200000000000 0.332709648052

0.000000000000 4.400000000000 0.312957831957
0.200000000000 4.400000000000 0.260859851208
0.400000000000 4.400000000000 0.204541985904
0.600000000000 4.400000000000 0.150795719143
0.800000000000 4.400000000000 0.104457829197
1.000000000000 4.400000000000 0.067940044490
1.200000000000 4.400000000000 0.041478435120
1.400000000000 4.400000000000 0.023835588119
1.600000000000 4.400000000000 0.013130363111
1.800000000000 4.400000000000 0.007549600543
2.000000000000 4.400000000000 0.005832743795
2.200000000000 4.400000000000 0.007532058967
2.400000000000 4.400000000000 0.013093807415
2.600000000000 4.400000000000 0.023783004872
2.800000000000 4.400000000000 0.041425719707
3.000000000000 4.400000000000 0.067920898331
3.200000000000 4.400000000000 0.104518738090
3.400000000000 4.400000000000 0.150978441853
3.600000000000 4.400000000000 0.204858570779
3.800000000000 4.400000000000 0.261272753827
4.000000000000 4.400000000000 0.313379342315
4.200000000000 4.400000000000 0.353643021512
4.400000000000 4.400000000000 0.375583753951
4.600000000000 4.400000000000 0.375465585286
4.800000000000 4.400000000000 0.353325661118

0.000000000000 4.600000000000 0.312838205512
0.200000000000 4.600000000000 0.260760934616
0.400000000000 4.600000000000 0.204468517530
0.600000000000 4.600000000000 0.150747581892
0.800000000000 4.600000000000 0.104431101900
1.000000000000 4.600000000000 0.067928828121
1.200000000000 4.600000000000 0.041476692631
1.400000000000 4.600000000000 0.023838432966
1.600000000000 4.600000000000 0.013134600051
1.800000000000 4.600000000000 0.007553648381
2.000000000000 4.600000000000 0.005836222118
2.200000000000 4.600000000000 0.007535291621
2.400000000000 4.600000000000 0.013097363924
2.600000000000 4.600000000000 0.023787269281
2.800000000000 4.600000000000 0.041430421164
3.000000000000 4.600000000000 0.067924588864
3.200000000000 4.600000000000 0.104518336845
3.400000000000 4.600000000000 0.150969105803
3.600000000000 4.600000000000 0.204834191517
3.800000000000 4.600000000000 0.261227230604
4.000000000000 4.600000000000 0.313308446438
4.200000000000 4.600000000000 0.353546282169
4.400000000000 4.600000000000 0.375465585286
4.600000000000 4.600000000000 0.375335022981
4.800000000000 4.600000000000 0.353194586046

0.000000000000 4.800000000000 0.294381228946
0.200000000000 4.800000000000 0.245380706262
0.400000000000 4.800000000000 0.192415502883
0.600000000000 4.800000000000 0.141869574318
0.800000000000 4.800000000000 0.098289073799
1.000000000000 4.800000000000 0.063940939009
1.200000000000 4.800000000000 0.039047544999
1.400000000000 4.800000000000 0.022446548685
1.600000000000 4.800000000000 0.012370516155
1.800000000000 4.800000000000 0.007115723584
2.000000000000 4.800000000000 0.005497754555
2.200000000000 4.800000000000 0.007096341393
2.400000000000 4.800000000000 0.012331883136
2.600000000000 4.800000000000 0.022394696953
2.800000000000 4.800000000000 0.039002386823
3.000000000000 4.800000000000 0.063940237695
3.200000000000 4.800000000000 0.098382081612
3.400000000000 4.800000000000 0.142098103282
3.600000000000 4.800000000000 0.192788000493
3.800000000000 4.800000000000 0.245852436900
4.000000000000 4.800000000000 0.294854986074
4.200000000000 4.800000000000 0.332709648052
4.400000000000 4.800000000000 0.353325661118
4.600000000000 4.800000000000 0.353194586046
4.800000000000 4.800000000000 0.332356175127

