# x y u
0.000000000000 0.000000000000 0.014050269850
0.200000000000 0.000000000000 0.031917616752
0.400000000000 0.000000000000 0.060005036422
0.600000000000 0.000000000000 0.092451508803
0.800000000000 0.000000000000 0.118190524673
1.000000000000 0.000000000000 0.127203362501
1.200000000000 0.000000000000 0.116585567802
1.400000000000 0.000000000000 0.091677242591
1.600000000000 0.000000000000 0.062048763111
1.800000000000 0.000000000000 0.036090672671
2.000000000000 0.000000000000 0.017916434583
2.200000000000 0.000000000000 0.007479308835
2.400000000000 0.000000000000 0.002536636537
2.600000000000 0.000000000000 0.000639841815
2.800000000000 0.000000000000 0.000099894566
3.000000000000 0.000000000000 0.000007011044
3.200000000000 0.000000000000 -0.000019478958
3.400000000000 0.000000000000 -0.000023351183
3.600000000000 0.000000000000 0.000028416513
3.800000000000 0.000000000000 0.000047962007
4.000000000000 0.000000000000 0.000002608358
4.200000000000 0.000000000000 0.000153159204
4.400000000000 0.000000000000 0.000812220958
4.600000000000 0.000000000000 0.002218167179
4.800000000000 0.000000000000 0.005536326833

0.000000000000 0.200000000000 0.031917616752
0.200000000000 0.200000000000 0.071598528443
0.400000000000 0.200000000000 0.133038710336
0.600000000000 0.200000000000 0.203073331046
0.800000000000 0.200000000000 0.257738722834
1.000000000000 0.200000000000 0.275835239666
1.200000000000 0.200000000000 0.251696675510
1.400000000000 0.200000000000 0.197235787247
1.600000000000 0.200000000000 0.133132182105
1.800000000000 0.200000000000 0.077280289932
2.000000000000 0.200000000000 0.038312882787
2.200000000000 0.200000000000 0.015983619040
2.400000000000 0.200000000000 0.005422130346
2.600000000000 0.200000000000 0.001371967398
2.800000000000 0.200000000000 0.000217486984
3.000000000000 0.200000000000 0.000014362642
3.200000000000 0.200000000000 -0.000042977233
3.400000000000 0.200000000000 -0.000046179731
3.600000000000 0.200000000000 0.000063578419
3.800000000000 0.200000000000 0.000098862309
4.000000000000 0.200000000000 0.000015031819
4.200000000000 0.200000000000 0.000382483334
4.400000000000 0.200000000000 0.001866194333
4.600000000000 0.200000000000 0.005054413592
4.800000000000 0.200000000000 0.012662512163

0.000000000000 0.400000000000 0.060005036422
0.200000000000 0.400000000000 0.133038710336
0.400000000000 0.400000000000 0.244695593210
0.600000000000 0.400000000000 0.370634639967
0.800000000000 0.400000000000 0.467745367210
1.000000000000 0.400000000000 0.498528999038
1.200000000000 0.400000000000 0.453569960025
1.400000000000 0.400000000000 0.354724270260
1.600000000000 0.400000000000 0.239156179525
1.800000000000 0.400000000000 0.138772306894
2.000000000000 0.400000000000 0.068831137017
2.200000000000 0.400000000000 0.028757906143
2.400000000000 0.400000000000 0.009785375800
2.600000000000 0.400000000000 0.002495016117
2.800000000000 0.400000000000 0.000404423032
3.000000000000 0.400000000000 0.000025997724
3.200000000000 0.400000000000 -0.000077724895
3.400000000000 0.400000000000 -0.000076417037
3.600000000000 0.400000000000 0.000115921293
3.800000000000 0.400000000000 0.000171495749
4.000000000000 0.400000000000 0.000048344408
4.200000000000 0.400000000000 0.000776090492
4.400000000000 0.400000000000 0.003545003415
4.600000000000 0.400000000000 0.009552515369
4.800000000000 0.400000000000 0.023987375338

0.000000000000 0.600000000000 0.092451508803
0.200000000000 0.600000000000 0.203073331046
0.400000000000 0.600000000000 0.370634639967
0.600000000000 0.600000000000 0.558274878827
0.800000000000 0.600000000000 0.701864087596
1.000000000000 0.600000000000 0.746189193269
1.200000000000 0.600000000000 0.677895260244
1.400000000000 0.600000000000 0.529828882067
1.600000000000 0.600000000000 0.357259361524
1.800000000000 0.600000000000 0.207491220608
2.000000000000 0.600000000000 0.103101151864
2.200000000000 0.600000000000 0.043202414379
2.400000000000 0.600000000000 0.014771768323
2.600000000000 0.600000000000 0.003804642596
2.800000000000 0.600000000000 0.000632158761
3.000000000000 0.600000000000 0.000041062629
3.200000000000 0.600000000000 -0.000115219155
3.400000000000 0.600000000000 -0.000106274633
3.600000000000 0.600000000000 0.000172489346
3.800000000000 0.600000000000 0.000249222174
4.000000000000 0.600000000000 0.000102825060
4.200000000000 0.600000000000 0.001263158226
4.400000000000 0.600000000000 0.005506272856
4.600000000000 0.600000000000 0.014798557812
4.800000000000 0.600000000000 0.037208140704

0.000000000000 0.800000000000 0.118190524673
0.200000000000 0.800000000000 0.257738722834
0.400000000000 0.800000000000 0.467745367210
0.600000000000 0.800000000000 0.701864087596
0.800000000000 0.800000000000 0.880312636163
1.000000000000 0.800000000000 0.934745767657
1.200000000000 0.800000000000 0.848880512843
1.400000000000 0.800000000000 0.663712293478
1.600000000000 0.800000000000 0.448011751777
1.800000000000 0.800000000000 0.260668280068
2.000000000000 0.800000000000 0.129872445968
2.200000000000 0.800000000000 0.054630387969
2.400000000000 0.800000000000 0.018789965598
2.600000000000 0.800000000000 0.004894647916
2.800000000000 0.800000000000 0.000833992550
3.000000000000 0.800000000000 0.000056201171
3.200000000000 0.800000000000 -0.000142065204
3.400000000000 0.800000000000 -0.000125560815
3.600000000000 0.800000000000 0.000212858708
3.800000000000 0.800000000000 0.000305838980
4.000000000000 0.800000000000 0.000162981986
4.200000000000 0.800000000000 0.001679709102
4.400000000000 0.800000000000 0.007082358543
4.600000000000 0.800000000000 0.019014398627
4.800000000000 0.800000000000 0.047838463429

0.000000000000 1.000000000000 0.127203362501
0.200000000000 1.000000000000 0.275835239666
0.400000000000 1.000000000000 0.498528999038
0.600000000000 1.000000000000 0.746189193269
0.800000000000 1.000000000000 0.934745767657
1.000000000000 1.000000000000 0.992252970426
1.200000000000 1.000000000000 0.901520495543
1.400000000000 1.000000000000 0.705657063927
1.600000000000 1.000000000000 0.477160702355
1.800000000000 1.000000000000 0.278310903639
2.000000000000 1.000000000000 0.139123355611
2.200000000000 1.000000000000 0.058785590857
2.400000000000 1.000000000000 0.020353452158
2.600000000000 1.000000000000 0.005365931161
2.800000000000 1.000000000000 0.000937399805
3.000000000000 1.000000000000 0.000066589182
3.200000000000 1.000000000000 -0.000147806623
3.400000000000 1.000000000000 -0.000127331117
3.600000000000 1.000000000000 0.000221194940
3.800000000000 1.000000000000 0.000320072580
4.000000000000 1.000000000000 0.000204981209
4.200000000000 1.000000000000 0.001860784780
4.400000000000 1.000000000000 0.007657269400
4.600000000000 1.000000000000 0.020557284719
4.800000000000 1.000000000000 0.051733939962

0.000000000000 1.200000000000 0.116585567802
0.200000000000 1.200000000000 0.251696675510
0.400000000000 1.200000000000 0.453569960025
0.600000000000 1.200000000000 0.677895260244
0.800000000000 1.200000000000 0.848880512844
1.000000000000 1.200000000000 0.901520495543
1.200000000000 1.200000000000 0.820010366711
1.400000000000 1.200000000000 0.642963014971
1.600000000000 1.200000000000 0.435776806696
1.800000000000 1.200000000000 0.254935755714
2.000000000000 1.200000000000 0.127929360978
2.200000000000 1.200000000000 0.054328428814
2.400000000000 1.200000000000 0.018946120761
2.600000000000 1.200000000000 0.005057850081
2.800000000000 1.200000000000 0.000905721772
3.000000000000 1.200000000000 0.000068442218
3.200000000000 1.200000000000 -0.000131154976
3.400000000000 1.200000000000 -0.000111701574
3.600000000000 1.200000000000 0.000195732074
3.800000000000 1.200000000000 0.000287979262
4.000000000000 1.200000000000 0.000211888858
4.200000000000 1.200000000000 0.001742640485
4.400000000000 1.200000000000 0.007041590889
4.600000000000 1.200000000000 0.018917622950
4.800000000000 1.200000000000 0.047610019855

0.000000000000 1.400000000000 0.091677242591
0.200000000000 1.400000000000 0.197235787247
0.400000000000 1.400000000000 0.354724270260
0.600000000000 1.400000000000 0.529828882067
0.800000000000 1.400000000000 0.663712293478
1.000000000000 1.400000000000 0.705657063927
1.200000000000 1.400000000000 0.642963014971
1.400000000000 1.400000000000 0.505289980922
1.600000000000 1.400000000000 0.343442268995
1.800000000000 1.400000000000 0.201624500016
2.000000000000 1.400000000000 0.101618718087
2.200000000000 1.400000000000 0.043395648360
2.400000000000 1.400000000000 0.015251627021
2.600000000000 1.400000000000 0.004125188964
2.800000000000 1.400000000000 0.000757262431
3.000000000000 1.400000000000 0.000061189518
3.200000000000 1.400000000000 -0.000099898627
3.400000000000 1.400000000000 -0.000085173832
3.600000000000 1.400000000000 0.000148474591
3.800000000000 1.400000000000 0.000223917599
4.000000000000 1.400000000000 0.000183742692
4.200000000000 1.400000000000 0.001392727576
4.400000000000 1.400000000000 0.005550061617
4.600000000000 1.400000000000 0.014929801132
4.800000000000 1.400000000000 0.037571169534

0.000000000000 1.600000000000 0.062048763111
0.200000000000 1.600000000000 0.133132182105
0.400000000000 1.600000000000 0.239156179525
0.600000000000 1.600000000000 0.357259361524
0.800000000000 1.600000000000 0.448011751777
1.000000000000 1.600000000000 0.477160702355
1.200000000000 1.600000000000 0.435776806696
1.400000000000 1.600000000000 0.343442268995
1.600000000000 1.600000000000 0.234230240264
1.800000000000 1.600000000000 0.138069182204
2.000000000000 1.600000000000 0.069930338897
2.200000000000 1.600000000000 0.030048133218
2.400000000000 1.600000000000 0.010650292085
2.600000000000 1.600000000000 0.002920743252
2.800000000000 1.600000000000 0.000549896114
3.000000000000 1.600000000000 0.000047671099
3.200000000000 1.600000000000 -0.000065443039
3.400000000000 1.600000000000 -0.000056537556
3.600000000000 1.600000000000 0.000096742142
3.800000000000 1.600000000000 0.000150735356
4.000000000000 1.600000000000 0.000135154777
4.200000000000 1.600000000000 0.000954051213
4.400000000000 1.600000000000 0.003761685846
4.600000000000 1.600000000000 0.010137748924
4.800000000000 1.600000000000 0.025508364858

0.000000000000 1.800000000000 0.036090672671
0.200000000000 1.800000000000 0.077280289932
0.400000000000 1.800000000000 0.138772306894
0.600000000000 1.800000000000 0.207491220608
0.800000000000 1.800000000000 0.260668280068
1.000000000000 1.800000000000 0.278310903639
1.200000000000 1.800000000000 0.254935755714
1.400000000000 1.800000000000 0.201624500016
1.600000000000 1.800000000000 0.138069182204
1.800000000000 1.800000000000 0.081772934550
2.000000000000 1.800000000000 0.041651094707
2.200000000000 1.800000000000 0.018021667481
2.400000000000 1.800000000000 0.006447672659
2.600000000000 1.800000000000 0.001794731863
2.800000000000 1.800000000000 0.000346926270
3.000000000000 1.800000000000 0.000032359493
3.200000000000 1.800000000000 -0.000036756957
3.400000000000 1.800000000000 -0.000032601513
3.600000000000 1.800000000000 0.000053970255
3.800000000000 1.800000000000 0.000087658796
4.000000000000 1.800000000000 0.000084631239
4.200000000000 1.800000000000 0.000559647078
4.400000000000 1.800000000000 0.002189035709
4.600000000000 1.800000000000 0.005914029719
4.800000000000 1.800000000000 0.014878328136

0.000000000000 2.000000000000 0.017916434583
0.200000000000 2.000000000000 0.038312882787
0.400000000000 2.000000000000 0.068831137017
0.600000000000 2.000000000000 0.103101151864
0.800000000000 2.000000000000 0.129872445968
1.000000000000 2.000000000000 0.139123355611
1.200000000000 2.000000000000 0.127929360978
1.400000000000 2.000000000000 0.101618718087
1.600000000000 2.000000000000 0.069930338897
1.800000000000 2.000000000000 0.041651094707
2.000000000000 2.000000000000 0.021355296374
2.200000000000 2.000000000000 0.009314267264
2.400000000000 2.000000000000 0.003367893934
2.600000000000 2.000000000000 0.000952988440
2.800000000000 2.000000000000 0.000189487048
3.000000000000 2.000000000000 0.000019078919
3.200000000000 2.000000000000 -0.000017537246
3.400000000000 2.000000000000 -0.000016223503
3.600000000000 2.000000000000 0.000025536033
3.800000000000 2.000000000000 0.000043727757
4.000000000000 2.000000000000 0.000044970250
4.200000000000 2.000000000000 0.000279224784
4.400000000000 2.000000000000 0.001086039696
4.600000000000 2.000000000000 0.002943650222
4.800000000000 2.000000000000 0.007404495990

0.000000000000 2.200000000000 0.007479308835
0.200000000000 2.200000000000 0.015983619040
0.400000000000 2.200000000000 0.028757906143
0.600000000000 2.200000000000 0.043202414379
0.800000000000 2.200000000000 0.054630387969
1.000000000000 2.200000000000 0.058785590857
1.200000000000 2.200000000000 0.054328428814
1.400000000000 2.200000000000 0.043395648360
1.600000000000 2.200000000000 0.030048133218
1.800000000000 2.200000000000 0.018021667481
2.000000000000 2.200000000000 0.009314267264
2.200000000000 2.200000000000 0.004101552815
2.400000000000 2.200000000000 0.001501647719
2.600000000000 2.200000000000 0.000432978347
2.800000000000 2.200000000000 0.000088831422
3.000000000000 2.200000000000 0.000009699680
3.200000000000 2.200000000000 -0.000006968865
3.400000000000 2.200000000000 -0.000006870413
3.600000000000 2.200000000000 0.000010043268
3.800000000000 2.200000000000 0.000018439113
4.000000000000 2.200000000000 0.000020072401
4.200000000000 2.200000000000 0.000116741125
4.400000000000 2.200000000000 0.000452468140
4.600000000000 2.200000000000 0.001231755311
4.800000000000 2.200000000000 0.003098180460

0.000000000000 2.400000000000 0.002536636537
0.200000000000 2.400000000000 0.005422130346
0.400000000000 2.400000000000 0.009785375800
0.600000000000 2.400000000000 0.014771768323
0.800000000000 2.400000000000 0.018789965598
1.000000000000 2.400000000000 0.020353452158
1.200000000000 2.400000000000 0.018946120761
1.400000000000 2.400000000000 0.015251627021
1.600000000000 2.400000000000 0.010650292085
1.800000000000 2.400000000000 0.006447672659
2.000000000000 2.400000000000 0.003367893934
2.200000000000 2.400000000000 0.001501647719
2.400000000000 2.400000000000 0.000558577316
2.600000000000 2.400000000000 0.000164846505
2.800000000000 2.400000000000 0.000035106222
3.000000000000 2.400000000000 0.000004195758
3.200000000000 2.400000000000 -0.000002199341
3.400000000000 2.400000000000 -0.000002405514
3.600000000000 2.400000000000 0.000003125665
3.800000000000 2.400000000000 0.000006368936
4.000000000000 2.400000000000 0.000007337271
4.200000000000 2.400000000000 0.000039471458
4.400000000000 2.400000000000 0.000152812236
4.600000000000 2.400000000000 0.000418717384
4.800000000000 2.400000000000 0.001053231043

0.000000000000 2.600000000000 0.000639841815
0.200000000000 2.600000000000 0.001371967398
0.400000000000 2.600000000000 0.002495016117
0.600000000000 2.600000000000 0.003804642596
0.800000000000 2.600000000000 0.004894647916
1.000000000000 2.600000000000 0.005365931161
1.200000000000 2.600000000000 0.005057850081
1.400000000000 2.600000000000 0.004125188964
1.600000000000 2.600000000000 0.002920743252
1.800000000000 2.600000000000 0.001794731863
2.000000000000 2.600000000000 0.000952988440
2.200000000000 2.600000000000 0.000432978347
2.400000000000 2.600000000000 0.000164846505
2.600000000000 2.600000000000 0.000050263204
2.800000000000 2.600000000000 0.000011251156
3.000000000000 2.600000000000 0.000001503490
3.200000000000 2.600000000000 -0.000000485210
3.400000000000 2.600000000000 -0.000000657808
3.600000000000 2.600000000000 0.000000673088
3.800000000000 2.600000000000 0.000001674757
4.000000000000 2.600000000000 0.000002030437
4.200000000000 2.600000000000 0.000009778121
4.400000000000 2.600000000000 0.000038136966
4.600000000000 2.600000000000 0.000105793131
4.800000000000 2.600000000000 0.000266198882

0.000000000000 2.800000000000 0.000099894566
0.200000000000 2.800000000000 0.000217486984
0.400000000000 2.800000000000 0.000404423032
0.600000000000 2.800000000000 0.000632158761
0.800000000000 2.800000000000 0.000833992550
1.000000000000 2.800000000000 0.000937399805
1.200000000000 2.800000000000 0.000905721772
1.400000000000 2.800000000000 0.000757262431
1.600000000000 2.800000000000 0.000549896114
1.800000000000 2.800000000000 0.000346926270
2.000000000000 2.800000000000 0.000189487048
2.200000000000 2.800000000000 0.000088831422
2.400000000000 2.800000000000 0.000035106222
2.600000000000 2.800000000000 0.000011251156
2.800000000000 2.800000000000 0.000002708679
3.000000000000 2.800000000000 0.000000418302
3.200000000000 2.800000000000 -0.000000052851
3.400000000000 2.800000000000 -0.000000124798
3.600000000000 2.800000000000 0.000000071253
3.800000000000 2.800000000000 0.000000283993
4.000000000000 2.800000000000 0.000000345235
4.200000000000 2.800000000000 0.000001409415
4.400000000000 2.800000000000 0.000005734298
4.600000000000 2.800000000000 0.000016376719
4.800000000000 2.800000000000 0.000041384147

0.000000000000 3.000000000000 0.000007011044
0.200000000000 3.000000000000 0.000014362642
0.400000000000 3.000000000000 0.000025997724
0.600000000000 3.000000000000 0.000041062629
0.800000000000 3.000000000000 0.000056201171
1.000000000000 3.000000000000 0.000066589182
1.200000000000 3.000000000000 0.000068442218
1.400000000000 3.000000000000 0.000061189518
1.600000000000 3.000000000000 0.000047671099
1.800000000000 3.000000000000 0.000032359493
2.000000000000 3.000000000000 0.000019078919
2.200000000000 3.000000000000 0.000009699680
2.400000000000 3.000000000000 0.000004195758
2.600000000000 3.000000000000 0.000001503490
2.800000000000 3.000000000000 0.000000418302
3.000000000000 3.000000000000 0.000000076876
3.200000000000 3.000000000000 0.000000006513
3.400000000000 3.000000000000 -0.000000002793
3.600000000000 3.000000000000 -0.000000006521
3.800000000000 3.000000000000 0.000000009537
4.000000000000 3.000000000000 0.000000050164
4.200000000000 3.000000000000 0.000000129034
4.400000000000 3.000000000000 0.000000384376
4.600000000000 3.000000000000 0.000001158673
4.800000000000 3.000000000000 0.000003044686

0.000000000000 3.200000000000 -0.000019478958
0.200000000000 3.200000000000 -0.000042977233
0.400000000000 3.200000000000 -0.000077724895
0.600000000000 3.200000000000 -0.000115219155
0.800000000000 3.200000000000 -0.000142065204
1.000000000000 3.200000000000 -0.000147806623
1.200000000000 3.200000000000 -0.000131154976
1.400000000000 3.200000000000 -0.000099898627
1.600000000000 3.200000000000 -0.000065443039
1.800000000000 3.200000000000 -0.000036756957
2.000000000000 3.200000000000 -0.000017537246
2.200000000000 3.200000000000 -0.000006968865
2.400000000000 3.200000000000 -0.000002199341
2.600000000000 3.200000000000 -0.000000485210
2.800000000000 3.200000000000 -0.000000052851
3.000000000000 3.200000000000 0.000000006513
3.200000000000 3.200000000000 0.000000029205
3.400000000000 3.200000000000 0.000000017316
3.600000000000 3.200000000000 -0.000000044316
3.800000000000 3.200000000000 -0.000000040778
4.000000000000 3.200000000000 -0.000000000672
4.200000000000 3.200000000000 -0.000000267991
4.400000000000 3.200000000000 -0.000001146857
4.600000000000 3.200000000000 -0.000002999037
4.800000000000 3.200000000000 -0.000007663608

0.000000000000 3.400000000000 -0.000023351183
0.200000000000 3.400000000000 -0.000046179731
0.400000000000 3.400000000000 -0.000076417037
0.600000000000 3.400000000000 -0.000106274633
0.800000000000 3.400000000000 -0.000125560815
1.000000000000 3.400000000000 -0.000127331117
1.200000000000 3.400000000000 -0.000111701574
1.400000000000 3.400000000000 -0.000085173832
1.600000000000 3.400000000000 -0.000056537556
1.800000000000 3.400000000000 -0.000032601513
2.000000000000 3.400000000000 -0.000016223503
2.200000000000 3.400000000000 -0.000006870413
2.400000000000 3.400000000000 -0.000002405514
2.600000000000 3.400000000000 -0.000000657808
2.800000000000 3.400000000000 -0.000000124798
3.000000000000 3.400000000000 -0.000000002793
3.200000000000 3.400000000000 0.000000017316
3.400000000000 3.400000000000 -0.000000002289
3.600000000000 3.400000000000 -0.000000027905
3.800000000000 3.400000000000 -0.000000026342
4.000000000000 3.400000000000 -0.000000100280
4.200000000000 3.400000000000 -0.000000493175
4.400000000000 3.400000000000 -0.000001513018
4.600000000000 3.400000000000 -0.000003971041
4.800000000000 3.400000000000 -0.000010080789

0.000000000000 3.600000000000 0.000028416513
0.200000000000 3.600000000000 0.000063578419
0.400000000000 3.600000000000 0.000115921293
0.600000000000 3.600000000000 0.000172489346
0.800000000000 3.600000000000 0.000212858708
1.000000000000 3.600000000000 0.000221194940
1.200000000000 3.600000000000 0.000195732074
1.400000000000 3.600000000000 0.000148474591
1.600000000000 3.600000000000 0.000096742142
1.800000000000 3.600000000000 0.000053970255
2.000000000000 3.600000000000 0.000025536033
2.200000000000 3.600000000000 0.000010043268
2.400000000000 3.600000000000 0.000003125665
2.600000000000 3.600000000000 0.000000673088
2.800000000000 3.600000000000 0.000000071253
3.000000000000 3.600000000000 -0.000000006521
3.200000000000 3.600000000000 -0.000000044316
3.400000000000 3.600000000000 -0.000000027905
3.600000000000 3.600000000000 0.000000069949
3.800000000000 3.600000000000 0.000000060560
4.000000000000 3.600000000000 -0.000000019920
4.200000000000 3.600000000000 0.000000361021
4.400000000000 3.600000000000 0.000001642264
4.600000000000 3.600000000000 0.000004282697
4.800000000000 3.600000000000 0.000010995771

0.000000000000 3.800000000000 0.000047962007
0.200000000000 3.800000000000 0.000098862309
0.400000000000 3.800000000000 0.000171495749
0.600000000000 3.800000000000 0.000249222174
0.800000000000 3.800000000000 0.000305838980
1.000000000000 3.800000000000 0.000320072580
1.200000000000 3.800000000000 0.000287979262
1.400000000000 3.800000000000 0.000223917599
1.600000000000 3.800000000000 0.000150735356
1.800000000000 3.800000000000 0.000087658796
2.000000000000 3.800000000000 0.000043727757
2.200000000000 3.800000000000 0.000018439113
2.400000000000 3.800000000000 0.000006368936
2.600000000000 3.800000000000 0.000001674757
2.800000000000 3.800000000000 0.000000283993
3.000000000000 3.800000000000 0.000000009537
3.200000000000 3.800000000000 -0.000000040778
3.400000000000 3.800000000000 -0.000000026342
3.600000000000 3.800000000000 0.000000060560
3.800000000000 3.800000000000 0.000000100444
4.000000000000 3.800000000000 0.000000167750
4.200000000000 3.800000000000 0.000000857689
4.400000000000 3.800000000000 0.000003012516
4.600000000000 3.800000000000 0.000008097003
4.800000000000 3.800000000000 0.000020340102

0.000000000000 4.000000000000 0.000002608358
0.200000000000 4.000000000000 0.000015031819
0.400000000000 4.000000000000 0.000048344408
0.600000000000 4.000000000000 0.000102825060
0.800000000000 4.000000000000 0.000162981986
1.000000000000 4.000000000000 0.000204981209
1.200000000000 4.000000000000 0.000211888858
1.400000000000 4.000000000000 0.000183742692
1.600000000000 4.000000000000 0.000135154777
1.800000000000 4.000000000000 0.000084631239
2.000000000000 4.000000000000 0.000044970250
2.200000000000 4.000000000000 0.000020072401
2.400000000000 4.000000000000 0.000007337271
2.600000000000 4.000000000000 0.000002030437
2.800000000000 4.000000000000 0.000000345235
3.000000000000 4.000000000000 0.000000050164
3.200000000000 4.000000000000 -0.000000000672
3.400000000000 4.000000000000 -0.000000100280
3.600000000000 4.000000000000 -0.000000019920
3.800000000000 4.000000000000 0.000000167750
4.000000000000 4.000000000000 -0.000000008330
4.200000000000 4.000000000000 -0.000000361264
4.400000000000 4.000000000000 -0.000000042781
4.600000000000 4.000000000000 0.000000718591
4.800000000000 4.000000000000 0.000000816675

0.000000000000 4.200000000000 0.000153159204
0.200000000000 4.200000000000 0.000382483334
0.400000000000 4.200000000000 0.000776090492
0.600000000000 4.200000000000 0.001263158226
0.800000000000 4.200000000000 0.001679709102
1.000000000000 4.200000000000 0.001860784780
1.200000000000 4.200000000000 0.001742640485
1.400000000000 4.200000000000 0.001392727576
1.600000000000 4.200000000000 0.000954051213
1.800000000000 4.200000000000 0.000559647078
2.000000000000 4.200000000000 0.000279224784
2.200000000000 4.200000000000 0.000116741125
2.400000000000 4.200000000000 0.000039471458
2.600000000000 4.200000000000 0.000009778121
2.800000000000 4.200000000000 0.000001409415
3.000000000000 4.200000000000 0.000000129034
3.200000000000 4.200000000000 -0.000000267991
3.400000000000 4.200000000000 -0.000000493175
3.600000000000 4.200000000000 0.000000361021
3.800000000000 4.200000000000 0.000000857689
4.000000000000 4.200000000000 -0.000000361264
4.200000000000 4.200000000000 0.000000388196
4.400000000000 4.200000000000 0.000007981760
4.600000000000 4.200000000000 0.000023189578
4.800000000000 4.200000000000 0.000056607968

0.000000000000 4.400000000000 0.000812220958
0.200000000000 4.400000000000 0.001866194333
0.400000000000 4.400000000000 0.003545003415
0.600000000000 4.400000000000 0.005506272856
0.800000000000 4.400000000000 0.007082358543
1.000000000000 4.400000000000 0.007657269400
1.200000000000 4.400000000000 0.007041590889
1.400000000000 4.400000000000 0.005550061617
1.600000000000 4.400000000000 0.003761685846
1.800000000000 4.400000000000 0.002189035709
2.000000000000 4.400000000000 0.001086039696
2.200000000000 4.400000000000 0.000452468140
2.400000000000 4.400000000000 0.000152812236
2.600000000000 4.400000000000 0.000038136966
2.800000000000 4.400000000000 0.000005734298
3.000000000000 4.400000000000 0.000000384376
3.200000000000 4.400000000000 -0.000001146857
3.400000000000 4.400000000000 -0.000001513018
3.600000000000 4.400000000000 0.000001642264
3.800000000000 4.400000000000 0.000003012516
4.000000000000 4.400000000000 -0.000000042781
4.200000000000 4.400000000000 0.000007981760
4.400000000000 4.400000000000 0.000046288137
4.600000000000 4.400000000000 0.000127718437
4.800000000000 4.400000000000 0.000318013910

0.000000000000 4.600000000000 0.002218167179
0.200000000000 4.600000000000 0.005054413592
0.400000000000 4.600000000000 0.009552515369
0.600000000000 4.600000000000 0.014798557812
0.800000000000 4.600000000000 0.019014398627
1.000000000000 4.600000000000 0.020557284719
1.200000000000 4.600000000000 0.018917622950
1.400000000000 4.600000000000 0.014929801132
1.600000000000 4.600000000000 0.010137748924
1.800000000000 4.600000000000 0.005914029719
2.000000000000 4.600000000000 0.002943650222
2.200000000000 4.600000000000 0.001231755311
2.400000000000 4.600000000000 0.000418717384
2.600000000000 4.600000000000 0.000105793131
2.800000000000 4.600000000000 0.000016376719
3.000000000000 4.600000000000 0.000001158673
3.200000000000 4.600000000000 -0.000002999037
3.400000000000 4.600000000000 -0.000003971041
3.600000000000 4.600000000000 0.000004282697
3.800000000000 4.600000000000 0.000008097003
4.000000000000 4.600000000000 0.000000718591
4.200000000000 4.600000000000 0.000023189578
4.400000000000 4.600000000000 0.000127718437
4.600000000000 4.600000000000 0.000352345655
4.800000000000 4.600000000000 0.000876153660

0.000000000000 4.800000000000 0.005536326833
0.200000000000 4.800000000000 0.012662512163
0.400000000000 4.800000000000 0.023987375338
0.600000000000 4.800000000000 0.037208140704
0.800000000000 4.800000000000 0.047838463429
1.000000000000 4.800000000000 0.051733939962
1.200000000000 4.800000000000 0.047610019855
1.400000000000 4.800000000000 0.037571169534
1.600000000000 4.800000000000 0.025508364858
1.800000000000 4.800000000000 0.014878328136
2.000000000000 4.800000000000 0.007404495990
2.200000000000 4.800000000000 0.003098180460
2.400000000000 4.800000000000 0.001053231043
2.600000000000 4.800000000000 0.000266198882
2.800000000000 4.800000000000 0.000041384147
3.000000000000 4.800000000000 0.000003044686
3.200000000000 4.800000000000 -0.000007663608
3.400000000000 4.800000000000 -0.000010080789
3.600000000000 4.800000000000 0.000010995771
3.800000000000 4.800000000000 0.000020340102
4.000000000000 4.800000000000 0.000000816675
4.200000000000 4.800000000000 0.000056607968
4.400000000000 4.800000000000 0.000318013910
4.600000000000 4.800000000000 0.000876153660
4.800000000000 4.800000000000 0.002178541652

