# x y u
0.000000000000 0.000000000000 0.000000087261
0.200000000000 0.000000000000 0.000000126199
0.400000000000 0.000000000000 -0.000000147050
0.600000000000 0.000000000000 -0.000000142355
0.800000000000 0.000000000000 0.000000677478
1.000000000000 0.000000000000 0.000001864094
1.200000000000 0.000000000000 0.000003846527
1.400000000000 0.000000000000 0.000011346397
1.600000000000 0.000000000000 0.000032694675
1.800000000000 0.000000000000 0.000072657342
2.000000000000 0.000000000000 0.000124678013
2.200000000000 0.000000000000 0.000171209129
2.400000000000 0.000000000000 0.000193655955
2.600000000000 0.000000000000 0.000183954350
2.800000000000 0.000000000000 0.000148431573
3.000000000000 0.000000000000 0.000102195562
3.200000000000 0.000000000000 0.000059905073
3.400000000000 0.000000000000 0.000029607077
3.600000000000 0.000000000000 0.000012053598
3.800000000000 0.000000000000 0.000003790147
4.000000000000 0.000000000000 0.000000745090
4.200000000000 0.000000000000 0.000000022454
4.400000000000 0.000000000000 -0.000000023141
4.600000000000 0.000000000000 -0.000000073492
4.800000000000 0.000000000000 -0.000000080054

0.000000000000 0.200000000000 0.000000126199
0.200000000000 0.200000000000 0.000000147234
0.400000000000 0.200000000000 0.000000005923
0.600000000000 0.200000000000 0.000000659977
0.800000000000 0.200000000000 0.000003086753
1.000000000000 0.200000000000 0.000008140876
1.200000000000 0.200000000000 0.000020065036
1.400000000000 0.200000000000 0.000050258540
1.600000000000 0.200000000000 0.000113171695
1.800000000000 0.200000000000 0.000212840014
2.000000000000 0.200000000000 0.000331046255
2.200000000000 0.200000000000 0.000430677025
2.400000000000 0.200000000000 0.000475150011
2.600000000000 0.200000000000 0.000449551549
2.800000000000 0.200000000000 0.000367480751
3.000000000000 0.200000000000 0.000260450680
3.200000000000 0.200000000000 0.000159959663
3.400000000000 0.200000000000 0.000084690961
3.600000000000 0.200000000000 0.000038175687
3.800000000000 0.200000000000 0.000014244285
4.000000000000 0.200000000000 0.000004142837
4.200000000000 0.200000000000 0.000000838056
4.400000000000 0.200000000000 0.000000059000
4.600000000000 0.200000000000 -0.000000114484
4.800000000000 0.200000000000 -0.000000075888

0.000000000000 0.400000000000 -0.000000147050
0.200000000000 0.400000000000 0.000000005923
0.400000000000 0.400000000000 0.000000274139
0.600000000000 0.400000000000 0.000000023818
0.800000000000 0.400000000000 -0.000000546178
1.000000000000 0.400000000000 -0.000000506513
1.200000000000 0.400000000000 -0.000000736836
1.400000000000 0.400000000000 -0.000005308752
1.600000000000 0.400000000000 -0.000018106448
1.800000000000 0.400000000000 -0.000037221036
2.000000000000 0.400000000000 -0.000053752215
2.200000000000 0.400000000000 -0.000057659028
2.400000000000 0.400000000000 -0.000045604861
2.600000000000 0.400000000000 -0.000023399569
2.800000000000 0.400000000000 -0.000001306047
3.000000000000 0.400000000000 0.000012834471
3.200000000000 0.400000000000 0.000017113412
3.400000000000 0.400000000000 0.000014468561
3.600000000000 0.400000000000 0.000009337536
3.800000000000 0.400000000000 0.000004837301
4.000000000000 0.400000000000 0.000001978263
4.200000000000 0.400000000000 0.000000554926
4.400000000000 0.400000000000 0.000000104371
4.600000000000 0.400000000000 0.000000084089
4.800000000000 0.400000000000 -0.000000003202

0.000000000000 0.600000000000 -0.000000142355
0.200000000000 0.600000000000 0.000000659977
0.400000000000 0.600000000000 0.000000023818
0.600000000000 0.600000000000 -0.000001821767
0.800000000000 0.600000000000 -0.000001931132
1.000000000000 0.600000000000 -0.000001105359
1.200000000000 0.600000000000 -0.000005941028
1.400000000000 0.600000000000 -0.000016444926
1.600000000000 0.600000000000 -0.000011916904
1.800000000000 0.600000000000 0.000041383568
2.000000000000 0.600000000000 0.000159569881
2.200000000000 0.600000000000 0.000316190587
2.400000000000 0.600000000000 0.000451220033
2.600000000000 0.600000000000 0.000509209663
2.800000000000 0.600000000000 0.000473459288
3.000000000000 0.600000000000 0.000370036905
3.200000000000 0.600000000000 0.000245084821
3.400000000000 0.600000000000 0.000137556225
3.600000000000 0.600000000000 0.000064929455
3.800000000000 0.600000000000 0.000025130318
4.000000000000 0.600000000000 0.000007347594
4.200000000000 0.600000000000 0.000001339819
4.400000000000 0.600000000000 0.000000231700
4.600000000000 0.600000000000 -0.000000007392
4.800000000000 0.600000000000 -0.000000443551

0.000000000000 0.800000000000 0.000000677478
0.200000000000 0.800000000000 0.000003086753
0.400000000000 0.800000000000 -0.000000546178
0.600000000000 0.800000000000 -0.000001931132
0.800000000000 0.800000000000 0.000014291019
1.000000000000 0.800000000000 0.000048565183
1.200000000000 0.800000000000 0.000107725350
1.400000000000 0.800000000000 0.000272801637
1.600000000000 0.800000000000 0.000711958769
1.800000000000 0.800000000000 0.001557664019
2.000000000000 0.800000000000 0.002728430007
2.200000000000 0.800000000000 0.003881045459
2.400000000000 0.800000000000 0.004580072931
2.600000000000 0.800000000000 0.004561852110
2.800000000000 0.800000000000 0.003879509896
3.000000000000 0.800000000000 0.002834298739
3.200000000000 0.800000000000 0.001780491259
3.400000000000 0.800000000000 0.000957580984
3.600000000000 0.800000000000 0.000435850808
3.800000000000 0.800000000000 0.000163082229
4.000000000000 0.800000000000 0.000046550845
4.200000000000 0.800000000000 0.000008724207
4.400000000000 0.800000000000 0.000000979373
4.600000000000 0.800000000000 -0.000000936078
4.800000000000 0.800000000000 -0.000001933922

0.000000000000 1.000000000000 0.000001864094
0.200000000000 1.000000000000 0.000008140876
0.400000000000 1.000000000000 -0.000000506513
0.600000000000 1.000000000000 -0.000001105359
0.800000000000 1.000000000000 0.000048565183
1.000000000000 1.000000000000 0.000156533853
1.200000000000 1.000000000000 0.000358390656
1.400000000000 1.000000000000 0.000894489616
1.600000000000 1.000000000000 0.002229361455
1.800000000000 1.000000000000 0.004705651505
2.000000000000 1.000000000000 0.008061514001
2.200000000000 1.000000000000 0.011316719807
2.400000000000 1.000000000000 0.013253612119
2.600000000000 1.000000000000 0.013148216674
2.800000000000 1.000000000000 0.011165508776
3.000000000000 1.000000000000 0.008162205688
3.200000000000 1.000000000000 0.005140126380
3.400000000000 1.000000000000 0.002776689252
3.600000000000 1.000000000000 0.001272384412
3.800000000000 1.000000000000 0.000481203270
4.000000000000 1.000000000000 0.000140251236
4.200000000000 1.000000000000 0.000027512930
4.400000000000 1.000000000000 0.000003144466
4.600000000000 1.000000000000 -0.000002569782
4.800000000000 1.000000000000 -0.000005017682

0.000000000000 1.200000000000 0.000003846527
0.200000000000 1.200000000000 0.000020065036
0.400000000000 1.200000000000 -0.000000736836
0.600000000000 1.200000000000 -0.000005941028
0.800000000000 1.200000000000 0.000107725350
1.000000000000 1.200000000000 0.000358390656
1.200000000000 1.200000000000 0.000813707177
1.400000000000 1.200000000000 0.002020801301
1.600000000000 1.200000000000 0.005083262795
1.800000000000 1.200000000000 0.010858319725
2.000000000000 1.200000000000 0.018788767464
2.200000000000 1.200000000000 0.026583464802
2.400000000000 1.200000000000 0.031328796740
2.600000000000 1.200000000000 0.031240601486
2.800000000000 1.200000000000 0.026647594579
3.000000000000 1.200000000000 0.019557542216
3.200000000000 1.200000000000 0.012362254296
3.400000000000 1.200000000000 0.006702637130
3.600000000000 1.200000000000 0.003083505857
3.800000000000 1.200000000000 0.001171725913
4.000000000000 1.200000000000 0.000343737777
4.200000000000 1.200000000000 0.000068139889
4.400000000000 1.200000000000 0.000008221518
4.600000000000 1.200000000000 -0.000005786886
4.800000000000 1.200000000000 -0.000012435621

0.000000000000 1.400000000000 0.000011346397
0.200000000000 1.400000000000 0.000050258540
0.400000000000 1.400000000000 -0.000005308752
0.600000000000 1.400000000000 -0.000016444926
0.800000000000 1.400000000000 0.000272801637
1.000000000000 1.400000000000 0.000894489616
1.200000000000 1.400000000000 0.002020801301
1.400000000000 1.400000000000 0.005057459970
1.600000000000 1.400000000000 0.012804912553
1.800000000000 1.400000000000 0.027394051014
2.000000000000 1.400000000000 0.047351616775
2.200000000000 1.400000000000 0.066858008020
2.400000000000 1.400000000000 0.078602203252
2.600000000000 1.400000000000 0.078182828379
2.800000000000 1.400000000000 0.066517861520
3.000000000000 1.400000000000 0.048693719992
3.200000000000 1.400000000000 0.030698365832
3.400000000000 1.400000000000 0.016599252585
3.600000000000 1.400000000000 0.007614309133
3.800000000000 1.400000000000 0.002883317962
4.000000000000 1.400000000000 0.000841776547
4.200000000000 1.400000000000 0.000166146296
4.400000000000 1.400000000000 0.000020072577
4.600000000000 1.400000000000 -0.000015365770
4.800000000000 1.400000000000 -0.000031186892

0.000000000000 1.600000000000 0.000032694675
0.200000000000 1.600000000000 0.000113171695
0.400000000000 1.600000000000 -0.000018106448
0.600000000000 1.600000000000 -0.000011916904
0.800000000000 1.600000000000 0.000711958769
1.000000000000 1.600000000000 0.002229361455
1.200000000000 1.600000000000 0.005083262795
1.400000000000 1.600000000000 0.012804912553
1.600000000000 1.600000000000 0.032034417786
1.800000000000 1.600000000000 0.067466526704
2.000000000000 1.600000000000 0.115082571736
2.200000000000 1.600000000000 0.160801768575
2.400000000000 1.600000000000 0.187492091668
2.600000000000 1.600000000000 0.185252651202
2.800000000000 1.600000000000 0.156748927400
3.000000000000 1.600000000000 0.114218047491
3.200000000000 1.600000000000 0.071726267629
3.400000000000 1.600000000000 0.038655555917
3.600000000000 1.600000000000 0.017680930332
3.800000000000 1.600000000000 0.006677499358
4.000000000000 1.600000000000 0.001946295360
4.200000000000 1.600000000000 0.000386042766
4.400000000000 1.600000000000 0.000045640757
4.600000000000 1.600000000000 -0.000039056811
4.800000000000 1.600000000000 -0.000069757705

0.000000000000 1.800000000000 0.000072657342
0.200000000000 1.800000000000 0.000212840014
0.400000000000 1.800000000000 -0.000037221036
0.600000000000 1.800000000000 0.000041383568
0.800000000000 1.800000000000 0.001557664019
1.000000000000 1.800000000000 0.004705651505
1.200000000000 1.800000000000 0.010858319725
1.400000000000 1.800000000000 0.027394051014
1.600000000000 1.800000000000 0.067466526704
1.800000000000 1.800000000000 0.139732074287
2.000000000000 1.800000000000 0.235272065110
2.200000000000 1.800000000000 0.325601815283
2.400000000000 1.800000000000 0.376965516462
2.600000000000 1.800000000000 0.370501997121
2.800000000000 1.800000000000 0.312264829175
3.000000000000 1.800000000000 0.226887299241
3.200000000000 1.800000000000 0.142206268969
3.400000000000 1.800000000000 0.076561790874
3.600000000000 1.800000000000 0.035015606391
3.800000000000 1.800000000000 0.013238655900
4.000000000000 1.800000000000 0.003875813073
4.200000000000 1.800000000000 0.000780302429
4.400000000000 1.800000000000 0.000091384203
4.600000000000 1.800000000000 -0.000080805356
4.800000000000 1.800000000000 -0.000130051346

0.000000000000 2.000000000000 0.000124678013
0.200000000000 2.000000000000 0.000331046255
0.400000000000 2.000000000000 -0.000053752215
0.600000000000 2.000000000000 0.000159569881
0.800000000000 2.000000000000 0.002728430007
1.000000000000 2.000000000000 0.008061514001
1.200000000000 2.000000000000 0.018788767464
1.400000000000 2.000000000000 0.047351616775
1.600000000000 2.000000000000 0.115082571736
1.800000000000 2.000000000000 0.235272065110
2.000000000000 2.000000000000 0.392336031447
2.200000000000 2.000000000000 0.539316960014
2.400000000000 2.000000000000 0.621500122973
2.600000000000 2.000000000000 0.608944462598
2.800000000000 2.000000000000 0.512232966449
3.000000000000 2.000000000000 0.371824159750
3.200000000000 2.000000000000 0.233039231087
3.400000000000 2.000000000000 0.125580740329
3.600000000000 2.000000000000 0.057550515787
3.800000000000 2.000000000000 0.021839191621
4.000000000000 2.000000000000 0.006445206766
4.200000000000 2.000000000000 0.001322809661
4.400000000000 2.000000000000 0.000156108187
4.600000000000 2.000000000000 -0.000133621852
4.800000000000 2.000000000000 -0.000200704733

0.000000000000 2.200000000000 0.000171209129
0.200000000000 2.200000000000 0.000430677025
0.400000000000 2.200000000000 -0.000057659028
0.600000000000 2.200000000000 0.000316190587
0.800000000000 2.200000000000 0.003881045459
1.000000000000 2.200000000000 0.011316719807
1.200000000000 2.200000000000 0.026583464802
1.400000000000 2.200000000000 0.066858008020
1.600000000000 2.200000000000 0.160801768575
1.800000000000 2.200000000000 0.325601815283
2.000000000000 2.200000000000 0.539316960014
2.200000000000 2.200000000000 0.738104269688
2.400000000000 2.200000000000 0.848280637303
2.600000000000 2.200000000000 0.829934275625
2.800000000000 2.200000000000 0.697796067201
3.000000000000 2.200000000000 0.506717548846
3.200000000000 2.200000000000 0.317975009739
3.400000000000 2.200000000000 0.171722800161
3.600000000000 2.200000000000 0.078957024403
3.800000000000 2.200000000000 0.030117949667
4.000000000000 2.200000000000 0.008975533968
4.200000000000 2.200000000000 0.001880288277
4.400000000000 2.200000000000 0.000226338081
4.600000000000 2.200000000000 -0.000180108440
4.800000000000 2.200000000000 -0.000259520795

0.000000000000 2.400000000000 0.000193655955
0.200000000000 2.400000000000 0.000475150011
0.400000000000 2.400000000000 -0.000045604861
0.600000000000 2.400000000000 0.000451220033
0.800000000000 2.400000000000 0.004580072931
1.000000000000 2.400000000000 0.013253612119
1.200000000000 2.400000000000 0.031328796740
1.400000000000 2.400000000000 0.078602203252
1.600000000000 2.400000000000 0.187492091668
1.800000000000 2.400000000000 0.376965516462
2.000000000000 2.400000000000 0.621500122973
2.200000000000 2.400000000000 0.848280637303
2.400000000000 2.400000000000 0.973625884301
2.600000000000 2.400000000000 0.952308564952
2.800000000000 2.400000000000 0.801137758123
3.000000000000 2.400000000000 0.582529391729
3.200000000000 2.400000000000 0.366316597407
3.400000000000 2.400000000000 0.198422287282
3.600000000000 2.400000000000 0.091611070957
3.800000000000 2.400000000000 0.035157402246
4.000000000000 2.400000000000 0.010589367912
4.200000000000 2.400000000000 0.002264685427
4.400000000000 2.400000000000 0.000280176743
4.600000000000 2.400000000000 -0.000202043892
4.800000000000 2.400000000000 -0.000285094896

0.000000000000 2.600000000000 0.000183954350
0.200000000000 2.600000000000 0.000449551549
0.400000000000 2.600000000000 -0.000023399569
0.600000000000 2.600000000000 0.000509209663
0.800000000000 2.600000000000 0.004561852110
1.000000000000 2.600000000000 0.013148216674
1.200000000000 2.600000000000 0.031240601486
1.400000000000 2.600000000000 0.078182828379
1.600000000000 2.600000000000 0.185252651202
1.800000000000 2.600000000000 0.370501997121
2.000000000000 2.600000000000 0.608944462597
2.200000000000 2.600000000000 0.829934275625
2.400000000000 2.600000000000 0.952308564952
2.600000000000 2.600000000000 0.932029256676
2.800000000000 2.600000000000 0.785131333723
3.000000000000 2.600000000000 0.572048022237
3.200000000000 2.600000000000 0.360717106375
3.400000000000 2.600000000000 0.196095905183
3.600000000000 2.600000000000 0.090967631350
3.800000000000 2.600000000000 0.035145371297
4.000000000000 2.600000000000 0.010705032168
4.200000000000 2.600000000000 0.002337077190
4.400000000000 2.600000000000 0.000298561920
4.600000000000 2.600000000000 -0.000191547143
4.800000000000 2.600000000000 -0.000269052867

0.000000000000 2.800000000000 0.000148431573
0.200000000000 2.800000000000 0.000367480751
0.400000000000 2.800000000000 -0.000001306047
0.600000000000 2.800000000000 0.000473459288
0.800000000000 2.800000000000 0.003879509896
1.000000000000 2.800000000000 0.011165508776
1.200000000000 2.800000000000 0.026647594579
1.400000000000 2.800000000000 0.066517861520
1.600000000000 2.800000000000 0.156748927400
1.800000000000 2.800000000000 0.312264829175
2.000000000000 2.800000000000 0.512232966449
2.200000000000 2.800000000000 0.697796067201
2.400000000000 2.800000000000 0.801137758123
2.600000000000 2.800000000000 0.785131333723
2.800000000000 2.800000000000 0.662708913134
3.000000000000 2.800000000000 0.484121980331
3.200000000000 2.800000000000 0.306289461567
3.400000000000 2.800000000000 0.167201742886
3.600000000000 2.800000000000 0.077975828567
3.800000000000 2.800000000000 0.030346313863
4.000000000000 2.800000000000 0.009352412017
4.200000000000 2.800000000000 0.002084441236
4.400000000000 2.800000000000 0.000275852663
4.600000000000 2.800000000000 -0.000154909980
4.800000000000 2.800000000000 -0.000219751955

0.000000000000 3.000000000000 0.000102195562
0.200000000000 3.000000000000 0.000260450680
0.400000000000 3.000000000000 0.000012834471
0.600000000000 3.000000000000 0.000370036905
0.800000000000 3.000000000000 0.002834298739
1.000000000000 3.000000000000 0.008162205688
1.200000000000 3.000000000000 0.019557542216
1.400000000000 3.000000000000 0.048693719992
1.600000000000 3.000000000000 0.114218047491
1.800000000000 3.000000000000 0.226887299241
2.000000000000 3.000000000000 0.371824159750
2.200000000000 3.000000000000 0.506717548846
2.400000000000 3.000000000000 0.582529391729
2.600000000000 3.000000000000 0.572048022237
2.800000000000 3.000000000000 0.484121980331
3.000000000000 3.000000000000 0.354804124330
3.200000000000 3.000000000000 0.225352072094
3.400000000000 3.000000000000 0.123602913944
3.600000000000 3.000000000000 0.057984049840
3.800000000000 3.000000000000 0.022745766771
4.000000000000 3.000000000000 0.007097450166
4.200000000000 3.000000000000 0.001615562917
4.400000000000 3.000000000000 0.000222058243
4.600000000000 3.000000000000 -0.000107234983
4.800000000000 3.000000000000 -0.000155892162

0.000000000000 3.200000000000 0.000059905073
0.200000000000 3.200000000000 0.000159959663
0.400000000000 3.200000000000 0.000017113412
0.600000000000 3.200000000000 0.000245084821
0.800000000000 3.200000000000 0.001780491259
1.000000000000 3.200000000000 0.005140126380
1.200000000000 3.200000000000 0.012362254296
1.400000000000 3.200000000000 0.030698365832
1.600000000000 3.200000000000 0.071726267629
1.800000000000 3.200000000000 0.142206268969
2.000000000000 3.200000000000 0.233039231087
2.200000000000 3.200000000000 0.317975009739
2.400000000000 3.200000000000 0.366316597407
2.600000000000 3.200000000000 0.360717106375
2.800000000000 3.200000000000 0.306289461567
3.000000000000 3.200000000000 0.225352072094
3.200000000000 3.200000000000 0.143788210079
3.400000000000 3.200000000000 0.079295525988
3.600000000000 3.200000000000 0.037446142408
3.800000000000 3.200000000000 0.014818349631
4.000000000000 3.200000000000 0.004685763892
4.200000000000 3.200000000000 0.001090257053
4.400000000000 3.200000000000 0.000156050014
4.600000000000 3.200000000000 -0.000063359985
4.800000000000 3.200000000000 -0.000096019660

0.000000000000 3.400000000000 0.000029607077
0.200000000000 3.400000000000 0.000084690961
0.400000000000 3.400000000000 0.000014468561
0.600000000000 3.400000000000 0.000137556225
0.800000000000 3.400000000000 0.000957580984
1.000000000000 3.400000000000 0.002776689252
1.200000000000 3.400000000000 0.006702637130
1.400000000000 3.400000000000 0.016599252585
1.600000000000 3.400000000000 0.038655555917
1.800000000000 3.400000000000 0.076561790874
2.000000000000 3.400000000000 0.125580740329
2.200000000000 3.400000000000 0.171722800161
2.400000000000 3.400000000000 0.198422287282
2.600000000000 3.400000000000 0.196095905183
2.800000000000 3.400000000000 0.167201742886
3.000000000000 3.400000000000 0.123602913944
3.200000000000 3.400000000000 0.079295525988
3.400000000000 3.400000000000 0.044006577812
3.600000000000 3.400000000000 0.020939693664
3.800000000000 3.400000000000 0.008368291228
4.000000000000 3.400000000000 0.002685055709
4.200000000000 3.400000000000 0.000639524496
4.400000000000 3.400000000000 0.000095608661
4.600000000000 3.400000000000 -0.000031622878
4.800000000000 3.400000000000 -0.000051104647

0.000000000000 3.600000000000 0.000012053598
0.200000000000 3.600000000000 0.000038175687
0.400000000000 3.600000000000 0.000009337536
0.600000000000 3.600000000000 0.000064929455
0.800000000000 3.600000000000 0.000435850808
1.000000000000 3.600000000000 0.001272384412
1.200000000000 3.600000000000 0.003083505857
1.400000000000 3.600000000000 0.007614309133
1.600000000000 3.600000000000 0.017680930332
1.800000000000 3.600000000000 0.035015606391
2.000000000000 3.600000000000 0.057550515787
2.200000000000 3.600000000000 0.078957024403
2.400000000000 3.600000000000 0.091611070957
2.600000000000 3.600000000000 0.090967631350
2.800000000000 3.600000000000 0.077975828567
3.000000000000 3.600000000000 0.057984049840
3.200000000000 3.600000000000 0.037446142408
3.400000000000 3.600000000000 0.020939693664
3.600000000000 3.600000000000 0.010053545205
3.800000000000 3.600000000000 0.004063999516
4.000000000000 3.600000000000 0.001325732917
4.200000000000 3.600000000000 0.000324013850
4.400000000000 3.600000000000 0.000050798121
4.600000000000 3.600000000000 -0.000013012421
4.800000000000 3.600000000000 -0.000023227176

0.000000000000 3.800000000000 0.000003790147
0.200000000000 3.800000000000 0.000014244285
0.400000000000 3.800000000000 0.000004837301
0.600000000000 3.800000000000 0.000025130318
0.800000000000 3.800000000000 0.000163082229
1.000000000000 3.800000000000 0.000481203270
1.200000000000 3.800000000000 0.001171725913
1.400000000000 3.800000000000 0.002883317962
1.600000000000 3.800000000000 0.006677499358
1.800000000000 3.800000000000 0.013238655900
2.000000000000 3.800000000000 0.021839191621
2.200000000000 3.800000000000 0.030117949667
2.400000000000 3.800000000000 0.035157402246
2.600000000000 3.800000000000 0.035145371297
2.800000000000 3.800000000000 0.030346313863
3.000000000000 3.800000000000 0.022745766771
3.200000000000 3.800000000000 0.014818349631
3.400000000000 3.800000000000 0.008368291228
3.600000000000 3.800000000000 0.004063999516
3.800000000000 3.800000000000 0.001666467219
4.000000000000 3.800000000000 0.000554666754
4.200000000000 3.800000000000 0.000139739411
4.400000000000 3.800000000000 0.000023133761
4.600000000000 3.800000000000 -0.000004138326
4.800000000000 3.800000000000 -0.000008780815

0.000000000000 4.000000000000 0.000000745090
0.200000000000 4.000000000000 0.000004142837
0.400000000000 4.000000000000 0.000001978263
0.600000000000 4.000000000000 0.000007347594
0.800000000000 4.000000000000 0.000046550845
1.000000000000 4.000000000000 0.000140251236
1.200000000000 4.000000000000 0.000343737777
1.400000000000 4.000000000000 0.000841776547
1.600000000000 4.000000000000 0.001946295360
1.800000000000 4.000000000000 0.003875813073
2.000000000000 4.000000000000 0.006445206766
2.200000000000 4.000000000000 0.008975533968
2.400000000000 4.000000000000 0.010589367912
2.600000000000 4.000000000000 0.010705032168
2.800000000000 4.000000000000 0.009352412018
3.000000000000 4.000000000000 0.007097450166
3.200000000000 4.000000000000 0.004685763892
3.400000000000 4.000000000000 0.002685055709
3.600000000000 4.000000000000 0.001325732917
3.800000000000 4.000000000000 0.000554666754
4.000000000000 4.000000000000 0.000189714369
4.200000000000 4.000000000000 0.000049718095
4.400000000000 4.000000000000 0.000008813634
4.600000000000 4.000000000000 -0.000000820770
4.800000000000 4.000000000000 -0.000002617327

0.000000000000 4.200000000000 0.000000022454
0.200000000000 4.200000000000 0.000000838056
0.400000000000 4.200000000000 0.000000554926
0.600000000000 4.200000000000 0.000001339819
0.800000000000 4.200000000000 0.000008724207
1.000000000000 4.200000000000 0.000027512930
1.200000000000 4.200000000000 0.000068139889
1.400000000000 4.200000000000 0.000166146296
1.600000000000 4.200000000000 0.000386042766
1.800000000000 4.200000000000 0.000780302429
2.000000000000 4.200000000000 0.001322809661
2.200000000000 4.200000000000 0.001880288277
2.400000000000 4.200000000000 0.002264685427
2.600000000000 4.200000000000 0.002337077190
2.800000000000 4.200000000000 0.002084441236
3.000000000000 4.200000000000 0.001615562917
3.200000000000 4.200000000000 0.001090257053
3.400000000000 4.200000000000 0.000639524496
3.600000000000 4.200000000000 0.000324013850
3.800000000000 4.200000000000 0.000139739411
4.000000000000 4.200000000000 0.000049718095
4.200000000000 4.200000000000 0.000013766845
4.400000000000 4.200000000000 0.000002672417
4.600000000000 4.200000000000 -0.000000003893
4.800000000000 4.200000000000 -0.000000559021

0.000000000000 4.400000000000 -0.000000023141
0.200000000000 4.400000000000 0.000000059000
0.400000000000 4.400000000000 0.000000104371
0.600000000000 4.400000000000 0.000000231700
0.800000000000 4.400000000000 0.000000979373
1.000000000000 4.400000000000 0.000003144466
1.200000000000 4.400000000000 0.000008221518
1.400000000000 4.400000000000 0.000020072577
1.600000000000 4.400000000000 0.000045640757
1.800000000000 4.400000000000 0.000091384203
2.000000000000 4.400000000000 0.000156108187
2.200000000000 4.400000000000 0.000226338081
2.400000000000 4.400000000000 0.000280176743
2.600000000000 4.400000000000 0.000298561920
2.800000000000 4.400000000000 0.000275852663
3.000000000000 4.400000000000 0.000222058243
3.200000000000 4.400000000000 0.000156050014
3.400000000000 4.400000000000 0.000095608661
3.600000000000 4.400000000000 0.000050798121
3.800000000000 4.400000000000 0.000023133761
4.000000000000 4.400000000000 0.000008813634
4.200000000000 4.400000000000 0.000002672417
4.400000000000 4.400000000000 0.000000582074
4.600000000000 4.400000000000 0.000000052744
4.800000000000 4.400000000000 -0.000000046660

0.000000000000 4.600000000000 -0.000000073492
0.200000000000 4.600000000000 -0.000000114484
0.400000000000 4.600000000000 0.000000084089
0.600000000000 4.600000000000 -0.000000007392
0.800000000000 4.600000000000 -0.000000936078
1.000000000000 4.600000000000 -0.000002569782
1.200000000000 4.600000000000 -0.000005786886
1.400000000000 4.600000000000 -0.000015365770
1.600000000000 4.600000000000 -0.000039056811
1.800000000000 4.600000000000 -0.000080805356
2.000000000000 4.600000000000 -0.000133621852
2.200000000000 4.600000000000 -0.000180108440
2.400000000000 4.600000000000 -0.000202043892
2.600000000000 4.600000000000 -0.000191547143
2.800000000000 4.600000000000 -0.000154909980
3.000000000000 4.600000000000 -0.000107234983
3.200000000000 4.600000000000 -0.000063359985
3.400000000000 4.600000000000 -0.000031622878
3.600000000000 4.600000000000 -0.000013012421
3.800000000000 4.600000000000 -0.000004138326
4.000000000000 4.600000000000 -0.000000820770
4.200000000000 4.600000000000 -0.000000003893
4.400000000000 4.600000000000 0.000000052744
4.600000000000 4.600000000000 0.000000075311
4.800000000000 4.600000000000 0.000000069476

0.000000000000 4.800000000000 -0.000000080054
0.200000000000 4.800000000000 -0.000000075888
0.400000000000 4.800000000000 -0.000000003202
0.600000000000 4.800000000000 -0.000000443551
0.800000000000 4.800000000000 -0.000001933922
1.000000000000 4.800000000000 -0.000005017682
1.200000000000 4.800000000000 -0.000012435621
1.400000000000 4.800000000000 -0.000031186892
1.600000000000 4.800000000000 -0.000069757705
1.800000000000 4.800000000000 -0.000130051346
2.000000000000 4.800000000000 -0.000200704733
2.200000000000 4.800000000000 -0.000259520795
2.400000000000 4.800000000000 -0.000285094896
2.600000000000 4.800000000000 -0.000269052867
2.800000000000 4.800000000000 -0.000219751955
3.000000000000 4.800000000000 -0.000155892162
3.200000000000 4.800000000000 -0.000096019660
3.400000000000 4.800000000000 -0.000051104647
3.600000000000 4.800000000000 -0.000023227176
3.800000000000 4.800000000000 -0.000008780815
4.000000000000 4.800000000000 -0.000002617327
4.200000000000 4.800000000000 -0.000000559021
4.400000000000 4.800000000000 -0.000000046660
4.600000000000 4.800000000000 0.000000069476
4.800000000000 4.800000000000 0.000000037801

