# x y u
0.000000000000 0.000000000000 0.000000064161
0.200000000000 0.000000000000 0.000000005695
0.400000000000 0.000000000000 -0.000000002204
0.600000000000 0.000000000000 -0.000000000613
0.800000000000 0.000000000000 0.000000015889
1.000000000000 0.000000000000 0.000000051502
1.200000000000 0.000000000000 0.000000172443
1.400000000000 0.000000000000 0.000000622445
1.600000000000 0.000000000000 0.000001929194
1.800000000000 0.000000000000 0.000005235540
2.000000000000 0.000000000000 0.000012820582
2.200000000000 0.000000000000 0.000027748356
2.400000000000 0.000000000000 0.000051566026
2.600000000000 0.000000000000 0.000081205285
2.800000000000 0.000000000000 0.000108350302
3.000000000000 0.000000000000 0.000123148943
3.200000000000 0.000000000000 0.000119983620
3.400000000000 0.000000000000 0.000100724633
3.600000000000 0.000000000000 0.000073081720
3.800000000000 0.000000000000 0.000045852383
4.000000000000 0.000000000000 0.000024809528
4.200000000000 0.000000000000 0.000011495686
4.400000000000 0.000000000000 0.000004501434
4.600000000000 0.000000000000 0.000001453532
4.800000000000 0.000000000000 0.000000366978

0.000000000000 0.200000000000 0.000000005695
0.200000000000 0.200000000000 0.000000000685
0.400000000000 0.200000000000 0.000000000268
0.600000000000 0.200000000000 0.000000000185
0.800000000000 0.200000000000 -0.000000000284
1.000000000000 0.200000000000 0.000000001376
1.200000000000 0.200000000000 0.000000005179
1.400000000000 0.200000000000 0.000000009506
1.600000000000 0.200000000000 0.000000020911
1.800000000000 0.200000000000 0.000000042946
2.000000000000 0.200000000000 0.000000040717
2.200000000000 0.200000000000 -0.000000054672
2.400000000000 0.200000000000 -0.000000262361
2.600000000000 0.200000000000 -0.000000473619
2.800000000000 0.200000000000 -0.000000502687
3.000000000000 0.200000000000 -0.000000248006
3.200000000000 0.200000000000 0.000000200472
3.400000000000 0.200000000000 0.000000622546
3.600000000000 0.200000000000 0.000000832442
3.800000000000 0.200000000000 0.000000791535
4.000000000000 0.200000000000 0.000000591643
4.200000000000 0.200000000000 0.000000359816
4.400000000000 0.200000000000 0.000000179688
4.600000000000 0.200000000000 0.000000073293
4.800000000000 0.200000000000 0.000000023923

0.000000000000 0.400000000000 -0.000000002204
0.200000000000 0.400000000000 0.000000000268
0.400000000000 0.400000000000 0.000000001116
0.600000000000 0.400000000000 -0.000000001135
0.800000000000 0.400000000000 -0.000000006481
1.000000000000 0.400000000000 -0.000000016287
1.200000000000 0.400000000000 -0.000000065085
1.400000000000 0.400000000000 -0.000000238629
1.600000000000 0.400000000000 -0.000000712244
1.800000000000 0.400000000000 -0.000001906981
2.000000000000 0.400000000000 -0.000004605243
2.200000000000 0.400000000000 -0.000009593969
2.400000000000 0.400000000000 -0.000016774061
2.600000000000 0.400000000000 -0.000024504921
2.800000000000 0.400000000000 -0.000030095643
3.000000000000 0.400000000000 -0.000031336942
3.200000000000 0.400000000000 -0.000027865960
3.400000000000 0.400000000000 -0.000021265199
3.600000000000 0.400000000000 -0.000013953619
3.800000000000 0.400000000000 -0.000007860894
4.000000000000 0.400000000000 -0.000003779347
4.200000000000 0.400000000000 -0.000001531622
4.400000000000 0.400000000000 -0.000000511377
4.600000000000 0.400000000000 -0.000000133969
4.800000000000 0.400000000000 -0.000000024165

0.000000000000 0.600000000000 -0.000000000613
0.200000000000 0.600000000000 0.000000000185
0.400000000000 0.600000000000 -0.000000001135
0.600000000000 0.600000000000 -0.000000001671
0.800000000000 0.600000000000 0.000000000844
1.000000000000 0.600000000000 -0.000000005101
1.200000000000 0.600000000000 -0.000000022536
1.400000000000 0.600000000000 -0.000000034451
1.600000000000 0.600000000000 -0.000000037687
1.800000000000 0.600000000000 0.000000018798
2.000000000000 0.600000000000 0.000000468093
2.200000000000 0.600000000000 0.000002003803
2.400000000000 0.600000000000 0.000005196622
2.600000000000 0.600000000000 0.000009705568
2.800000000000 0.600000000000 0.000014053737
3.000000000000 0.600000000000 0.000016425442
3.200000000000 0.600000000000 0.000015868072
3.400000000000 0.600000000000 0.000012847709
3.600000000000 0.600000000000 0.000008777378
3.800000000000 0.600000000000 0.000005063193
4.000000000000 0.600000000000 0.000002450603
4.200000000000 0.600000000000 0.000000979357
4.400000000000 0.600000000000 0.000000312955
4.600000000000 0.600000000000 0.000000074106
4.800000000000 0.600000000000 0.000000009416

0.000000000000 0.800000000000 0.000000015889
0.200000000000 0.800000000000 -0.000000000284
0.400000000000 0.800000000000 -0.000000006481
0.600000000000 0.800000000000 0.000000000844
0.800000000000 0.800000000000 0.000000033744
1.000000000000 0.800000000000 0.000000080369
1.200000000000 0.800000000000 0.000000289461
1.400000000000 0.800000000000 0.000001118828
1.600000000000 0.800000000000 0.000003452058
1.800000000000 0.800000000000 0.000009362970
2.000000000000 0.800000000000 0.000023116059
2.200000000000 0.800000000000 0.000049873027
2.400000000000 0.800000000000 0.000090732455
2.600000000000 0.800000000000 0.000137797563
2.800000000000 0.800000000000 0.000175415166
3.000000000000 0.800000000000 0.000188696559
3.200000000000 0.800000000000 0.000172829444
3.400000000000 0.800000000000 0.000135497506
3.600000000000 0.800000000000 0.000091145989
3.800000000000 0.800000000000 0.000052549046
4.000000000000 0.800000000000 0.000025821731
4.200000000000 0.800000000000 0.000010685397
4.400000000000 0.800000000000 0.000003641920
4.600000000000 0.800000000000 0.000000976329
4.800000000000 0.800000000000 0.000000181041

0.000000000000 1.000000000000 0.000000051502
0.200000000000 1.000000000000 0.000000001376
0.400000000000 1.000000000000 -0.000000016287
0.600000000000 1.000000000000 -0.000000005101
0.800000000000 1.000000000000 0.000000080369
1.000000000000 1.000000000000 0.000000187231
1.200000000000 1.000000000000 0.000000625355
1.400000000000 1.000000000000 0.000002501824
1.600000000000 1.000000000000 0.000007888808
1.800000000000 1.000000000000 0.000021565637
2.000000000000 1.000000000000 0.000053958395
2.200000000000 1.000000000000 0.000118900611
2.400000000000 1.000000000000 0.000221418445
2.600000000000 1.000000000000 0.000343783984
2.800000000000 1.000000000000 0.000446418919
3.000000000000 1.000000000000 0.000488819433
3.200000000000 1.000000000000 0.000454947742
3.400000000000 1.000000000000 0.000361972196
3.600000000000 1.000000000000 0.000246890676
3.800000000000 1.000000000000 0.000144265243
4.000000000000 1.000000000000 0.000071849926
4.200000000000 1.000000000000 0.000030154726
4.400000000000 1.000000000000 0.000010441407
4.600000000000 1.000000000000 0.000002856933
4.800000000000 1.000000000000 0.000000547914

0.000000000000 1.200000000000 0.000000172443
0.200000000000 1.200000000000 0.000000005179
0.400000000000 1.200000000000 -0.000000065085
0.600000000000 1.200000000000 -0.000000022536
0.800000000000 1.200000000000 0.000000289461
1.000000000000 1.200000000000 0.000000625355
1.200000000000 1.200000000000 0.000002101449
1.400000000000 1.200000000000 0.000008719000
1.600000000000 1.200000000000 0.000027816008
1.800000000000 1.200000000000 0.000076743172
2.000000000000 1.200000000000 0.000194371110
2.200000000000 1.200000000000 0.000432932310
2.400000000000 1.200000000000 0.000811904245
2.600000000000 1.200000000000 0.001265380257
2.800000000000 1.200000000000 0.001645638438
3.000000000000 1.200000000000 0.001801899784
3.200000000000 1.200000000000 0.001675203205
3.400000000000 1.200000000000 0.001330303543
3.600000000000 1.200000000000 0.000905002491
3.800000000000 1.200000000000 0.000527092052
4.000000000000 1.200000000000 0.000261459868
4.200000000000 1.200000000000 0.000109186106
4.400000000000 1.200000000000 0.000037565605
4.600000000000 1.200000000000 0.000010184929
4.800000000000 1.200000000000 0.000001919046

0.000000000000 1.400000000000 0.000000622445
0.200000000000 1.400000000000 0.000000009506
0.400000000000 1.400000000000 -0.000000238629
0.600000000000 1.400000000000 -0.000000034451
0.800000000000 1.400000000000 0.000001118828
1.000000000000 1.400000000000 0.000002501824
1.200000000000 1.400000000000 0.000008719000
1.400000000000 1.400000000000 0.000035083367
1.600000000000 1.400000000000 0.000110256188
1.800000000000 1.400000000000 0.000302058860
2.000000000000 1.400000000000 0.000757177794
2.200000000000 1.400000000000 0.001664368128
2.400000000000 1.400000000000 0.003081709533
2.600000000000 1.400000000000 0.004750649666
2.800000000000 1.400000000000 0.006122442011
3.000000000000 1.400000000000 0.006653573206
3.200000000000 1.400000000000 0.006146884209
3.400000000000 1.400000000000 0.004855260704
3.600000000000 1.400000000000 0.003287822132
3.800000000000 1.400000000000 0.001907206268
4.000000000000 1.400000000000 0.000942703970
4.200000000000 1.400000000000 0.000392439333
4.400000000000 1.400000000000 0.000134640434
4.600000000000 1.400000000000 0.000036405028
4.800000000000 1.400000000000 0.000006844790

0.000000000000 1.600000000000 0.000001929194
0.200000000000 1.600000000000 0.000000020911
0.400000000000 1.600000000000 -0.000000712244
0.600000000000 1.600000000000 -0.000000037687
0.800000000000 1.600000000000 0.000003452058
1.000000000000 1.600000000000 0.000007888808
1.200000000000 1.600000000000 0.000027816008
1.400000000000 1.600000000000 0.000110256188
1.600000000000 1.600000000000 0.000344114442
1.800000000000 1.600000000000 0.000939220855
2.000000000000 1.600000000000 0.002341927974
2.200000000000 1.600000000000 0.005115760352
2.400000000000 1.600000000000 0.009418285935
2.600000000000 1.600000000000 0.014451274010
2.800000000000 1.600000000000 0.018555938195
3.000000000000 1.600000000000 0.020108147581
3.200000000000 1.600000000000 0.018535873574
3.400000000000 1.600000000000 0.014616437346
3.600000000000 1.600000000000 0.009885652410
3.800000000000 1.600000000000 0.005729852647
4.000000000000 1.600000000000 0.002831082223
4.200000000000 1.600000000000 0.001178671461
4.400000000000 1.600000000000 0.000404686239
4.600000000000 1.600000000000 0.000109615503
4.800000000000 1.600000000000 0.000020713275

0.000000000000 1.800000000000 0.000005235540
0.200000000000 1.800000000000 0.000000042946
0.400000000000 1.800000000000 -0.000001906981
0.600000000000 1.800000000000 0.000000018798
0.800000000000 1.800000000000 0.000009362970
1.000000000000 1.800000000000 0.000021565637
1.200000000000 1.800000000000 0.000076743172
1.400000000000 1.800000000000 0.000302058860
1.600000000000 1.800000000000 0.000939220855
1.800000000000 1.800000000000 0.002559142605
2.000000000000 1.800000000000 0.006365133332
2.200000000000 1.800000000000 0.013857430247
2.400000000000 1.800000000000 0.025426149459
2.600000000000 1.800000000000 0.038898150925
2.800000000000 1.800000000000 0.049822832633
3.000000000000 1.800000000000 0.053880031233
3.200000000000 1.800000000000 0.049583532692
3.400000000000 1.800000000000 0.039045302482
3.600000000000 1.800000000000 0.026378702247
3.800000000000 1.800000000000 0.015276435086
4.000000000000 1.800000000000 0.007543493027
4.200000000000 1.800000000000 0.003139660911
4.400000000000 1.800000000000 0.001078071570
4.600000000000 1.800000000000 0.000292210317
4.800000000000 1.800000000000 0.000055356809

0.000000000000 2.000000000000 0.000012820582
0.200000000000 2.000000000000 0.000000040717
0.400000000000 2.000000000000 -0.000004605243
0.600000000000 2.000000000000 0.000000468093
0.800000000000 2.000000000000 0.000023116059
1.000000000000 2.000000000000 0.000053958395
1.200000000000 2.000000000000 0.000194371110
1.400000000000 2.000000000000 0.000757177794
1.600000000000 2.000000000000 0.002341927974
1.800000000000 2.000000000000 0.006365133332
2.000000000000 2.000000000000 0.015771112420
2.200000000000 2.000000000000 0.034162424263
2.400000000000 2.000000000000 0.062369376626
2.600000000000 2.000000000000 0.094998182470
2.800000000000 2.000000000000 0.121232699004
3.000000000000 2.000000000000 0.130706963919
3.200000000000 2.000000000000 0.119982065028
3.400000000000 2.000000000000 0.094285680100
3.600000000000 2.000000000000 0.063590366584
3.800000000000 2.000000000000 0.036776215462
4.000000000000 2.000000000000 0.018141195484
4.200000000000 2.000000000000 0.007545353895
4.400000000000 2.000000000000 0.002590234484
4.600000000000 2.000000000000 0.000702336780
4.800000000000 2.000000000000 0.000133363654

0.000000000000 2.200000000000 0.000027748356
0.200000000000 2.200000000000 -0.000000054672
0.400000000000 2.200000000000 -0.000009593969
0.600000000000 2.200000000000 0.000002003803
0.800000000000 2.200000000000 0.000049873027
1.000000000000 2.200000000000 0.000118900611
1.200000000000 2.200000000000 0.000432932310
1.400000000000 2.200000000000 0.001664368128
1.600000000000 2.200000000000 0.005115760352
1.800000000000 2.200000000000 0.013857430247
2.000000000000 2.200000000000 0.034162424263
2.200000000000 2.200000000000 0.073541466957
2.400000000000 2.200000000000 0.133472783035
2.600000000000 2.200000000000 0.202291550836
2.800000000000 2.200000000000 0.257122578872
3.000000000000 2.200000000000 0.276334056928
3.200000000000 2.200000000000 0.253023724312
3.400000000000 2.200000000000 0.198447363560
3.600000000000 2.200000000000 0.133647043487
3.800000000000 2.200000000000 0.077214925775
4.000000000000 2.200000000000 0.038068561502
4.200000000000 2.200000000000 0.015833514436
4.400000000000 2.200000000000 0.005439186082
4.600000000000 2.200000000000 0.001477416007
4.800000000000 2.200000000000 0.000281985411

0.000000000000 2.400000000000 0.000051566026
0.200000000000 2.400000000000 -0.000000262361
0.400000000000 2.400000000000 -0.000016774061
0.600000000000 2.400000000000 0.000005196621
0.800000000000 2.400000000000 0.000090732455
1.000000000000 2.400000000000 0.000221418445
1.200000000000 2.400000000000 0.000811904245
1.400000000000 2.400000000000 0.003081709533
1.600000000000 2.400000000000 0.009418285935
1.800000000000 2.400000000000 0.025426149459
2.000000000000 2.400000000000 0.062369376626
2.200000000000 2.400000000000 0.133472783035
2.400000000000 2.400000000000 0.240944675073
2.600000000000 2.400000000000 0.363587297485
2.800000000000 2.400000000000 0.460585205057
3.000000000000 2.400000000000 0.493750949557
3.200000000000 2.400000000000 0.451273199914
3.400000000000 2.400000000000 0.353495384519
3.600000000000 2.400000000000 0.237895769249
3.800000000000 2.400000000000 0.137416328279
4.000000000000 2.400000000000 0.067771766070
4.200000000000 2.400000000000 0.028215699795
4.400000000000 2.400000000000 0.009711124977
4.600000000000 2.400000000000 0.002646775697
4.800000000000 2.400000000000 0.000509242522

0.000000000000 2.600000000000 0.000081205285
0.200000000000 2.600000000000 -0.000000473619
0.400000000000 2.600000000000 -0.000024504921
0.600000000000 2.600000000000 0.000009705568
0.800000000000 2.600000000000 0.000137797563
1.000000000000 2.600000000000 0.000343783984
1.200000000000 2.600000000000 0.001265380257
1.400000000000 2.600000000000 0.004750649666
1.600000000000 2.600000000000 0.014451274010
1.800000000000 2.600000000000 0.038898150925
2.000000000000 2.600000000000 0.094998182470
2.200000000000 2.600000000000 0.202291550836
2.400000000000 2.600000000000 0.363587297485
2.600000000000 2.600000000000 0.546804788243
2.800000000000 2.600000000000 0.690983245017
3.000000000000 2.600000000000 0.739495676196
3.200000000000 2.600000000000 0.675175332303
3.400000000000 2.600000000000 0.528629438094
3.600000000000 2.600000000000 0.355768437274
3.800000000000 2.600000000000 0.205615138122
4.000000000000 2.600000000000 0.101519567284
4.200000000000 2.600000000000 0.042343678449
4.400000000000 2.600000000000 0.014615242082
4.600000000000 2.600000000000 0.004001906137
4.800000000000 2.600000000000 0.000777653543

0.000000000000 2.800000000000 0.000108350302
0.200000000000 2.800000000000 -0.000000502687
0.400000000000 2.800000000000 -0.000030095643
0.600000000000 2.800000000000 0.000014053737
0.800000000000 2.800000000000 0.000175415166
1.000000000000 2.800000000000 0.000446418919
1.200000000000 2.800000000000 0.001645638438
1.400000000000 2.800000000000 0.006122442011
1.600000000000 2.800000000000 0.018555938195
1.800000000000 2.800000000000 0.049822832633
2.000000000000 2.800000000000 0.121232699004
2.200000000000 2.800000000000 0.257122578872
2.400000000000 2.800000000000 0.460585205057
2.600000000000 2.800000000000 0.690983245017
2.800000000000 2.800000000000 0.871763002934
3.000000000000 2.800000000000 0.932101575655
3.200000000000 2.800000000000 0.850731642574
3.400000000000 2.800000000000 0.666188716363
3.600000000000 2.800000000000 0.448634879288
3.800000000000 2.800000000000 0.259583705336
4.000000000000 2.800000000000 0.128386252347
4.200000000000 2.800000000000 0.053681757662
4.400000000000 2.800000000000 0.018594316698
4.600000000000 2.800000000000 0.005119354352
4.800000000000 2.800000000000 0.001005848369

0.000000000000 3.000000000000 0.000123148943
0.200000000000 3.000000000000 -0.000000248006
0.400000000000 3.000000000000 -0.000031336942
0.600000000000 3.000000000000 0.000016425442
0.800000000000 3.000000000000 0.000188696559
1.000000000000 3.000000000000 0.000488819433
1.200000000000 3.000000000000 0.001801899784
1.400000000000 3.000000000000 0.006653573206
1.600000000000 3.000000000000 0.020108147581
1.800000000000 3.000000000000 0.053880031233
2.000000000000 3.000000000000 0.130706963919
2.200000000000 3.000000000000 0.276334056928
2.400000000000 3.000000000000 0.493750949557
2.600000000000 3.000000000000 0.739495676196
2.800000000000 3.000000000000 0.932101575655
3.000000000000 3.000000000000 0.996310555974
3.200000000000 3.000000000000 0.909532308809
3.400000000000 3.000000000000 0.712722291112
3.600000000000 3.000000000000 0.480519486202
3.800000000000 3.000000000000 0.278483954107
4.000000000000 3.000000000000 0.138036516571
4.200000000000 3.000000000000 0.057887123736
4.400000000000 3.000000000000 0.020132377253
4.600000000000 3.000000000000 0.005576524467
4.800000000000 3.000000000000 0.001108624071

0.000000000000 3.200000000000 0.000119983620
0.200000000000 3.200000000000 0.000000200472
0.400000000000 3.200000000000 -0.000027865960
0.600000000000 3.200000000000 0.000015868072
0.800000000000 3.200000000000 0.000172829444
1.000000000000 3.200000000000 0.000454947742
1.200000000000 3.200000000000 0.001675203205
1.400000000000 3.200000000000 0.006146884209
1.600000000000 3.200000000000 0.018535873574
1.800000000000 3.200000000000 0.049583532692
2.000000000000 3.200000000000 0.119982065028
2.200000000000 3.200000000000 0.253023724312
2.400000000000 3.200000000000 0.451273199914
2.600000000000 3.200000000000 0.675175332303
2.800000000000 3.200000000000 0.850731642574
3.000000000000 3.200000000000 0.909532308809
3.200000000000 3.200000000000 0.830890339554
3.400000000000 3.200000000000 0.651834464221
3.600000000000 3.200000000000 0.440156372476
3.800000000000 3.200000000000 0.255611000125
4.000000000000 3.200000000000 0.127029178665
4.200000000000 3.200000000000 0.053450546014
4.400000000000 3.200000000000 0.018673089875
4.600000000000 3.200000000000 0.005206386251
4.800000000000 3.200000000000 0.001047850679

0.000000000000 3.400000000000 0.000100724633
0.200000000000 3.400000000000 0.000000622546
0.400000000000 3.400000000000 -0.000021265199
0.600000000000 3.400000000000 0.000012847709
0.800000000000 3.400000000000 0.000135497506
1.000000000000 3.400000000000 0.000361972196
1.200000000000 3.400000000000 0.001330303543
1.400000000000 3.400000000000 0.004855260704
1.600000000000 3.400000000000 0.014616437346
1.800000000000 3.400000000000 0.039045302482
2.000000000000 3.400000000000 0.094285680100
2.200000000000 3.400000000000 0.198447363560
2.400000000000 3.400000000000 0.353495384519
2.600000000000 3.400000000000 0.528629438094
2.800000000000 3.400000000000 0.666188716363
3.000000000000 3.400000000000 0.712722291112
3.200000000000 3.400000000000 0.651834464221
3.400000000000 3.400000000000 0.512154817075
3.600000000000 3.400000000000 0.346515260692
3.800000000000 3.400000000000 0.201719519779
4.000000000000 3.400000000000 0.100547881761
4.200000000000 3.400000000000 0.042467731628
4.400000000000 3.400000000000 0.014909522756
4.600000000000 3.400000000000 0.004186522622
4.800000000000 3.400000000000 0.000853497949

0.000000000000 3.600000000000 0.000073081720
0.200000000000 3.600000000000 0.000000832442
0.400000000000 3.600000000000 -0.000013953619
0.600000000000 3.600000000000 0.000008777378
0.800000000000 3.600000000000 0.000091145989
1.000000000000 3.600000000000 0.000246890676
1.200000000000 3.600000000000 0.000905002491
1.400000000000 3.600000000000 0.003287822132
1.600000000000 3.600000000000 0.009885652410
1.800000000000 3.600000000000 0.026378702247
2.000000000000 3.600000000000 0.063590366584
2.200000000000 3.600000000000 0.133647043487
2.400000000000 3.600000000000 0.237895769249
2.600000000000 3.600000000000 0.355768437274
2.800000000000 3.600000000000 0.448634879288
3.000000000000 3.600000000000 0.480519486202
3.200000000000 3.600000000000 0.440156372476
3.400000000000 3.600000000000 0.346515260692
3.600000000000 3.600000000000 0.235002705620
3.800000000000 3.600000000000 0.137192361655
4.000000000000 3.600000000000 0.068618200557
4.200000000000 3.600000000000 0.029104257408
4.400000000000 3.600000000000 0.010273396295
4.600000000000 3.600000000000 0.002906846426
4.800000000000 3.600000000000 0.000600695353

0.000000000000 3.800000000000 0.000045852383
0.200000000000 3.800000000000 0.000000791535
0.400000000000 3.800000000000 -0.000007860894
0.600000000000 3.800000000000 0.000005063193
0.800000000000 3.800000000000 0.000052549046
1.000000000000 3.800000000000 0.000144265243
1.200000000000 3.800000000000 0.000527092052
1.400000000000 3.800000000000 0.001907206268
1.600000000000 3.800000000000 0.005729852647
1.800000000000 3.800000000000 0.015276435086
2.000000000000 3.800000000000 0.036776215462
2.200000000000 3.800000000000 0.077214925775
2.400000000000 3.800000000000 0.137416328279
2.600000000000 3.800000000000 0.205615138122
2.800000000000 3.800000000000 0.259583705336
3.000000000000 3.800000000000 0.278483954107
3.200000000000 3.800000000000 0.255611000125
3.400000000000 3.800000000000 0.201719519779
3.600000000000 3.800000000000 0.137192361655
3.800000000000 3.800000000000 0.080357263392
4.000000000000 3.800000000000 0.040349222380
4.200000000000 3.800000000000 0.017195555711
4.400000000000 3.800000000000 0.006106424709
4.600000000000 3.800000000000 0.001742309850
4.800000000000 3.800000000000 0.000365290297

0.000000000000 4.000000000000 0.000024809528
0.200000000000 4.000000000000 0.000000591643
0.400000000000 4.000000000000 -0.000003779347
0.600000000000 4.000000000000 0.000002450603
0.800000000000 4.000000000000 0.000025821731
1.000000000000 4.000000000000 0.000071849926
1.200000000000 4.000000000000 0.000261459868
1.400000000000 4.000000000000 0.000942703970
1.600000000000 4.000000000000 0.002831082223
1.800000000000 4.000000000000 0.007543493027
2.000000000000 4.000000000000 0.018141195484
2.200000000000 4.000000000000 0.038068561502
2.400000000000 4.000000000000 0.067771766070
2.600000000000 4.000000000000 0.101519567284
2.800000000000 4.000000000000 0.128386252347
3.000000000000 4.000000000000 0.138036516571
3.200000000000 4.000000000000 0.127029178665
3.400000000000 4.000000000000 0.100547881761
3.600000000000 4.000000000000 0.068618200557
3.800000000000 4.000000000000 0.040349222380
4.000000000000 4.000000000000 0.020352819190
4.200000000000 4.000000000000 0.008721153751
4.400000000000 4.000000000000 0.003118198590
4.600000000000 4.000000000000 0.000898035361
4.800000000000 4.000000000000 0.000191271092

0.000000000000 4.200000000000 0.000011495686
0.200000000000 4.200000000000 0.000000359816
0.400000000000 4.200000000000 -0.000001531622
0.600000000000 4.200000000000 0.000000979357
0.800000000000 4.200000000000 0.000010685397
1.000000000000 4.200000000000 0.000030154726
1.200000000000 4.200000000000 0.000109186106
1.400000000000 4.200000000000 0.000392439333
1.600000000000 4.200000000000 0.001178671461
1.800000000000 4.200000000000 0.003139660911
2.000000000000 4.200000000000 0.007545353895
2.200000000000 4.200000000000 0.015833514436
2.400000000000 4.200000000000 0.028215699795
2.600000000000 4.200000000000 0.042343678449
2.800000000000 4.200000000000 0.053681757662
3.000000000000 4.200000000000 0.057887123736
3.200000000000 4.200000000000 0.053450546014
3.400000000000 4.200000000000 0.042467731628
3.600000000000 4.200000000000 0.029104257408
3.800000000000 4.200000000000 0.017195555711
4.000000000000 4.200000000000 0.008721153751
4.200000000000 4.200000000000 0.003761144445
4.400000000000 4.200000000000 0.001355499380
4.600000000000 4.200000000000 0.000394586760
4.800000000000 4.200000000000 0.000085540059

0.000000000000 4.400000000000 0.000004501434
0.200000000000 4.400000000000 0.000000179688
0.400000000000 4.400000000000 -0.000000511377
0.600000000000 4.400000000000 0.000000312955
0.800000000000 4.400000000000 0.000003641920
1.000000000000 4.400000000000 0.000010441407
1.200000000000 4.400000000000 0.000037565605
1.400000000000 4.400000000000 0.000134640434
1.600000000000 4.400000000000 0.000404686239
1.800000000000 4.400000000000 0.001078071570
2.000000000000 4.400000000000 0.002590234484
2.200000000000 4.400000000000 0.005439186082
2.400000000000 4.400000000000 0.009711124977
2.600000000000 4.400000000000 0.014615242082
2.800000000000 4.400000000000 0.018594316698
3.000000000000 4.400000000000 0.020132377253
3.200000000000 4.400000000000 0.018673089875
3.400000000000 4.400000000000 0.014909522756
3.600000000000 4.400000000000 0.010273396295
3.800000000000 4.400000000000 0.006106424709
4.000000000000 4.400000000000 0.003118198590
4.200000000000 4.400000000000 0.001355499380
4.400000000000 4.400000000000 0.000493261746
4.600000000000 4.400000000000 0.000145444068
4.800000000000 4.400000000000 0.000032186818

0.000000000000 4.600000000000 0.000001453532
0.200000000000 4.600000000000 0.000000073293
0.400000000000 4.600000000000 -0.000000133969
0.600000000000 4.600000000000 0.000000074106
0.800000000000 4.600000000000 0.000000976329
1.000000000000 4.600000000000 0.000002856933
1.200000000000 4.600000000000 0.000010184929
1.400000000000 4.600000000000 0.000036405028
1.600000000000 4.600000000000 0.000109615503
1.800000000000 4.600000000000 0.000292210317
2.000000000000 4.600000000000 0.000702336780
2.200000000000 4.600000000000 0.001477416007
2.400000000000 4.600000000000 0.002646775697
2.600000000000 4.600000000000 0.004001906137
2.800000000000 4.600000000000 0.005119354352
3.000000000000 4.600000000000 0.005576524467
3.200000000000 4.600000000000 0.005206386251
3.400000000000 4.600000000000 0.004186522622
3.600000000000 4.600000000000 0.002906846426
3.800000000000 4.600000000000 0.001742309850
4.000000000000 4.600000000000 0.000898035361
4.200000000000 4.600000000000 0.000394586760
4.400000000000 4.600000000000 0.000145444068
4.600000000000 4.600000000000 0.000043608862
4.800000000000 4.600000000000 0.000009905173

0.000000000000 4.800000000000 0.000000366978
0.200000000000 4.800000000000 0.000000023923
0.400000000000 4.800000000000 -0.000000024165
0.600000000000 4.800000000000 0.000000009416
0.800000000000 4.800000000000 0.000000181041
1.000000000000 4.800000000000 0.000000547914
1.200000000000 4.800000000000 0.000001919046
1.400000000000 4.800000000000 0.000006844790
1.600000000000 4.800000000000 0.000020713275
1.800000000000 4.800000000000 0.000055356809
2.000000000000 4.800000000000 0.000133363654
2.200000000000 4.800000000000 0.000281985411
2.400000000000 4.800000000000 0.000509242522
2.600000000000 4.800000000000 0.000777653543
2.800000000000 4.800000000000 0.001005848369
3.000000000000 4.800000000000 0.001108624071
3.200000000000 4.800000000000 0.001047850679
3.400000000000 4.800000000000 0.000853497949
3.600000000000 4.800000000000 0.000600695353
3.800000000000 4.800000000000 0.000365290297
4.000000000000 4.800000000000 0.000191271092
4.200000000000 4.800000000000 0.000085540059
4.400000000000 4.800000000000 0.000032186818
4.600000000000 4.800000000000 0.000009905173
4.800000000000 4.800000000000 0.000002338636

