# x y u
0.000000000000 0.000000000000 0.005415145218
0.200000000000 0.000000000000 0.005763963977
0.400000000000 0.000000000000 0.006803228532
0.600000000000 0.000000000000 0.008508311230
0.800000000000 0.000000000000 0.010828974836
1.000000000000 0.000000000000 0.013678811731
1.200000000000 0.000000000000 0.016926158791
1.400000000000 0.000000000000 0.020390550489
1.600000000000 0.000000000000 0.023847907178
1.800000000000 0.000000000000 0.027045826541
2.000000000000 0.000000000000 0.029727919034
2.200000000000 0.000000000000 0.031663682603
2.400000000000 0.000000000000 0.032678609320
2.600000000000 0.000000000000 0.032678609320
2.800000000000 0.000000000000 0.031663682603
3.000000000000 0.000000000000 0.029727919034
3.200000000000 0.000000000000 0.027045826541
3.400000000000 0.000000000000 0.023847907178
3.600000000000 0.000000000000 0.020390550489
3.800000000000 0.000000000000 0.016926158791
4.000000000000 0.000000000000 0.013678811731
4.200000000000 0.000000000000 0.010828974836
4.400000000000 0.000000000000 0.008508311230
4.600000000000 0.000000000000 0.006803228532
4.800000000000 0.000000000000 0.005763963977

0.000000000000 0.200000000000 0.005763963977
0.200000000000 0.200000000000 0.006135252428
0.400000000000 0.200000000000 0.007241462729
0.600000000000 0.200000000000 0.009056380633
0.800000000000 0.200000000000 0.011526532569
1.000000000000 0.200000000000 0.014559944610
1.200000000000 0.200000000000 0.018016472211
1.400000000000 0.200000000000 0.021704024891
1.600000000000 0.200000000000 0.025384088768
1.800000000000 0.200000000000 0.028788003033
2.000000000000 0.200000000000 0.031642862936
2.200000000000 0.200000000000 0.033703318830
2.400000000000 0.200000000000 0.034783622050
2.600000000000 0.200000000000 0.034783622050
2.800000000000 0.200000000000 0.033703318830
3.000000000000 0.200000000000 0.031642862936
3.200000000000 0.200000000000 0.028788003033
3.400000000000 0.200000000000 0.025384088768
3.600000000000 0.200000000000 0.021704024891
3.800000000000 0.200000000000 0.018016472211
4.000000000000 0.200000000000 0.014559944610
4.200000000000 0.200000000000 0.011526532569
4.400000000000 0.200000000000 0.009056380633
4.600000000000 0.200000000000 0.007241462729
4.800000000000 0.200000000000 0.006135252428

0.000000000000 0.400000000000 0.006803228532
0.200000000000 0.400000000000 0.007241462729
0.400000000000 0.400000000000 0.008547129832
0.600000000000 0.400000000000 0.010689288500
0.800000000000 0.400000000000 0.013604822842
1.000000000000 0.400000000000 0.017185174767
1.200000000000 0.400000000000 0.021264930324
1.400000000000 0.400000000000 0.025617363879
1.600000000000 0.400000000000 0.029960956521
1.800000000000 0.400000000000 0.033978607269
2.000000000000 0.400000000000 0.037348206378
2.200000000000 0.400000000000 0.039780167658
2.400000000000 0.400000000000 0.041055252089
2.600000000000 0.400000000000 0.041055252089
2.800000000000 0.400000000000 0.039780167658
3.000000000000 0.400000000000 0.037348206378
3.200000000000 0.400000000000 0.033978607269
3.400000000000 0.400000000000 0.029960956521
3.600000000000 0.400000000000 0.025617363879
3.800000000000 0.400000000000 0.021264930324
4.000000000000 0.400000000000 0.017185174767
4.200000000000 0.400000000000 0.013604822842
4.400000000000 0.400000000000 0.010689288500
4.600000000000 0.400000000000 0.008547129832
4.800000000000 0.400000000000 0.007241462729

0.000000000000 0.600000000000 0.008508311230
0.200000000000 0.600000000000 0.009056380633
0.400000000000 0.600000000000 0.010689288500
0.600000000000 0.600000000000 0.013368337847
0.800000000000 0.600000000000 0.017014592916
1.000000000000 0.600000000000 0.021492286532
1.200000000000 0.600000000000 0.026594546180
1.400000000000 0.600000000000 0.032037821727
1.600000000000 0.600000000000 0.037470037727
1.800000000000 0.600000000000 0.042494619531
2.000000000000 0.600000000000 0.046708728965
2.200000000000 0.600000000000 0.049750202963
2.400000000000 0.600000000000 0.051344856422
2.600000000000 0.600000000000 0.051344856422
2.800000000000 0.600000000000 0.049750202963
3.000000000000 0.600000000000 0.046708728965
3.200000000000 0.600000000000 0.042494619531
3.400000000000 0.600000000000 0.037470037727
3.600000000000 0.600000000000 0.032037821727
3.800000000000 0.600000000000 0.026594546180
4.000000000000 0.600000000000 0.021492286532
4.200000000000 0.600000000000 0.017014592916
4.400000000000 0.600000000000 0.013368337847
4.600000000000 0.600000000000 0.010689288500
4.800000000000 0.600000000000 0.009056380633

0.000000000000 0.800000000000 0.010828974836
0.200000000000 0.800000000000 0.011526532569
0.400000000000 0.800000000000 0.013604822842
0.600000000000 0.800000000000 0.017014592916
0.800000000000 0.800000000000 0.021655375611
1.000000000000 0.800000000000 0.027354371350
1.200000000000 0.800000000000 0.033848281412
1.400000000000 0.800000000000 0.040776216185
1.600000000000 0.800000000000 0.047690071280
1.800000000000 0.800000000000 0.054085106832
2.000000000000 0.800000000000 0.059448611792
2.200000000000 0.800000000000 0.063319644698
2.400000000000 0.800000000000 0.065349237899
2.600000000000 0.800000000000 0.065349237899
2.800000000000 0.800000000000 0.063319644698
3.000000000000 0.800000000000 0.059448611792
3.200000000000 0.800000000000 0.054085106832
3.400000000000 0.800000000000 0.047690071280
3.600000000000 0.800000000000 0.040776216185
3.800000000000 0.800000000000 0.033848281412
4.000000000000 0.800000000000 0.027354371350
4.200000000000 0.800000000000 0.021655375611
4.400000000000 0.800000000000 0.017014592916
4.600000000000 0.800000000000 0.013604822842
4.800000000000 0.800000000000 0.011526532569

0.000000000000 1.000000000000 0.013678811731
0.200000000000 1.000000000000 0.014559944610
0.400000000000 1.000000000000 0.017185174767
0.600000000000 1.000000000000 0.021492286532
0.800000000000 1.000000000000 0.027354371350
1.000000000000 1.000000000000 0.034553152719
1.200000000000 1.000000000000 0.042756039055
1.400000000000 1.000000000000 0.051507166092
1.600000000000 1.000000000000 0.060240503919
1.800000000000 1.000000000000 0.068318483751
2.000000000000 1.000000000000 0.075093468717
2.200000000000 1.000000000000 0.079983215837
2.400000000000 1.000000000000 0.082546923295
2.600000000000 1.000000000000 0.082546923295
2.800000000000 1.000000000000 0.079983215837
3.000000000000 1.000000000000 0.075093468717
3.200000000000 1.000000000000 0.068318483751
3.400000000000 1.000000000000 0.060240503919
3.600000000000 1.000000000000 0.051507166092
3.800000000000 1.000000000000 0.042756039055
4.000000000000 1.000000000000 0.034553152719
4.200000000000 1.000000000000 0.027354371350
4.400000000000 1.000000000000 0.021492286532
4.600000000000 1.000000000000 0.017185174767
4.800000000000 1.000000000000 0.014559944610

0.000000000000 1.200000000000 0.016926158791
0.200000000000 1.200000000000 0.018016472211
0.400000000000 1.200000000000 0.021264930324
0.600000000000 1.200000000000 0.026594546180
0.800000000000 1.200000000000 0.033848281412
1.000000000000 1.200000000000 0.042756039055
1.200000000000 1.200000000000 0.052906269367
1.400000000000 1.200000000000 0.063734886223
1.600000000000 1.200000000000 0.074541486038
1.800000000000 1.200000000000 0.084537144460
2.000000000000 1.200000000000 0.092920479855
2.200000000000 1.200000000000 0.098971029160
2.400000000000 1.200000000000 0.102143347847
2.600000000000 1.200000000000 0.102143347847
2.800000000000 1.200000000000 0.098971029160
3.000000000000 1.200000000000 0.092920479855
3.200000000000 1.200000000000 0.084537144460
3.400000000000 1.200000000000 0.074541486038
3.600000000000 1.200000000000 0.063734886223
3.800000000000 1.200000000000 0.052906269367
4.000000000000 1.200000000000 0.042756039055
4.200000000000 1.200000000000 0.033848281412
4.400000000000 1.200000000000 0.026594546180
4.600000000000 1.200000000000 0.021264930324
4.800000000000 1.200000000000 0.018016472211

0.000000000000 1.400000000000 0.020390550489
0.200000000000 1.400000000000 0.021704024891
0.400000000000 1.400000000000 0.025617363879
0.600000000000 1.400000000000 0.032037821727
0.800000000000 1.400000000000 0.040776216185
1.000000000000 1.400000000000 0.051507166092
1.200000000000 1.400000000000 0.063734886223
1.400000000000 1.400000000000 0.076779835688
1.600000000000 1.400000000000 0.089798256783
1.800000000000 1.400000000000 0.101839754450
2.000000000000 1.400000000000 0.111938927653
2.200000000000 1.400000000000 0.119227856230
2.400000000000 1.400000000000 0.123049459901
2.600000000000 1.400000000000 0.123049459901
2.800000000000 1.400000000000 0.119227856230
3.000000000000 1.400000000000 0.111938927653
3.200000000000 1.400000000000 0.101839754450
3.400000000000 1.400000000000 0.089798256783
3.600000000000 1.400000000000 0.076779835688
3.800000000000 1.400000000000 0.063734886223
4.000000000000 1.400000000000 0.051507166092
4.200000000000 1.400000000000 0.040776216185
4.400000000000 1.400000000000 0.032037821727
4.600000000000 1.400000000000 0.025617363879
4.800000000000 1.400000000000 0.021704024891

0.000000000000 1.600000000000 0.023847907178
0.200000000000 1.600000000000 0.025384088768
0.400000000000 1.600000000000 0.029960956521
0.600000000000 1.600000000000 0.037470037727
0.800000000000 1.600000000000 0.047690071280
1.000000000000 1.600000000000 0.060240503919
1.200000000000 1.600000000000 0.074541486038
1.400000000000 1.600000000000 0.089798256783
1.600000000000 1.600000000000 0.105023996139
1.800000000000 1.600000000000 0.119107167249
2.000000000000 1.600000000000 0.130918683941
2.200000000000 1.600000000000 0.139443469564
2.400000000000 1.600000000000 0.143913035729
2.600000000000 1.600000000000 0.143913035729
2.800000000000 1.600000000000 0.139443469564
3.000000000000 1.600000000000 0.130918683941
3.200000000000 1.600000000000 0.119107167249
3.400000000000 1.600000000000 0.105023996139
3.600000000000 1.600000000000 0.089798256783
3.800000000000 1.600000000000 0.074541486038
4.000000000000 1.600000000000 0.060240503919
4.200000000000 1.600000000000 0.047690071280
4.400000000000 1.600000000000 0.037470037727
4.600000000000 1.600000000000 0.029960956521
4.800000000000 1.600000000000 0.025384088768

0.000000000000 1.800000000000 0.027045826541
0.200000000000 1.800000000000 0.028788003033
0.400000000000 1.800000000000 0.033978607269
0.600000000000 1.800000000000 0.042494619531
0.800000000000 1.800000000000 0.054085106832
1.000000000000 1.800000000000 0.068318483751
1.200000000000 1.800000000000 0.084537144460
1.400000000000 1.800000000000 0.101839754450
1.600000000000 1.800000000000 0.119107167249
1.800000000000 1.800000000000 0.135078796980
2.000000000000 1.800000000000 0.148474156105
2.200000000000 1.800000000000 0.158142054948
2.400000000000 1.800000000000 0.163210957756
2.600000000000 1.800000000000 0.163210957756
2.800000000000 1.800000000000 0.158142054948
3.000000000000 1.800000000000 0.148474156105
3.200000000000 1.800000000000 0.135078796980
3.400000000000 1.800000000000 0.119107167249
3.600000000000 1.800000000000 0.101839754450
3.800000000000 1.800000000000 0.084537144460
4.000000000000 1.800000000000 0.068318483751
4.200000000000 1.800000000000 0.054085106832
4.400000000000 1.800000000000 0.042494619531
4.600000000000 1.800000000000 0.033978607269
4.800000000000 1.800000000000 0.028788003033

0.000000000000 2.000000000000 0.029727919034
0.200000000000 2.000000000000 0.031642862936
0.400000000000 2.000000000000 0.037348206378
0.600000000000 2.000000000000 0.046708728965
0.800000000000 2.000000000000 0.059448611792
1.000000000000 2.000000000000 0.075093468717
1.200000000000 2.000000000000 0.092920479855
1.400000000000 2.000000000000 0.111938927653
1.600000000000 2.000000000000 0.130918683941
1.800000000000 2.000000000000 0.148474156105
2.000000000000 2.000000000000 0.163197877062
2.200000000000 2.000000000000 0.173824499905
2.400000000000 2.000000000000 0.179396063659
2.600000000000 2.000000000000 0.179396063659
2.800000000000 2.000000000000 0.173824499905
3.000000000000 2.000000000000 0.163197877062
3.200000000000 2.000000000000 0.148474156105
3.400000000000 2.000000000000 0.130918683941
3.600000000000 2.000000000000 0.111938927653
3.800000000000 2.000000000000 0.092920479855
4.000000000000 2.000000000000 0.075093468717
4.200000000000 2.000000000000 0.059448611792
4.400000000000 2.000000000000 0.046708728965
4.600000000000 2.000000000000 0.037348206378
4.800000000000 2.000000000000 0.031642862936

0.000000000000 2.200000000000 0.031663682603
0.200000000000 2.200000000000 0.033703318830
0.400000000000 2.200000000000 0.039780167658
0.600000000000 2.200000000000 0.049750202963
0.800000000000 2.200000000000 0.063319644698
1.000000000000 2.200000000000 0.079983215837
1.200000000000 2.200000000000 0.098971029160
1.400000000000 2.200000000000 0.119227856230
1.600000000000 2.200000000000 0.139443469564
1.800000000000 2.200000000000 0.158142054948
2.000000000000 2.200000000000 0.173824499905
2.200000000000 2.200000000000 0.185143066454
2.400000000000 2.200000000000 0.191077417676
2.600000000000 2.200000000000 0.191077417676
2.800000000000 2.200000000000 0.185143066454
3.000000000000 2.200000000000 0.173824499905
3.200000000000 2.200000000000 0.158142054948
3.400000000000 2.200000000000 0.139443469564
3.600000000000 2.200000000000 0.119227856230
3.800000000000 2.200000000000 0.098971029160
4.000000000000 2.200000000000 0.079983215837
4.200000000000 2.200000000000 0.063319644698
4.400000000000 2.200000000000 0.049750202963
4.600000000000 2.200000000000 0.039780167658
4.800000000000 2.200000000000 0.033703318830

0.000000000000 2.400000000000 0.032678609320
0.200000000000 2.400000000000 0.034783622050
0.400000000000 2.400000000000 0.041055252089
0.600000000000 2.400000000000 0.051344856422
0.800000000000 2.400000000000 0.065349237899
1.000000000000 2.400000000000 0.082546923295
1.200000000000 2.400000000000 0.102143347847
1.400000000000 2.400000000000 0.123049459901
1.600000000000 2.400000000000 0.143913035729
1.800000000000 2.400000000000 0.163210957756
2.000000000000 2.400000000000 0.179396063659
2.200000000000 2.400000000000 0.191077417676
2.400000000000 2.400000000000 0.197201979088
2.600000000000 2.400000000000 0.197201979088
2.800000000000 2.400000000000 0.191077417676
3.000000000000 2.400000000000 0.179396063659
3.200000000000 2.400000000000 0.163210957756
3.400000000000 2.400000000000 0.143913035729
3.600000000000 2.400000000000 0.123049459901
3.800000000000 2.400000000000 0.102143347847
4.000000000000 2.400000000000 0.082546923295
4.200000000000 2.400000000000 0.065349237899
4.400000000000 2.400000000000 0.051344856422
4.600000000000 2.400000000000 0.041055252089
4.800000000000 2.400000000000 0.034783622050

0.000000000000 2.600000000000 0.032678609320
0.200000000000 2.600000000000 0.034783622050
0.400000000000 2.600000000000 0.041055252089
0.600000000000 2.600000000000 0.051344856422
0.800000000000 2.600000000000 0.065349237899
1.000000000000 2.600000000000 0.082546923295
1.200000000000 2.600000000000 0.102143347847
1.400000000000 2.600000000000 0.123049459901
1.600000000000 2.600000000000 0.143913035729
1.800000000000 2.600000000000 0.163210957756
2.000000000000 2.600000000000 0.179396063659
2.200000000000 2.600000000000 0.191077417676
2.400000000000 2.600000000000 0.197201979088
2.600000000000 2.600000000000 0.197201979088
2.800000000000 2.600000000000 0.191077417676
3.000000000000 2.600000000000 0.179396063659
3.200000000000 2.600000000000 0.163210957756
3.400000000000 2.600000000000 0.143913035729
3.600000000000 2.600000000000 0.123049459901
3.800000000000 2.600000000000 0.102143347847
4.000000000000 2.600000000000 0.082546923295
4.200000000000 2.600000000000 0.065349237899
4.400000000000 2.600000000000 0.051344856422
4.600000000000 2.600000000000 0.041055252089
4.800000000000 2.600000000000 0.034783622050

0.000000000000 2.800000000000 0.031663682603
0.200000000000 2.800000000000 0.033703318830
0.400000000000 2.800000000000 0.039780167658
0.600000000000 2.800000000000 0.049750202963
0.800000000000 2.800000000000 0.063319644698
1.000000000000 2.800000000000 0.079983215837
1.200000000000 2.800000000000 0.098971029160
1.400000000000 2.800000000000 0.119227856230
1.600000000000 2.800000000000 0.139443469564
1.800000000000 2.800000000000 0.158142054948
2.000000000000 2.800000000000 0.173824499905
2.200000000000 2.800000000000 0.185143066454
2.400000000000 2.800000000000 0.191077417676
2.600000000000 2.800000000000 0.191077417676
2.800000000000 2.800000000000 0.185143066454
3.000000000000 2.800000000000 0.173824499905
3.200000000000 2.800000000000 0.158142054948
3.400000000000 2.800000000000 0.139443469564
3.600000000000 2.800000000000 0.119227856230
3.800000000000 2.800000000000 0.098971029160
4.000000000000 2.800000000000 0.079983215837
4.200000000000 2.800000000000 0.063319644698
4.400000000000 2.800000000000 0.049750202963
4.600000000000 2.800000000000 0.039780167658
4.800000000000 2.800000000000 0.033703318830

0.000000000000 3.000000000000 0.029727919034
0.200000000000 3.000000000000 0.031642862936
0.400000000000 3.000000000000 0.037348206378
0.600000000000 3.000000000000 0.046708728965
0.800000000000 3.000000000000 0.059448611792
1.000000000000 3.000000000000 0.075093468717
1.200000000000 3.000000000000 0.092920479855
1.400000000000 3.000000000000 0.111938927653
1.600000000000 3.000000000000 0.130918683941
1.800000000000 3.000000000000 0.148474156105
2.000000000000 3.000000000000 0.163197877062
2.200000000000 3.000000000000 0.173824499905
2.400000000000 3.000000000000 0.179396063659
2.600000000000 3.000000000000 0.179396063659
2.800000000000 3.000000000000 0.173824499905
3.000000000000 3.000000000000 0.163197877062
3.200000000000 3.000000000000 0.148474156105
3.400000000000 3.000000000000 0.130918683941
3.600000000000 3.000000000000 0.111938927653
3.800000000000 3.000000000000 0.092920479855
4.000000000000 3.000000000000 0.075093468717
4.200000000000 3.000000000000 0.059448611792
4.400000000000 3.000000000000 0.046708728965
4.600000000000 3.000000000000 0.037348206378
4.800000000000 3.000000000000 0.031642862936

0.000000000000 3.200000000000 0.027045826541
0.200000000000 3.200000000000 0.028788003033
0.400000000000 3.200000000000 0.033978607269
0.600000000000 3.200000000000 0.042494619531
0.800000000000 3.200000000000 0.054085106832
1.000000000000 3.200000000000 0.068318483751
1.200000000000 3.200000000000 0.084537144460
1.400000000000 3.200000000000 0.101839754450
1.600000000000 3.200000000000 0.119107167249
1.800000000000 3.200000000000 0.135078796980
2.000000000000 3.200000000000 0.148474156105
2.200000000000 3.200000000000 0.158142054948
2.400000000000 3.200000000000 0.163210957756
2.600000000000 3.200000000000 0.163210957756
2.800000000000 3.200000000000 0.158142054948
3.000000000000 3.200000000000 0.148474156105
3.200000000000 3.200000000000 0.135078796980
3.400000000000 3.200000000000 0.119107167249
3.600000000000 3.200000000000 0.101839754450
3.800000000000 3.200000000000 0.084537144460
4.000000000000 3.200000000000 0.068318483751
4.200000000000 3.200000000000 0.054085106832
4.400000000000 3.200000000000 0.042494619531
4.600000000000 3.200000000000 0.033978607269
4.800000000000 3.200000000000 0.028788003033

0.000000000000 3.400000000000 0.023847907178
0.200000000000 3.400000000000 0.025384088768
0.400000000000 3.400000000000 0.029960956521
0.600000000000 3.400000000000 0.037470037727
0.800000000000 3.400000000000 0.047690071280
1.000000000000 3.400000000000 0.060240503919
1.200000000000 3.400000000000 0.074541486038
1.400000000000 3.400000000000 0.089798256783
1.600000000000 3.400000000000 0.105023996139
1.800000000000 3.400000000000 0.119107167249
2.000000000000 3.400000000000 0.130918683941
2.200000000000 3.400000000000 0.139443469564
2.400000000000 3.400000000000 0.143913035729
2.600000000000 3.400000000000 0.143913035729
2.800000000000 3.400000000000 0.139443469564
3.000000000000 3.400000000000 0.130918683941
3.200000000000 3.400000000000 0.119107167249
3.400000000000 3.400000000000 0.105023996139
3.600000000000 3.400000000000 0.089798256783
3.800000000000 3.400000000000 0.074541486038
4.000000000000 3.400000000000 0.060240503919
4.200000000000 3.400000000000 0.047690071280
4.400000000000 3.400000000000 0.037470037727
4.600000000000 3.400000000000 0.029960956521
4.800000000000 3.400000000000 0.025384088768

0.000000000000 3.600000000000 0.020390550489
0.200000000000 3.600000000000 0.021704024891
0.400000000000 3.600000000000 0.025617363879
0.600000000000 3.600000000000 0.032037821727
0.800000000000 3.600000000000 0.040776216185
1.000000000000 3.600000000000 0.051507166092
1.200000000000 3.600000000000 0.063734886223
1.400000000000 3.600000000000 0.076779835688
1.600000000000 3.600000000000 0.089798256783
1.800000000000 3.600000000000 0.101839754450
2.000000000000 3.600000000000 0.111938927653
2.200000000000 3.600000000000 0.119227856230
2.400000000000 3.600000000000 0.123049459901
2.600000000000 3.600000000000 0.123049459901
2.800000000000 3.600000000000 0.119227856230
3.000000000000 3.600000000000 0.111938927653
3.200000000000 3.600000000000 0.101839754450
3.400000000000 3.600000000000 0.089798256783
3.600000000000 3.600000000000 0.076779835688
3.800000000000 3.600000000000 0.063734886223
4.000000000000 3.600000000000 0.051507166092
4.200000000000 3.600000000000 0.040776216185
4.400000000000 3.600000000000 0.032037821727
4.600000000000 3.600000000000 0.025617363879
4.800000000000 3.600000000000 0.021704024891

0.000000000000 3.800000000000 0.016926158791
0.200000000000 3.800000000000 0.018016472211
0.400000000000 3.800000000000 0.021264930324
0.600000000000 3.800000000000 0.026594546180
0.800000000000 3.800000000000 0.033848281412
1.000000000000 3.800000000000 0.042756039055
1.200000000000 3.800000000000 0.052906269367
1.400000000000 3.800000000000 0.063734886223
1.600000000000 3.800000000000 0.074541486038
1.800000000000 3.800000000000 0.084537144460
2.000000000000 3.800000000000 0.092920479855
2.200000000000 3.800000000000 0.098971029160
2.400000000000 3.800000000000 0.102143347847
2.600000000000 3.800000000000 0.102143347847
2.800000000000 3.800000000000 0.098971029160
3.000000000000 3.800000000000 0.092920479855
3.200000000000 3.800000000000 0.084537144460
3.400000000000 3.800000000000 0.074541486038
3.600000000000 3.800000000000 0.063734886223
3.800000000000 3.800000000000 0.052906269367
4.000000000000 3.800000000000 0.042756039055
4.200000000000 3.800000000000 0.033848281412
4.400000000000 3.800000000000 0.026594546180
4.600000000000 3.800000000000 0.021264930324
4.800000000000 3.800000000000 0.018016472211

0.000000000000 4.000000000000 0.013678811731
0.200000000000 4.000000000000 0.014559944610
0.400000000000 4.000000000000 0.017185174767
0.600000000000 4.000000000000 0.021492286532
0.800000000000 4.000000000000 0.027354371350
1.000000000000 4.000000000000 0.034553152719
1.200000000000 4.000000000000 0.042756039055
1.400000000000 4.000000000000 0.051507166092
1.600000000000 4.000000000000 0.060240503919
1.800000000000 4.000000000000 0.068318483751
2.000000000000 4.000000000000 0.075093468717
2.200000000000 4.000000000000 0.079983215837
2.400000000000 4.000000000000 0.082546923295
2.600000000000 4.000000000000 0.082546923295
2.800000000000 4.000000000000 0.079983215837
3.000000000000 4.000000000000 0.075093468717
3.200000000000 4.000000000000 0.068318483751
3.400000000000 4.000000000000 0.060240503919
3.600000000000 4.000000000000 0.051507166092
3.800000000000 4.000000000000 0.042756039055
4.000000000000 4.000000000000 0.034553152719
4.200000000000 4.000000000000 0.027354371350
4.400000000000 4.000000000000 0.021492286532
4.600000000000 4.000000000000 0.017185174767
4.800000000000 4.000000000000 0.014559944610

0.000000000000 4.200000000000 0.010828974836
0.200000000000 4.200000000000 0.011526532569
0.400000000000 4.200000000000 0.013604822842
0.600000000000 4.200000000000 0.017014592916
0.800000000000 4.200000000000 0.021655375611
1.000000000000 4.200000000000 0.027354371350
1.200000000000 4.200000000000 0.033848281412
1.400000000000 4.200000000000 0.040776216185
1.600000000000 4.200000000000 0.047690071280
1.800000000000 4.200000000000 0.054085106832
2.000000000000 4.200000000000 0.059448611792
2.200000000000 4.200000000000 0.063319644698
2.400000000000 4.200000000000 0.065349237899
2.600000000000 4.200000000000 0.065349237899
2.800000000000 4.200000000000 0.063319644698
3.000000000000 4.200000000000 0.059448611792
3.200000000000 4.200000000000 0.054085106832
3.400000000000 4.200000000000 0.047690071280
3.600000000000 4.200000000000 0.040776216185
3.800000000000 4.200000000000 0.033848281412
4.000000000000 4.200000000000 0.027354371350
4.200000000000 4.200000000000 0.021655375611
4.400000000000 4.200000000000 0.017014592916
4.600000000000 4.200000000000 0.013604822842
4.800000000000 4.200000000000 0.011526532569

0.000000000000 4.400000000000 0.008508311230
0.200000000000 4.400000000000 0.009056380633
0.400000000000 4.400000000000 0.010689288500
0.600000000000 4.400000000000 0.013368337847
0.800000000000 4.400000000000 0.017014592916
1.000000000000 4.400000000000 0.021492286532
1.200000000000 4.400000000000 0.026594546180
1.400000000000 4.400000000000 0.032037821727
1.600000000000 4.400000000000 0.037470037727
1.800000000000 4.400000000000 0.042494619531
2.000000000000 4.400000000000 0.046708728965
2.200000000000 4.400000000000 0.049750202963
2.400000000000 4.400000000000 0.051344856422
2.600000000000 4.400000000000 0.051344856422
2.800000000000 4.400000000000 0.049750202963
3.000000000000 4.400000000000 0.046708728965
3.200000000000 4.400000000000 0.042494619531
3.400000000000 4.400000000000 0.037470037727
3.600000000000 4.400000000000 0.032037821727
3.800000000000 4.400000000000 0.026594546180
4.000000000000 4.400000000000 0.021492286532
4.200000000000 4.400000000000 0.017014592916
4.400000000000 4.400000000000 0.013368337847
4.600000000000 4.400000000000 0.010689288500
4.800000000000 4.400000000000 0.009056380633

0.000000000000 4.600000000000 0.006803228532
0.200000000000 4.600000000000 0.007241462729
0.400000000000 4.600000000000 0.008547129832
0.600000000000 4.600000000000 0.010689288500
0.800000000000 4.600000000000 0.013604822842
1.000000000000 4.600000000000 0.017185174767
1.200000000000 4.600000000000 0.021264930324
1.400000000000 4.600000000000 0.025617363879
1.600000000000 4.600000000000 0.029960956521
1.800000000000 4.600000000000 0.033978607269
2.000000000000 4.600000000000 0.037348206378
2.200000000000 4.600000000000 0.039780167658
2.400000000000 4.600000000000 0.041055252089
2.600000000000 4.600000000000 0.041055252089
2.800000000000 4.600000000000 0.039780167658
3.000000000000 4.600000000000 0.037348206378
3.200000000000 4.600000000000 0.033978607269
3.400000000000 4.600000000000 0.029960956521
3.600000000000 4.600000000000 0.025617363879
3.800000000000 4.600000000000 0.021264930324
4.000000000000 4.600000000000 0.017185174767
4.200000000000 4.600000000000 0.013604822842
4.400000000000 4.600000000000 0.010689288500
4.600000000000 4.600000000000 0.008547129832
4.800000000000 4.600000000000 0.007241462729

0.000000000000 4.800000000000 0.005763963977
0.200000000000 4.800000000000 0.006135252428
0.400000000000 4.800000000000 0.007241462729
0.600000000000 4.800000000000 0.009056380633
0.800000000000 4.800000000000 0.011526532569
1.000000000000 4.800000000000 0.014559944610
1.200000000000 4.800000000000 0.018016472211
1.400000000000 4.800000000000 0.021704024891
1.600000000000 4.800000000000 0.025384088768
1.800000000000 4.800000000000 0.028788003033
2.000000000000 4.800000000000 0.031642862936
2.200000000000 4.800000000000 0.033703318830
2.400000000000 4.800000000000 0.034783622050
2.600000000000 4.800000000000 0.034783622050
2.800000000000 4.800000000000 0.033703318830
3.000000000000 4.800000000000 0.031642862936
3.200000000000 4.800000000000 0.028788003033
3.400000000000 4.800000000000 0.025384088768
3.600000000000 4.800000000000 0.021704024891
3.800000000000 4.800000000000 0.018016472211
4.000000000000 4.800000000000 0.014559944610
4.200000000000 4.800000000000 0.011526532569
4.400000000000 4.800000000000 0.009056380633
4.600000000000 4.800000000000 0.007241462729
4.800000000000 4.800000000000 0.006135252428

