# x y u
0.000000000000 0.000000000000 0.013852084595
0.200000000000 0.000000000000 0.014316777836
0.400000000000 0.000000000000 0.015688310522
0.600000000000 0.000000000000 0.017898824089
0.800000000000 0.000000000000 0.020834907938
1.000000000000 0.000000000000 0.024338450196
1.200000000000 0.000000000000 0.028210062922
1.400000000000 0.000000000000 0.032216468856
1.600000000000 0.000000000000 0.036102661684
1.800000000000 0.000000000000 0.039608707595
2.000000000000 0.000000000000 0.042489956170
2.200000000000 0.000000000000 0.044538441036
2.400000000000 0.000000000000 0.045602632176
2.600000000000 0.000000000000 0.045602632176
2.800000000000 0.000000000000 0.044538441036
3.000000000000 0.000000000000 0.042489956170
3.200000000000 0.000000000000 0.039608707595
3.400000000000 0.000000000000 0.036102661684
3.600000000000 0.000000000000 0.032216468856
3.800000000000 0.000000000000 0.028210062922
4.000000000000 0.000000000000 0.024338450196
4.200000000000 0.000000000000 0.020834907938
4.400000000000 0.000000000000 0.017898824089
4.600000000000 0.000000000000 0.015688310522
4.800000000000 0.000000000000 0.014316777836

0.000000000000 0.200000000000 0.014316777836
0.200000000000 0.200000000000 0.014797059956
0.400000000000 0.200000000000 0.016214602881
0.600000000000 0.200000000000 0.018499271571
0.800000000000 0.200000000000 0.021533850813
1.000000000000 0.200000000000 0.025154924557
1.200000000000 0.200000000000 0.029156416036
1.400000000000 0.200000000000 0.033297222344
1.600000000000 0.200000000000 0.037313782640
1.800000000000 0.200000000000 0.040937443330
2.000000000000 0.200000000000 0.043915346954
2.200000000000 0.200000000000 0.046032550723
2.400000000000 0.200000000000 0.047132441423
2.600000000000 0.200000000000 0.047132441423
2.800000000000 0.200000000000 0.046032550723
3.000000000000 0.200000000000 0.043915346954
3.200000000000 0.200000000000 0.040937443330
3.400000000000 0.200000000000 0.037313782640
3.600000000000 0.200000000000 0.033297222344
3.800000000000 0.200000000000 0.029156416036
4.000000000000 0.200000000000 0.025154924557
4.200000000000 0.200000000000 0.021533850813
4.400000000000 0.200000000000 0.018499271571
4.600000000000 0.200000000000 0.016214602881
4.800000000000 0.200000000000 0.014797059956

0.000000000000 0.400000000000 0.015688310522
0.200000000000 0.400000000000 0.016214602881
0.400000000000 0.400000000000 0.017767944034
0.600000000000 0.400000000000 0.020271479965
0.800000000000 0.400000000000 0.023596766231
1.000000000000 0.400000000000 0.027564731602
1.200000000000 0.400000000000 0.031949557390
1.400000000000 0.400000000000 0.036487043464
1.600000000000 0.400000000000 0.040888380477
1.800000000000 0.400000000000 0.044859178601
2.000000000000 0.400000000000 0.048122357471
2.200000000000 0.400000000000 0.050442383562
2.400000000000 0.400000000000 0.051647640726
2.600000000000 0.400000000000 0.051647640726
2.800000000000 0.400000000000 0.050442383562
3.000000000000 0.400000000000 0.048122357471
3.200000000000 0.400000000000 0.044859178601
3.400000000000 0.400000000000 0.040888380477
3.600000000000 0.400000000000 0.036487043464
3.800000000000 0.400000000000 0.031949557390
4.000000000000 0.400000000000 0.027564731602
4.200000000000 0.400000000000 0.023596766231
4.400000000000 0.400000000000 0.020271479965
4.600000000000 0.400000000000 0.017767944034
4.800000000000 0.400000000000 0.016214602881

0.000000000000 0.600000000000 0.017898824089
0.200000000000 0.600000000000 0.018499271571
0.400000000000 0.600000000000 0.020271479965
0.600000000000 0.600000000000 0.023127766212
0.800000000000 0.600000000000 0.026921587605
1.000000000000 0.600000000000 0.031448641308
1.200000000000 0.600000000000 0.036451290400
1.400000000000 0.600000000000 0.041628108733
1.600000000000 0.600000000000 0.046649593732
1.800000000000 0.600000000000 0.051179876258
2.000000000000 0.600000000000 0.054902835689
2.200000000000 0.600000000000 0.057549752250
2.400000000000 0.600000000000 0.058924829441
2.600000000000 0.600000000000 0.058924829441
2.800000000000 0.600000000000 0.057549752250
3.000000000000 0.600000000000 0.054902835689
3.200000000000 0.600000000000 0.051179876258
3.400000000000 0.600000000000 0.046649593732
3.600000000000 0.600000000000 0.041628108733
3.800000000000 0.600000000000 0.036451290400
4.000000000000 0.600000000000 0.031448641308
4.200000000000 0.600000000000 0.026921587605
4.400000000000 0.600000000000 0.023127766212
4.600000000000 0.600000000000 0.020271479965
4.800000000000 0.600000000000 0.018499271571

0.000000000000 0.800000000000 0.020834907938
0.200000000000 0.800000000000 0.021533850813
0.400000000000 0.800000000000 0.023596766231
0.600000000000 0.800000000000 0.026921587605
0.800000000000 0.800000000000 0.031337733468
1.000000000000 0.800000000000 0.036607387482
1.200000000000 0.800000000000 0.042430650631
1.400000000000 0.800000000000 0.048456651899
1.600000000000 0.800000000000 0.054301838572
1.800000000000 0.800000000000 0.059575247291
2.000000000000 0.800000000000 0.063908902857
2.200000000000 0.800000000000 0.066990006411
2.400000000000 0.800000000000 0.068590644307
2.600000000000 0.800000000000 0.068590644307
2.800000000000 0.800000000000 0.066990006411
3.000000000000 0.800000000000 0.063908902857
3.200000000000 0.800000000000 0.059575247291
3.400000000000 0.800000000000 0.054301838572
3.600000000000 0.800000000000 0.048456651899
3.800000000000 0.800000000000 0.042430650631
4.000000000000 0.800000000000 0.036607387482
4.200000000000 0.800000000000 0.031337733468
4.400000000000 0.800000000000 0.026921587605
4.600000000000 0.800000000000 0.023596766231
4.800000000000 0.800000000000 0.021533850813

0.000000000000 1.000000000000 0.024338450196
0.200000000000 1.000000000000 0.025154924557
0.400000000000 1.000000000000 0.027564731602
0.600000000000 1.000000000000 0.031448641308
0.800000000000 1.000000000000 0.036607387482
1.000000000000 1.000000000000 0.042763163135
1.200000000000 1.000000000000 0.049565639204
1.400000000000 1.000000000000 0.056604943650
1.600000000000 1.000000000000 0.063433027442
1.800000000000 1.000000000000 0.069593185047
2.000000000000 1.000000000000 0.074655564877
2.200000000000 1.000000000000 0.078254769931
2.400000000000 1.000000000000 0.080124562220
2.600000000000 1.000000000000 0.080124562220
2.800000000000 1.000000000000 0.078254769931
3.000000000000 1.000000000000 0.074655564877
3.200000000000 1.000000000000 0.069593185047
3.400000000000 1.000000000000 0.063433027442
3.600000000000 1.000000000000 0.056604943650
3.800000000000 1.000000000000 0.049565639204
4.000000000000 1.000000000000 0.042763163135
4.200000000000 1.000000000000 0.036607387482
4.400000000000 1.000000000000 0.031448641308
4.600000000000 1.000000000000 0.027564731602
4.800000000000 1.000000000000 0.025154924557

0.000000000000 1.200000000000 0.028210062922
0.200000000000 1.200000000000 0.029156416036
0.400000000000 1.200000000000 0.031949557390
0.600000000000 1.200000000000 0.036451290400
0.800000000000 1.200000000000 0.042430650631
1.000000000000 1.200000000000 0.049565639204
1.200000000000 1.200000000000 0.057450199056
1.400000000000 1.200000000000 0.065609258786
1.600000000000 1.200000000000 0.073523497417
1.800000000000 1.200000000000 0.080663560755
2.000000000000 1.200000000000 0.086531220466
2.200000000000 1.200000000000 0.090702955783
2.400000000000 1.200000000000 0.092870178269
2.600000000000 1.200000000000 0.092870178269
2.800000000000 1.200000000000 0.090702955783
3.000000000000 1.200000000000 0.086531220466
3.200000000000 1.200000000000 0.080663560755
3.400000000000 1.200000000000 0.073523497417
3.600000000000 1.200000000000 0.065609258786
3.800000000000 1.200000000000 0.057450199056
4.000000000000 1.200000000000 0.049565639204
4.200000000000 1.200000000000 0.042430650631
4.400000000000 1.200000000000 0.036451290400
4.600000000000 1.200000000000 0.031949557390
4.800000000000 1.200000000000 0.029156416036

0.000000000000 1.400000000000 0.032216468856
0.200000000000 1.400000000000 0.033297222344
0.400000000000 1.400000000000 0.036487043464
0.600000000000 1.400000000000 0.041628108733
0.800000000000 1.400000000000 0.048456651899
1.000000000000 1.400000000000 0.056604943650
1.200000000000 1.400000000000 0.065609258786
1.400000000000 1.400000000000 0.074927056686
1.600000000000 1.400000000000 0.083965263186
1.800000000000 1.400000000000 0.092119346290
2.000000000000 1.400000000000 0.098820320510
2.200000000000 1.400000000000 0.103584517855
2.400000000000 1.400000000000 0.106059525106
2.600000000000 1.400000000000 0.106059525106
2.800000000000 1.400000000000 0.103584517855
3.000000000000 1.400000000000 0.098820320510
3.200000000000 1.400000000000 0.092119346290
3.400000000000 1.400000000000 0.083965263186
3.600000000000 1.400000000000 0.074927056686
3.800000000000 1.400000000000 0.065609258786
4.000000000000 1.400000000000 0.056604943650
4.200000000000 1.400000000000 0.048456651899
4.400000000000 1.400000000000 0.041628108733
4.600000000000 1.400000000000 0.036487043464
4.800000000000 1.400000000000 0.033297222344

0.000000000000 1.600000000000 0.036102661684
0.200000000000 1.600000000000 0.037313782640
0.400000000000 1.600000000000 0.040888380477
0.600000000000 1.600000000000 0.046649593732
0.800000000000 1.600000000000 0.054301838572
1.000000000000 1.600000000000 0.063433027442
1.200000000000 1.600000000000 0.073523497417
1.400000000000 1.600000000000 0.083965263186
1.600000000000 1.600000000000 0.094093710519
1.800000000000 1.600000000000 0.103231385506
2.000000000000 1.600000000000 0.110740668759
2.200000000000 1.600000000000 0.116079549950
2.400000000000 1.600000000000 0.118853106170
2.600000000000 1.600000000000 0.118853106170
2.800000000000 1.600000000000 0.116079549950
3.000000000000 1.600000000000 0.110740668759
3.200000000000 1.600000000000 0.103231385506
3.400000000000 1.600000000000 0.094093710519
3.600000000000 1.600000000000 0.083965263186
3.800000000000 1.600000000000 0.073523497417
4.000000000000 1.600000000000 0.063433027442
4.200000000000 1.600000000000 0.054301838572
4.400000000000 1.600000000000 0.046649593732
4.600000000000 1.600000000000 0.040888380477
4.800000000000 1.600000000000 0.037313782640

0.000000000000 1.800000000000 0.039608707595
0.200000000000 1.800000000000 0.040937443330
0.400000000000 1.800000000000 0.044859178601
0.600000000000 1.800000000000 0.051179876258
0.800000000000 1.800000000000 0.059575247291
1.000000000000 1.800000000000 0.069593185047
1.200000000000 1.800000000000 0.080663560755
1.400000000000 1.800000000000 0.092119346290
1.600000000000 1.800000000000 0.103231385506
1.800000000000 1.800000000000 0.113256435923
2.000000000000 1.800000000000 0.121494958150
2.200000000000 1.800000000000 0.127352306691
2.400000000000 1.800000000000 0.130395207333
2.600000000000 1.800000000000 0.130395207333
2.800000000000 1.800000000000 0.127352306691
3.000000000000 1.800000000000 0.121494958150
3.200000000000 1.800000000000 0.113256435923
3.400000000000 1.800000000000 0.103231385506
3.600000000000 1.800000000000 0.092119346290
3.800000000000 1.800000000000 0.080663560755
4.000000000000 1.800000000000 0.069593185047
4.200000000000 1.800000000000 0.059575247291
4.400000000000 1.800000000000 0.051179876258
4.600000000000 1.800000000000 0.044859178601
4.800000000000 1.800000000000 0.040937443330

0.000000000000 2.000000000000 0.042489956170
0.200000000000 2.000000000000 0.043915346954
0.400000000000 2.000000000000 0.048122357471
0.600000000000 2.000000000000 0.054902835689
0.800000000000 2.000000000000 0.063908902857
1.000000000000 2.000000000000 0.074655564877
1.200000000000 2.000000000000 0.086531220466
1.400000000000 2.000000000000 0.098820320510
1.600000000000 2.000000000000 0.110740668759
1.800000000000 2.000000000000 0.121494958150
2.000000000000 2.000000000000 0.130332763882
2.200000000000 2.000000000000 0.136616185262
2.400000000000 2.000000000000 0.139880431260
2.600000000000 2.000000000000 0.139880431260
2.800000000000 2.000000000000 0.136616185262
3.000000000000 2.000000000000 0.130332763882
3.200000000000 2.000000000000 0.121494958150
3.400000000000 2.000000000000 0.110740668759
3.600000000000 2.000000000000 0.098820320510
3.800000000000 2.000000000000 0.086531220466
4.000000000000 2.000000000000 0.074655564877
4.200000000000 2.000000000000 0.063908902857
4.400000000000 2.000000000000 0.054902835689
4.600000000000 2.000000000000 0.048122357471
4.800000000000 2.000000000000 0.043915346954

0.000000000000 2.200000000000 0.044538441036
0.200000000000 2.200000000000 0.046032550723
0.400000000000 2.200000000000 0.050442383562
0.600000000000 2.200000000000 0.057549752250
0.800000000000 2.200000000000 0.066990006411
1.000000000000 2.200000000000 0.078254769931
1.200000000000 2.200000000000 0.090702955783
1.400000000000 2.200000000000 0.103584517855
1.600000000000 2.200000000000 0.116079549950
1.800000000000 2.200000000000 0.127352306691
2.000000000000 2.200000000000 0.136616185262
2.200000000000 2.200000000000 0.143202531814
2.400000000000 2.200000000000 0.146624147804
2.600000000000 2.200000000000 0.146624147804
2.800000000000 2.200000000000 0.143202531814
3.000000000000 2.200000000000 0.136616185262
3.200000000000 2.200000000000 0.127352306691
3.400000000000 2.200000000000 0.116079549950
3.600000000000 2.200000000000 0.103584517855
3.800000000000 2.200000000000 0.090702955783
4.000000000000 2.200000000000 0.078254769931
4.200000000000 2.200000000000 0.066990006411
4.400000000000 2.200000000000 0.057549752250
4.600000000000 2.200000000000 0.050442383562
4.800000000000 2.200000000000 0.046032550723

0.000000000000 2.400000000000 0.045602632176
0.200000000000 2.400000000000 0.047132441423
0.400000000000 2.400000000000 0.051647640726
0.600000000000 2.400000000000 0.058924829441
0.800000000000 2.400000000000 0.068590644307
1.000000000000 2.400000000000 0.080124562220
1.200000000000 2.400000000000 0.092870178269
1.400000000000 2.400000000000 0.106059525106
1.600000000000 2.400000000000 0.118853106170
1.800000000000 2.400000000000 0.130395207333
2.000000000000 2.400000000000 0.139880431260
2.200000000000 2.400000000000 0.146624147804
2.400000000000 2.400000000000 0.150127517694
2.600000000000 2.400000000000 0.150127517694
2.800000000000 2.400000000000 0.146624147804
3.000000000000 2.400000000000 0.139880431260
3.200000000000 2.400000000000 0.130395207333
3.400000000000 2.400000000000 0.118853106170
3.600000000000 2.400000000000 0.106059525106
3.800000000000 2.400000000000 0.092870178269
4.000000000000 2.400000000000 0.080124562220
4.200000000000 2.400000000000 0.068590644307
4.400000000000 2.400000000000 0.058924829441
4.600000000000 2.400000000000 0.051647640726
4.800000000000 2.400000000000 0.047132441423

0.000000000000 2.600000000000 0.045602632176
0.200000000000 2.600000000000 0.047132441423
0.400000000000 2.600000000000 0.051647640726
0.600000000000 2.600000000000 0.058924829441
0.800000000000 2.600000000000 0.068590644307
1.000000000000 2.600000000000 0.080124562220
1.200000000000 2.600000000000 0.092870178269
1.400000000000 2.600000000000 0.106059525106
1.600000000000 2.600000000000 0.118853106170
1.800000000000 2.600000000000 0.130395207333
2.000000000000 2.600000000000 0.139880431260
2.200000000000 2.600000000000 0.146624147804
2.400000000000 2.600000000000 0.150127517694
2.600000000000 2.600000000000 0.150127517694
2.800000000000 2.600000000000 0.146624147804
3.000000000000 2.600000000000 0.139880431260
3.200000000000 2.600000000000 0.130395207333
3.400000000000 2.600000000000 0.118853106170
3.600000000000 2.600000000000 0.106059525106
3.800000000000 2.600000000000 0.092870178269
4.000000000000 2.600000000000 0.080124562220
4.200000000000 2.600000000000 0.068590644307
4.400000000000 2.600000000000 0.058924829441
4.600000000000 2.600000000000 0.051647640726
4.800000000000 2.600000000000 0.047132441423

0.000000000000 2.800000000000 0.044538441036
0.200000000000 2.800000000000 0.046032550723
0.400000000000 2.800000000000 0.050442383562
0.600000000000 2.800000000000 0.057549752250
0.800000000000 2.800000000000 0.066990006411
1.000000000000 2.800000000000 0.078254769931
1.200000000000 2.800000000000 0.090702955783
1.400000000000 2.800000000000 0.103584517855
1.600000000000 2.800000000000 0.116079549950
1.800000000000 2.800000000000 0.127352306691
2.000000000000 2.800000000000 0.136616185262
2.200000000000 2.800000000000 0.143202531814
2.400000000000 2.800000000000 0.146624147804
2.600000000000 2.800000000000 0.146624147804
2.800000000000 2.800000000000 0.143202531814
3.000000000000 2.800000000000 0.136616185262
3.200000000000 2.800000000000 0.127352306691
3.400000000000 2.800000000000 0.116079549950
3.600000000000 2.800000000000 0.103584517855
3.800000000000 2.800000000000 0.090702955783
4.000000000000 2.800000000000 0.078254769931
4.200000000000 2.800000000000 0.066990006411
4.400000000000 2.800000000000 0.057549752250
4.600000000000 2.800000000000 0.050442383562
4.800000000000 2.800000000000 0.046032550723

0.000000000000 3.000000000000 0.042489956170
0.200000000000 3.000000000000 0.043915346954
0.400000000000 3.000000000000 0.048122357471
0.600000000000 3.000000000000 0.054902835689
0.800000000000 3.000000000000 0.063908902857
1.000000000000 3.000000000000 0.074655564877
1.200000000000 3.000000000000 0.086531220466
1.400000000000 3.000000000000 0.098820320510
1.600000000000 3.000000000000 0.110740668759
1.800000000000 3.000000000000 0.121494958150
2.000000000000 3.000000000000 0.130332763882
2.200000000000 3.000000000000 0.136616185262
2.400000000000 3.000000000000 0.139880431260
2.600000000000 3.000000000000 0.139880431260
2.800000000000 3.000000000000 0.136616185262
3.000000000000 3.000000000000 0.130332763882
3.200000000000 3.000000000000 0.121494958150
3.400000000000 3.000000000000 0.110740668759
3.600000000000 3.000000000000 0.098820320510
3.800000000000 3.000000000000 0.086531220466
4.000000000000 3.000000000000 0.074655564877
4.200000000000 3.000000000000 0.063908902857
4.400000000000 3.000000000000 0.054902835689
4.600000000000 3.000000000000 0.048122357471
4.800000000000 3.000000000000 0.043915346954

0.000000000000 3.200000000000 0.039608707595
0.200000000000 3.200000000000 0.040937443330
0.400000000000 3.200000000000 0.044859178601
0.600000000000 3.200000000000 0.051179876258
0.800000000000 3.200000000000 0.059575247291
1.000000000000 3.200000000000 0.069593185047
1.200000000000 3.200000000000 0.080663560755
1.400000000000 3.200000000000 0.092119346290
1.600000000000 3.200000000000 0.103231385506
1.800000000000 3.200000000000 0.113256435923
2.000000000000 3.200000000000 0.121494958150
2.200000000000 3.200000000000 0.127352306691
2.400000000000 3.200000000000 0.130395207333
2.600000000000 3.200000000000 0.130395207333
2.800000000000 3.200000000000 0.127352306691
3.000000000000 3.200000000000 0.121494958150
3.200000000000 3.200000000000 0.113256435923
3.400000000000 3.200000000000 0.103231385506
3.600000000000 3.200000000000 0.092119346290
3.800000000000 3.200000000000 0.080663560755
4.000000000000 3.200000000000 0.069593185047
4.200000000000 3.200000000000 0.059575247291
4.400000000000 3.200000000000 0.051179876258
4.600000000000 3.200000000000 0.044859178601
4.800000000000 3.200000000000 0.040937443330

0.000000000000 3.400000000000 0.036102661684
0.200000000000 3.400000000000 0.037313782640
0.400000000000 3.400000000000 0.040888380477
0.600000000000 3.400000000000 0.046649593732
0.800000000000 3.400000000000 0.054301838572
1.000000000000 3.400000000000 0.063433027442
1.200000000000 3.400000000000 0.073523497417
1.400000000000 3.400000000000 0.083965263186
1.600000000000 3.400000000000 0.094093710519
1.800000000000 3.400000000000 0.103231385506
2.000000000000 3.400000000000 0.110740668759
2.200000000000 3.400000000000 0.116079549950
2.400000000000 3.400000000000 0.118853106170
2.600000000000 3.400000000000 0.118853106170
2.800000000000 3.400000000000 0.116079549950
3.000000000000 3.400000000000 0.110740668759
3.200000000000 3.400000000000 0.103231385506
3.400000000000 3.400000000000 0.094093710519
3.600000000000 3.400000000000 0.083965263186
3.800000000000 3.400000000000 0.073523497417
4.000000000000 3.400000000000 0.063433027442
4.200000000000 3.400000000000 0.054301838572
4.400000000000 3.400000000000 0.046649593732
4.600000000000 3.400000000000 0.040888380477
4.800000000000 3.400000000000 0.037313782640

0.000000000000 3.600000000000 0.032216468856
0.200000000000 3.600000000000 0.033297222344
0.400000000000 3.600000000000 0.036487043464
0.600000000000 3.600000000000 0.041628108733
0.800000000000 3.600000000000 0.048456651899
1.000000000000 3.600000000000 0.056604943650
1.200000000000 3.600000000000 0.065609258786
1.400000000000 3.600000000000 0.074927056686
1.600000000000 3.600000000000 0.083965263186
1.800000000000 3.600000000000 0.092119346290
2.000000000000 3.600000000000 0.098820320510
2.200000000000 3.600000000000 0.103584517855
2.400000000000 3.600000000000 0.106059525106
2.600000000000 3.600000000000 0.106059525106
2.800000000000 3.600000000000 0.103584517855
3.000000000000 3.600000000000 0.098820320510
3.200000000000 3.600000000000 0.092119346290
3.400000000000 3.600000000000 0.083965263186
3.600000000000 3.600000000000 0.074927056686
3.800000000000 3.600000000000 0.065609258786
4.000000000000 3.600000000000 0.056604943650
4.200000000000 3.600000000000 0.048456651899
4.400000000000 3.600000000000 0.041628108733
4.600000000000 3.600000000000 0.036487043464
4.800000000000 3.600000000000 0.033297222344

0.000000000000 3.800000000000 0.028210062922
0.200000000000 3.800000000000 0.029156416036
0.400000000000 3.800000000000 0.031949557390
0.600000000000 3.800000000000 0.036451290400
0.800000000000 3.800000000000 0.042430650631
1.000000000000 3.800000000000 0.049565639204
1.200000000000 3.800000000000 0.057450199056
1.400000000000 3.800000000000 0.065609258786
1.600000000000 3.800000000000 0.073523497417
1.800000000000 3.800000000000 0.080663560755
2.000000000000 3.800000000000 0.086531220466
2.200000000000 3.800000000000 0.090702955783
2.400000000000 3.800000000000 0.092870178269
2.600000000000 3.800000000000 0.092870178269
2.800000000000 3.800000000000 0.090702955783
3.000000000000 3.800000000000 0.086531220466
3.200000000000 3.800000000000 0.080663560755
3.400000000000 3.800000000000 0.073523497417
3.600000000000 3.800000000000 0.065609258786
3.800000000000 3.800000000000 0.057450199056
4.000000000000 3.800000000000 0.049565639204
4.200000000000 3.800000000000 0.042430650631
4.400000000000 3.800000000000 0.036451290400
4.600000000000 3.800000000000 0.031949557390
4.800000000000 3.800000000000 0.029156416036

0.000000000000 4.000000000000 0.024338450196
0.200000000000 4.000000000000 0.025154924557
0.400000000000 4.000000000000 0.027564731602
0.600000000000 4.000000000000 0.031448641308
0.800000000000 4.000000000000 0.036607387482
1.000000000000 4.000000000000 0.042763163135
1.200000000000 4.000000000000 0.049565639204
1.400000000000 4.000000000000 0.056604943650
1.600000000000 4.000000000000 0.063433027442
1.800000000000 4.000000000000 0.069593185047
2.000000000000 4.000000000000 0.074655564877
2.200000000000 4.000000000000 0.078254769931
2.400000000000 4.000000000000 0.080124562220
2.600000000000 4.000000000000 0.080124562220
2.800000000000 4.000000000000 0.078254769931
3.000000000000 4.000000000000 0.074655564877
3.200000000000 4.000000000000 0.069593185047
3.400000000000 4.000000000000 0.063433027442
3.600000000000 4.000000000000 0.056604943650
3.800000000000 4.000000000000 0.049565639204
4.000000000000 4.000000000000 0.042763163135
4.200000000000 4.000000000000 0.036607387482
4.400000000000 4.000000000000 0.031448641308
4.600000000000 4.000000000000 0.027564731602
4.800000000000 4.000000000000 0.025154924557

0.000000000000 4.200000000000 0.020834907938
0.200000000000 4.200000000000 0.021533850813
0.400000000000 4.200000000000 0.023596766231
0.600000000000 4.200000000000 0.026921587605
0.800000000000 4.200000000000 0.031337733468
1.000000000000 4.200000000000 0.036607387482
1.200000000000 4.200000000000 0.042430650631
1.400000000000 4.200000000000 0.048456651899
1.600000000000 4.200000000000 0.054301838572
1.800000000000 4.200000000000 0.059575247291
2.000000000000 4.200000000000 0.063908902857
2.200000000000 4.200000000000 0.066990006411
2.400000000000 4.200000000000 0.068590644307
2.600000000000 4.200000000000 0.068590644307
2.800000000000 4.200000000000 0.066990006411
3.000000000000 4.200000000000 0.063908902857
3.200000000000 4.200000000000 0.059575247291
3.400000000000 4.200000000000 0.054301838572
3.600000000000 4.200000000000 0.048456651899
3.800000000000 4.200000000000 0.042430650631
4.000000000000 4.200000000000 0.036607387482
4.200000000000 4.200000000000 0.031337733468
4.400000000000 4.200000000000 0.026921587605
4.600000000000 4.200000000000 0.023596766231
4.800000000000 4.200000000000 0.021533850813

0.000000000000 4.400000000000 0.017898824089
0.200000000000 4.400000000000 0.018499271571
0.400000000000 4.400000000000 0.020271479965
0.600000000000 4.400000000000 0.023127766212
0.800000000000 4.400000000000 0.026921587605
1.000000000000 4.400000000000 0.031448641308
1.200000000000 4.400000000000 0.036451290400
1.400000000000 4.400000000000 0.041628108733
1.600000000000 4.400000000000 0.046649593732
1.800000000000 4.400000000000 0.051179876258
2.000000000000 4.400000000000 0.054902835689
2.200000000000 4.400000000000 0.057549752250
2.400000000000 4.400000000000 0.058924829441
2.600000000000 4.400000000000 0.058924829441
2.800000000000 4.400000000000 0.057549752250
3.000000000000 4.400000000000 0.054902835689
3.200000000000 4.400000000000 0.051179876258
3.400000000000 4.400000000000 0.046649593732
3.600000000000 4.400000000000 0.041628108733
3.800000000000 4.400000000000 0.036451290400
4.000000000000 4.400000000000 0.031448641308
4.200000000000 4.400000000000 0.026921587605
4.400000000000 4.400000000000 0.023127766212
4.600000000000 4.400000000000 0.020271479965
4.800000000000 4.400000000000 0.018499271571

0.000000000000 4.600000000000 0.015688310522
0.200000000000 4.600000000000 0.016214602881
0.400000000000 4.600000000000 0.017767944034
0.600000000000 4.600000000000 0.020271479965
0.800000000000 4.600000000000 0.023596766231
1.000000000000 4.600000000000 0.027564731602
1.200000000000 4.600000000000 0.031949557390
1.400000000000 4.600000000000 0.036487043464
1.600000000000 4.600000000000 0.040888380477
1.800000000000 4.600000000000 0.044859178601
2.000000000000 4.600000000000 0.048122357471
2.200000000000 4.600000000000 0.050442383562
2.400000000000 4.600000000000 0.051647640726
2.600000000000 4.600000000000 0.051647640726
2.800000000000 4.600000000000 0.050442383562
3.000000000000 4.600000000000 0.048122357471
3.200000000000 4.600000000000 0.044859178601
3.400000000000 4.600000000000 0.040888380477
3.600000000000 4.600000000000 0.036487043464
3.800000000000 4.600000000000 0.031949557390
4.000000000000 4.600000000000 0.027564731602
4.200000000000 4.600000000000 0.023596766231
4.400000000000 4.600000000000 0.020271479965
4.600000000000 4.600000000000 0.017767944034
4.800000000000 4.600000000000 0.016214602881

0.000000000000 4.800000000000 0.014316777836
0.200000000000 4.800000000000 0.014797059956
0.400000000000 4.800000000000 0.016214602881
0.600000000000 4.800000000000 0.018499271571
0.800000000000 4.800000000000 0.021533850813
1.000000000000 4.800000000000 0.025154924557
1.200000000000 4.800000000000 0.029156416036
1.400000000000 4.800000000000 0.033297222344
1.600000000000 4.800000000000 0.037313782640
1.800000000000 4.800000000000 0.040937443330
2.000000000000 4.800000000000 0.043915346954
2.200000000000 4.800000000000 0.046032550723
2.400000000000 4.800000000000 0.047132441423
2.600000000000 4.800000000000 0.047132441423
2.800000000000 4.800000000000 0.046032550723
3.000000000000 4.800000000000 0.043915346954
3.200000000000 4.800000000000 0.040937443330
3.400000000000 4.800000000000 0.037313782640
3.600000000000 4.800000000000 0.033297222344
3.800000000000 4.800000000000 0.029156416036
4.000000000000 4.800000000000 0.025154924557
4.200000000000 4.800000000000 0.021533850813
4.400000000000 4.800000000000 0.018499271571
4.600000000000 4.800000000000 0.016214602881
4.800000000000 4.800000000000 0.014797059956

