# x y u
0.000000000000 0.000000000000 0.386565608951
0.200000000000 0.000000000000 0.532377277099
0.400000000000 0.000000000000 0.616019024530
0.600000000000 0.000000000000 0.605817219732
0.800000000000 0.000000000000 0.510635217047
1.000000000000 0.000000000000 0.370654079696
1.200000000000 0.000000000000 0.231861039763
1.400000000000 0.000000000000 0.124498827320
1.600000000000 0.000000000000 0.056821170173
1.800000000000 0.000000000000 0.021601048701
2.000000000000 0.000000000000 0.006518765241
2.200000000000 0.000000000000 0.001388287763
2.400000000000 0.000000000000 0.000171112975
2.600000000000 0.000000000000 -0.000019333919
2.800000000000 0.000000000000 -0.000100557779
3.000000000000 0.000000000000 -0.000007203589
3.200000000000 0.000000000000 0.000193306314
3.400000000000 0.000000000000 0.000147300148
3.600000000000 0.000000000000 0.000347812596
3.800000000000 0.000000000000 0.002304448614
4.000000000000 0.000000000000 0.007495829619
4.200000000000 0.000000000000 0.019371150497
4.400000000000 0.000000000000 0.049150848202
4.600000000000 0.000000000000 0.116017171102
4.800000000000 0.000000000000 0.232949445338

0.000000000000 0.200000000000 0.532377277099
0.200000000000 0.200000000000 0.730582283514
0.400000000000 0.200000000000 0.843445132723
0.600000000000 0.200000000000 0.828418840348
0.800000000000 0.200000000000 0.697936761316
1.000000000000 0.200000000000 0.506733008399
1.200000000000 0.200000000000 0.317280858501
1.400000000000 0.200000000000 0.170655238414
1.600000000000 0.200000000000 0.078093068175
1.800000000000 0.200000000000 0.029805939197
2.000000000000 0.200000000000 0.009055286579
2.200000000000 0.200000000000 0.001957500563
2.400000000000 0.200000000000 0.000249150557
2.600000000000 0.200000000000 -0.000026762847
2.800000000000 0.200000000000 -0.000133558868
3.000000000000 0.200000000000 -0.000004910680
3.200000000000 0.200000000000 0.000259104222
3.400000000000 0.200000000000 0.000207198873
3.600000000000 0.200000000000 0.000533678758
3.800000000000 0.200000000000 0.003284867608
4.000000000000 0.200000000000 0.010549411177
4.200000000000 0.200000000000 0.027284365454
4.400000000000 0.200000000000 0.069020552277
4.600000000000 0.200000000000 0.161740090064
4.800000000000 0.200000000000 0.322496033484

0.000000000000 0.400000000000 0.616019024530
0.200000000000 0.400000000000 0.843445132723
0.400000000000 0.400000000000 0.972600742189
0.600000000000 0.400000000000 0.954967348206
0.800000000000 0.400000000000 0.804863299682
1.000000000000 0.400000000000 0.584965127550
1.200000000000 0.400000000000 0.366876811215
1.400000000000 0.400000000000 0.197807950522
1.600000000000 0.400000000000 0.090822497558
1.800000000000 0.400000000000 0.034828804975
2.000000000000 0.400000000000 0.010661769844
2.200000000000 0.400000000000 0.002341226040
2.400000000000 0.400000000000 0.000307682574
2.600000000000 0.400000000000 -0.000029971775
2.800000000000 0.400000000000 -0.000149666868
3.000000000000 0.400000000000 -0.000002261693
3.200000000000 0.400000000000 0.000292593081
3.400000000000 0.400000000000 0.000246267199
3.600000000000 0.400000000000 0.000669447253
3.800000000000 0.400000000000 0.003899561130
4.000000000000 0.400000000000 0.012412976409
4.200000000000 0.400000000000 0.032130777231
4.400000000000 0.400000000000 0.081057695125
4.600000000000 0.400000000000 0.188841674511
4.800000000000 0.400000000000 0.374546382848

0.000000000000 0.600000000000 0.605817219732
0.200000000000 0.600000000000 0.828418840348
0.400000000000 0.600000000000 0.954967348206
0.600000000000 0.600000000000 0.938052919910
0.800000000000 0.600000000000 0.791440940031
1.000000000000 0.600000000000 0.576152212840
1.200000000000 0.600000000000 0.362162514514
1.400000000000 0.600000000000 0.195846504784
1.600000000000 0.600000000000 0.090273632286
1.800000000000 0.600000000000 0.034802481986
2.000000000000 0.600000000000 0.010741547723
2.200000000000 0.600000000000 0.002397050845
2.400000000000 0.600000000000 0.000325141790
2.600000000000 0.600000000000 -0.000027557326
2.800000000000 0.600000000000 -0.000143041911
3.000000000000 0.600000000000 -0.000000558206
3.200000000000 0.600000000000 0.000281395130
3.400000000000 0.600000000000 0.000249381812
3.600000000000 0.600000000000 0.000700448624
3.800000000000 0.600000000000 0.003908595905
4.000000000000 0.600000000000 0.012365579788
4.200000000000 0.600000000000 0.032035636496
4.400000000000 0.600000000000 0.080618748061
4.600000000000 0.600000000000 0.186931770421
4.800000000000 0.600000000000 0.369277787410

0.000000000000 0.800000000000 0.510635217047
0.200000000000 0.800000000000 0.697936761316
0.400000000000 0.800000000000 0.804863299682
0.600000000000 0.800000000000 0.791440940031
0.800000000000 0.800000000000 0.668829096972
1.000000000000 0.800000000000 0.487950260079
1.200000000000 0.800000000000 0.307565724723
1.400000000000 0.800000000000 0.166899097748
1.600000000000 0.800000000000 0.077269802605
1.800000000000 0.800000000000 0.029963316115
2.000000000000 0.800000000000 0.009329543852
2.200000000000 0.800000000000 0.002116603038
2.400000000000 0.800000000000 0.000296274664
2.600000000000 0.800000000000 -0.000020872235
2.800000000000 0.800000000000 -0.000117483849
3.000000000000 0.800000000000 -0.000000166286
3.200000000000 0.800000000000 0.000232249786
3.400000000000 0.800000000000 0.000216670095
3.600000000000 0.800000000000 0.000619870852
3.800000000000 0.800000000000 0.003340709093
4.000000000000 0.800000000000 0.010525207509
4.200000000000 0.800000000000 0.027292795920
4.400000000000 0.800000000000 0.068530960385
4.600000000000 0.800000000000 0.158288209397
4.800000000000 0.800000000000 0.311759110333

0.000000000000 1.000000000000 0.370654079696
0.200000000000 1.000000000000 0.506733008399
0.400000000000 1.000000000000 0.584965127550
0.600000000000 1.000000000000 0.576152212840
0.800000000000 1.000000000000 0.487950260079
1.000000000000 1.000000000000 0.356946298541
1.200000000000 1.000000000000 0.225725881809
1.400000000000 1.000000000000 0.122976212817
1.600000000000 1.000000000000 0.057215507677
1.800000000000 1.000000000000 0.022328940786
2.000000000000 1.000000000000 0.007018220737
2.200000000000 1.000000000000 0.001619628268
2.400000000000 1.000000000000 0.000234010151
2.600000000000 1.000000000000 -0.000012872088
2.800000000000 1.000000000000 -0.000083251010
3.000000000000 1.000000000000 -0.000000566763
3.200000000000 1.000000000000 0.000165164818
3.400000000000 1.000000000000 0.000162209816
3.600000000000 1.000000000000 0.000467839884
3.800000000000 1.000000000000 0.002448778730
4.000000000000 1.000000000000 0.007695085628
4.200000000000 1.000000000000 0.019974225457
4.400000000000 1.000000000000 0.050053356323
4.600000000000 1.000000000000 0.115239905744
4.800000000000 1.000000000000 0.226481139461

0.000000000000 1.200000000000 0.231861039763
0.200000000000 1.200000000000 0.317280858501
0.400000000000 1.200000000000 0.366876811215
0.600000000000 1.200000000000 0.362162514514
0.800000000000 1.200000000000 0.307565724723
1.000000000000 1.200000000000 0.225725881809
1.200000000000 1.200000000000 0.143293150326
1.400000000000 1.200000000000 0.078423242022
1.600000000000 1.200000000000 0.036689707369
1.800000000000 1.200000000000 0.014420194121
2.000000000000 1.200000000000 0.004578966224
2.200000000000 1.200000000000 0.001075818180
2.400000000000 1.200000000000 0.000160577591
2.600000000000 1.200000000000 -0.000006200084
2.800000000000 1.200000000000 -0.000050894487
3.000000000000 1.200000000000 -0.000001024103
3.200000000000 1.200000000000 0.000101195356
3.400000000000 1.200000000000 0.000104727395
3.600000000000 1.200000000000 0.000302032334
3.800000000000 1.200000000000 0.001541259651
4.000000000000 1.200000000000 0.004837128438
4.200000000000 1.200000000000 0.012570313656
4.400000000000 1.200000000000 0.031441636085
4.600000000000 1.200000000000 0.072197857585
4.800000000000 1.200000000000 0.141686113517

0.000000000000 1.400000000000 0.124498827320
0.200000000000 1.400000000000 0.170655238414
0.400000000000 1.400000000000 0.197807950522
0.600000000000 1.400000000000 0.195846504784
0.800000000000 1.400000000000 0.166899097748
1.000000000000 1.400000000000 0.122976212817
1.200000000000 1.400000000000 0.078423242022
1.400000000000 1.400000000000 0.043149115973
1.600000000000 1.400000000000 0.020315659436
1.800000000000 1.400000000000 0.008048722190
2.000000000000 1.400000000000 0.002584866647
2.200000000000 1.400000000000 0.000619111874
2.400000000000 1.400000000000 0.000095620507
2.600000000000 1.400000000000 -0.000002028760
2.800000000000 1.400000000000 -0.000026715022
3.000000000000 1.400000000000 -0.000001133300
3.200000000000 1.400000000000 0.000053154028
3.400000000000 1.400000000000 0.000058105408
3.600000000000 1.400000000000 0.000166337505
3.800000000000 1.400000000000 0.000829657912
4.000000000000 1.400000000000 0.002603868259
4.200000000000 1.400000000000 0.006776044388
4.400000000000 1.400000000000 0.016919628687
4.600000000000 1.400000000000 0.038768283404
4.800000000000 1.400000000000 0.076026464668

0.000000000000 1.600000000000 0.056821170173
0.200000000000 1.600000000000 0.078093068175
0.400000000000 1.600000000000 0.090822497558
0.600000000000 1.600000000000 0.090273632286
0.800000000000 1.600000000000 0.077269802605
1.000000000000 1.600000000000 0.057215507677
1.200000000000 1.600000000000 0.036689707369
1.400000000000 1.600000000000 0.020315659436
1.600000000000 1.600000000000 0.009636975161
1.800000000000 1.600000000000 0.003853575394
2.000000000000 1.600000000000 0.001253638103
2.200000000000 1.600000000000 0.000306720083
2.400000000000 1.600000000000 0.000049152589
2.600000000000 1.600000000000 -0.000000128643
2.800000000000 1.600000000000 -0.000011909522
3.000000000000 1.600000000000 -0.000000905261
3.200000000000 1.600000000000 0.000023666194
3.400000000000 1.600000000000 0.000027453550
3.600000000000 1.600000000000 0.000077432345
3.800000000000 1.600000000000 0.000378056588
4.000000000000 1.600000000000 0.001188227950
4.200000000000 1.600000000000 0.003097484173
4.400000000000 1.600000000000 0.007722051113
4.600000000000 1.600000000000 0.017664338090
4.800000000000 1.600000000000 0.034642834717

0.000000000000 1.800000000000 0.021601048701
0.200000000000 1.800000000000 0.029805939197
0.400000000000 1.800000000000 0.034828804975
0.600000000000 1.800000000000 0.034802481986
0.800000000000 1.800000000000 0.029963316115
1.000000000000 1.800000000000 0.022328940786
1.200000000000 1.800000000000 0.014420194121
1.400000000000 1.800000000000 0.008048722190
1.600000000000 1.800000000000 0.003853575394
1.800000000000 1.800000000000 0.001558474617
2.000000000000 1.800000000000 0.000514869837
2.200000000000 1.800000000000 0.000129112903
2.400000000000 1.800000000000 0.000021568650
2.600000000000 1.800000000000 0.000000382923
2.800000000000 1.800000000000 -0.000004407421
3.000000000000 1.800000000000 -0.000000556427
3.200000000000 1.800000000000 0.000008725182
3.400000000000 1.800000000000 0.000010850124
3.600000000000 1.800000000000 0.000029887831
3.800000000000 1.800000000000 0.000142773391
4.000000000000 1.800000000000 0.000450174056
4.200000000000 1.800000000000 0.001176274386
4.400000000000 1.800000000000 0.002927947732
4.600000000000 1.800000000000 0.006689625630
4.800000000000 1.800000000000 0.013132715666

0.000000000000 2.000000000000 0.006518765241
0.200000000000 2.000000000000 0.009055286579
0.400000000000 2.000000000000 0.010661769844
0.600000000000 2.000000000000 0.010741547723
0.800000000000 2.000000000000 0.009329543852
1.000000000000 2.000000000000 0.007018220737
1.200000000000 2.000000000000 0.004578966224
1.400000000000 2.000000000000 0.002584866647
1.600000000000 2.000000000000 0.001253638103
1.800000000000 2.000000000000 0.000514869837
2.000000000000 2.000000000000 0.000173605753
2.200000000000 2.000000000000 0.000044924107
2.400000000000 2.000000000000 0.000007896557
2.600000000000 2.000000000000 0.000000330201
2.800000000000 2.000000000000 -0.000001282982
3.000000000000 2.000000000000 -0.000000273210
3.200000000000 2.000000000000 0.000002518196
3.400000000000 2.000000000000 0.000003444924
3.600000000000 2.000000000000 0.000009108112
3.800000000000 2.000000000000 0.000042398248
4.000000000000 2.000000000000 0.000134585150
4.200000000000 2.000000000000 0.000352960250
4.400000000000 2.000000000000 0.000877096972
4.600000000000 2.000000000000 0.002002726354
4.800000000000 2.000000000000 0.003942478407

0.000000000000 2.200000000000 0.001388287763
0.200000000000 2.200000000000 0.001957500563
0.400000000000 2.200000000000 0.002341226040
0.600000000000 2.200000000000 0.002397050845
0.800000000000 2.200000000000 0.002116603038
1.000000000000 2.200000000000 0.001619628268
1.200000000000 2.200000000000 0.001075818180
1.400000000000 2.200000000000 0.000619111874
1.600000000000 2.200000000000 0.000306720083
1.800000000000 2.200000000000 0.000129112903
2.000000000000 2.200000000000 0.000044924107
2.200000000000 2.200000000000 0.000012169580
2.400000000000 2.200000000000 0.000002295894
2.600000000000 2.200000000000 0.000000168836
2.800000000000 2.200000000000 -0.000000259288
3.000000000000 2.200000000000 -0.000000106074
3.200000000000 2.200000000000 0.000000495081
3.400000000000 2.200000000000 0.000000789252
3.600000000000 2.200000000000 0.000001896305
3.800000000000 2.200000000000 0.000008575864
4.000000000000 2.200000000000 0.000027753682
4.200000000000 2.200000000000 0.000073352694
4.400000000000 2.200000000000 0.000182093161
4.600000000000 2.200000000000 0.000417005530
4.800000000000 2.200000000000 0.000828616823

0.000000000000 2.400000000000 0.000171112975
0.200000000000 2.400000000000 0.000249150557
0.400000000000 2.400000000000 0.000307682574
0.600000000000 2.400000000000 0.000325141790
0.800000000000 2.400000000000 0.000296274664
1.000000000000 2.400000000000 0.000234010151
1.200000000000 2.400000000000 0.000160577591
1.400000000000 2.400000000000 0.000095620507
1.600000000000 2.400000000000 0.000049152589
1.800000000000 2.400000000000 0.000021568650
2.000000000000 2.400000000000 0.000007896557
2.200000000000 2.400000000000 0.000002295894
2.400000000000 2.400000000000 0.000000481381
2.600000000000 2.400000000000 0.000000053464
2.800000000000 2.400000000000 -0.000000028341
3.000000000000 2.400000000000 -0.000000023394
3.200000000000 2.400000000000 0.000000049051
3.400000000000 2.400000000000 0.000000100855
3.600000000000 2.400000000000 0.000000205692
3.800000000000 2.400000000000 0.000000904964
4.000000000000 2.400000000000 0.000003077191
4.200000000000 2.400000000000 0.000008323960
4.400000000000 2.400000000000 0.000020849861
4.600000000000 2.400000000000 0.000048538659
4.800000000000 2.400000000000 0.000099018543

0.000000000000 2.600000000000 -0.000019333919
0.200000000000 2.600000000000 -0.000026762847
0.400000000000 2.600000000000 -0.000029971775
0.600000000000 2.600000000000 -0.000027557326
0.800000000000 2.600000000000 -0.000020872235
1.000000000000 2.600000000000 -0.000012872088
1.200000000000 2.600000000000 -0.000006200084
1.400000000000 2.600000000000 -0.000002028760
1.600000000000 2.600000000000 -0.000000128643
1.800000000000 2.600000000000 0.000000382923
2.000000000000 2.600000000000 0.000000330201
2.200000000000 2.600000000000 0.000000168836
2.400000000000 2.600000000000 0.000000053464
2.600000000000 2.600000000000 0.000000010749
2.800000000000 2.600000000000 0.000000010534
3.000000000000 2.600000000000 0.000000000425
3.200000000000 2.600000000000 -0.000000018181
3.400000000000 2.600000000000 0.000000001477
3.600000000000 2.600000000000 0.000000024679
3.800000000000 2.600000000000 -0.000000055648
4.000000000000 2.600000000000 -0.000000244794
4.200000000000 2.600000000000 -0.000000574411
4.400000000000 2.600000000000 -0.000001658833
4.600000000000 2.600000000000 -0.000004821584
4.800000000000 2.600000000000 -0.000011020408

0.000000000000 2.800000000000 -0.000100557779
0.200000000000 2.800000000000 -0.000133558868
0.400000000000 2.800000000000 -0.000149666868
0.600000000000 2.800000000000 -0.000143041911
0.800000000000 2.800000000000 -0.000117483849
1.000000000000 2.800000000000 -0.000083251010
1.200000000000 2.800000000000 -0.000050894487
1.400000000000 2.800000000000 -0.000026715022
1.600000000000 2.800000000000 -0.000011909522
1.800000000000 2.800000000000 -0.000004407421
2.000000000000 2.800000000000 -0.000001282982
2.200000000000 2.800000000000 -0.000000259288
2.400000000000 2.800000000000 -0.000000028341
2.600000000000 2.800000000000 0.000000010534
2.800000000000 2.800000000000 0.000000022340
3.000000000000 2.800000000000 -0.000000009262
3.200000000000 2.800000000000 -0.000000044779
3.400000000000 2.800000000000 -0.000000029014
3.600000000000 2.800000000000 -0.000000138084
3.800000000000 2.800000000000 -0.000000725165
4.000000000000 2.800000000000 -0.000002171255
4.200000000000 2.800000000000 -0.000005622451
4.400000000000 2.800000000000 -0.000014271754
4.600000000000 2.800000000000 -0.000032728328
4.800000000000 2.800000000000 -0.000063088094

0.000000000000 3.000000000000 -0.000007203589
0.200000000000 3.000000000000 -0.000004910680
0.400000000000 3.000000000000 -0.000002261693
0.600000000000 3.000000000000 -0.000000558206
0.800000000000 3.000000000000 -0.000000166286
1.000000000000 3.000000000000 -0.000000566763
1.200000000000 3.000000000000 -0.000001024103
1.400000000000 3.000000000000 -0.000001133300
1.600000000000 3.000000000000 -0.000000905261
1.800000000000 3.000000000000 -0.000000556427
2.000000000000 3.000000000000 -0.000000273210
2.200000000000 3.000000000000 -0.000000106074
2.400000000000 3.000000000000 -0.000000023394
2.600000000000 3.000000000000 0.000000000425
2.800000000000 3.000000000000 -0.000000009262
3.000000000000 3.000000000000 -0.000000006385
3.200000000000 3.000000000000 0.000000010928
3.400000000000 3.000000000000 -0.000000023563
3.600000000000 3.000000000000 -0.000000131971
3.800000000000 3.000000000000 -0.000000288365
4.000000000000 3.000000000000 -0.000000680321
4.200000000000 3.000000000000 -0.000001797397
4.400000000000 3.000000000000 -0.000003900149
4.600000000000 3.000000000000 -0.000006350439
4.800000000000 3.000000000000 -0.000007783071

0.000000000000 3.200000000000 0.000193306314
0.200000000000 3.200000000000 0.000259104222
0.400000000000 3.200000000000 0.000292593081
0.600000000000 3.200000000000 0.000281395130
0.800000000000 3.200000000000 0.000232249786
1.000000000000 3.200000000000 0.000165164818
1.200000000000 3.200000000000 0.000101195356
1.400000000000 3.200000000000 0.000053154028
1.600000000000 3.200000000000 0.000023666194
1.800000000000 3.200000000000 0.000008725182
2.000000000000 3.200000000000 0.000002518196
2.200000000000 3.200000000000 0.000000495081
2.400000000000 3.200000000000 0.000000049051
2.600000000000 3.200000000000 -0.000000018181
2.800000000000 3.200000000000 -0.000000044779
3.000000000000 3.200000000000 0.000000010928
3.200000000000 3.200000000000 0.000000089687
3.400000000000 3.200000000000 0.000000062660
3.600000000000 3.200000000000 0.000000239164
3.800000000000 3.200000000000 0.000001325753
4.000000000000 3.200000000000 0.000004065511
4.200000000000 3.200000000000 0.000010525307
4.400000000000 3.200000000000 0.000026689937
4.600000000000 3.200000000000 0.000061625054
4.800000000000 3.200000000000 0.000120026821

0.000000000000 3.400000000000 0.000147300148
0.200000000000 3.400000000000 0.000207198873
0.400000000000 3.400000000000 0.000246267199
0.600000000000 3.400000000000 0.000249381812
0.800000000000 3.400000000000 0.000216670095
1.000000000000 3.400000000000 0.000162209816
1.200000000000 3.400000000000 0.000104727395
1.400000000000 3.400000000000 0.000058105408
1.600000000000 3.400000000000 0.000027453550
1.800000000000 3.400000000000 0.000010850124
2.000000000000 3.400000000000 0.000003444924
2.200000000000 3.400000000000 0.000000789252
2.400000000000 3.400000000000 0.000000100855
2.600000000000 3.400000000000 0.000000001477
2.800000000000 3.400000000000 -0.000000029014
3.000000000000 3.400000000000 -0.000000023563
3.200000000000 3.400000000000 0.000000062660
3.400000000000 3.400000000000 0.000000117743
3.600000000000 3.400000000000 0.000000211444
3.800000000000 3.400000000000 0.000000934791
4.000000000000 3.400000000000 0.000003147062
4.200000000000 3.400000000000 0.000008220907
4.400000000000 3.400000000000 0.000019783060
4.600000000000 3.400000000000 0.000044490368
4.800000000000 3.400000000000 0.000087985107

0.000000000000 3.600000000000 0.000347812596
0.200000000000 3.600000000000 0.000533678758
0.400000000000 3.600000000000 0.000669447253
0.600000000000 3.600000000000 0.000700448623
0.800000000000 3.600000000000 0.000619870852
1.000000000000 3.600000000000 0.000467839884
1.200000000000 3.600000000000 0.000302032334
1.400000000000 3.600000000000 0.000166337505
1.600000000000 3.600000000000 0.000077432345
1.800000000000 3.600000000000 0.000029887831
2.000000000000 3.600000000000 0.000009108112
2.200000000000 3.600000000000 0.000001896305
2.400000000000 3.600000000000 0.000000205692
2.600000000000 3.600000000000 0.000000024679
2.800000000000 3.600000000000 -0.000000138084
3.000000000000 3.600000000000 -0.000000131971
3.200000000000 3.600000000000 0.000000239164
3.400000000000 3.600000000000 0.000000211444
3.600000000000 3.600000000000 -0.000000306873
3.800000000000 3.600000000000 0.000000492739
4.000000000000 3.600000000000 0.000003868791
4.200000000000 3.600000000000 0.000009998464
4.400000000000 3.600000000000 0.000026104581
4.600000000000 3.600000000000 0.000074293591
4.800000000000 3.600000000000 0.000180882197

0.000000000000 3.800000000000 0.002304448614
0.200000000000 3.800000000000 0.003284867608
0.400000000000 3.800000000000 0.003899561130
0.600000000000 3.800000000000 0.003908595905
0.800000000000 3.800000000000 0.003340709093
1.000000000000 3.800000000000 0.002448778730
1.200000000000 3.800000000000 0.001541259651
1.400000000000 3.800000000000 0.000829657912
1.600000000000 3.800000000000 0.000378056588
1.800000000000 3.800000000000 0.000142773391
2.000000000000 3.800000000000 0.000042398248
2.200000000000 3.800000000000 0.000008575864
2.400000000000 3.800000000000 0.000000904964
2.600000000000 3.800000000000 -0.000000055648
2.800000000000 3.800000000000 -0.000000725165
3.000000000000 3.800000000000 -0.000000288365
3.200000000000 3.800000000000 0.000001325753
3.400000000000 3.800000000000 0.000000934791
3.600000000000 3.800000000000 0.000000492739
3.800000000000 3.800000000000 0.000010020158
4.000000000000 3.800000000000 0.000037599626
4.200000000000 3.800000000000 0.000097071161
4.400000000000 3.800000000000 0.000250237984
4.600000000000 3.800000000000 0.000623808259
4.800000000000 3.800000000000 0.001326425445

0.000000000000 4.000000000000 0.007495829619
0.200000000000 4.000000000000 0.010549411177
0.400000000000 4.000000000000 0.012412976409
0.600000000000 4.000000000000 0.012365579788
0.800000000000 4.000000000000 0.010525207509
1.000000000000 4.000000000000 0.007695085628
1.200000000000 4.000000000000 0.004837128438
1.400000000000 4.000000000000 0.002603868259
1.600000000000 4.000000000000 0.001188227950
1.800000000000 4.000000000000 0.000450174056
2.000000000000 4.000000000000 0.000134585150
2.200000000000 4.000000000000 0.000027753682
2.400000000000 4.000000000000 0.000003077191
2.600000000000 4.000000000000 -0.000000244794
2.800000000000 4.000000000000 -0.000002171255
3.000000000000 4.000000000000 -0.000000680321
3.200000000000 4.000000000000 0.000004065511
3.400000000000 4.000000000000 0.000003147062
3.600000000000 4.000000000000 0.000003868791
3.800000000000 4.000000000000 0.000037599626
4.000000000000 4.000000000000 0.000132436567
4.200000000000 4.000000000000 0.000342268783
4.400000000000 4.000000000000 0.000872962955
4.600000000000 4.000000000000 0.002118844523
4.800000000000 4.000000000000 0.004394279784

0.000000000000 4.200000000000 0.019371150497
0.200000000000 4.200000000000 0.027284365454
0.400000000000 4.200000000000 0.032130777231
0.600000000000 4.200000000000 0.032035636496
0.800000000000 4.200000000000 0.027292795920
1.000000000000 4.200000000000 0.019974225457
1.200000000000 4.200000000000 0.012570313656
1.400000000000 4.200000000000 0.006776044388
1.600000000000 4.200000000000 0.003097484173
1.800000000000 4.200000000000 0.001176274386
2.000000000000 4.200000000000 0.000352960250
2.200000000000 4.200000000000 0.000073352694
2.400000000000 4.200000000000 0.000008323960
2.600000000000 4.200000000000 -0.000000574411
2.800000000000 4.200000000000 -0.000005622451
3.000000000000 4.200000000000 -0.000001797397
3.200000000000 4.200000000000 0.000010525307
3.400000000000 4.200000000000 0.000008220907
3.600000000000 4.200000000000 0.000009998464
3.800000000000 4.200000000000 0.000097071161
4.000000000000 4.200000000000 0.000342268783
4.200000000000 4.200000000000 0.000884117085
4.400000000000 4.200000000000 0.002253089432
4.600000000000 4.200000000000 0.005468515412
4.800000000000 4.200000000000 0.011347413157

0.000000000000 4.400000000000 0.049150848202
0.200000000000 4.400000000000 0.069020552277
0.400000000000 4.400000000000 0.081057695125
0.600000000000 4.400000000000 0.080618748061
0.800000000000 4.400000000000 0.068530960385
1.000000000000 4.400000000000 0.050053356323
1.200000000000 4.400000000000 0.031441636085
1.400000000000 4.400000000000 0.016919628687
1.600000000000 4.400000000000 0.007722051113
1.800000000000 4.400000000000 0.002927947732
2.000000000000 4.400000000000 0.000877096972
2.200000000000 4.400000000000 0.000182093161
2.400000000000 4.400000000000 0.000020849861
2.600000000000 4.400000000000 -0.000001658833
2.800000000000 4.400000000000 -0.000014271754
3.000000000000 4.400000000000 -0.000003900149
3.200000000000 4.400000000000 0.000026689937
3.400000000000 4.400000000000 0.000019783060
3.600000000000 4.400000000000 0.000026104581
3.800000000000 4.400000000000 0.000250237984
4.000000000000 4.400000000000 0.000872962955
4.200000000000 4.400000000000 0.002253089432
4.400000000000 4.400000000000 0.005753516189
4.600000000000 4.400000000000 0.013955807762
4.800000000000 4.400000000000 0.028882589820

0.000000000000 4.600000000000 0.116017171102
0.200000000000 4.600000000000 0.161740090064
0.400000000000 4.600000000000 0.188841674511
0.600000000000 4.600000000000 0.186931770421
0.800000000000 4.600000000000 0.158288209397
1.000000000000 4.600000000000 0.115239905744
1.200000000000 4.600000000000 0.072197857585
1.400000000000 4.600000000000 0.038768283404
1.600000000000 4.600000000000 0.017664338090
1.800000000000 4.600000000000 0.006689625630
2.000000000000 4.600000000000 0.002002726354
2.200000000000 4.600000000000 0.000417005530
2.400000000000 4.600000000000 0.000048538659
2.600000000000 4.600000000000 -0.000004821584
2.800000000000 4.600000000000 -0.000032728328
3.000000000000 4.600000000000 -0.000006350439
3.200000000000 4.600000000000 0.000061625054
3.400000000000 4.600000000000 0.000044490368
3.600000000000 4.600000000000 0.000074293591
3.800000000000 4.600000000000 0.000623808259
4.000000000000 4.600000000000 0.002118844523
4.200000000000 4.600000000000 0.005468515412
4.400000000000 4.600000000000 0.013955807762
4.600000000000 4.600000000000 0.033575582294
4.800000000000 4.600000000000 0.068786903248

0.000000000000 4.800000000000 0.232949445338
0.200000000000 4.800000000000 0.322496033484
0.400000000000 4.800000000000 0.374546382848
0.600000000000 4.800000000000 0.369277787410
0.800000000000 4.800000000000 0.311759110333
1.000000000000 4.800000000000 0.226481139461
1.200000000000 4.800000000000 0.141686113517
1.400000000000 4.800000000000 0.076026464668
1.600000000000 4.800000000000 0.034642834717
1.800000000000 4.800000000000 0.013132715666
2.000000000000 4.800000000000 0.003942478407
2.200000000000 4.800000000000 0.000828616823
2.400000000000 4.800000000000 0.000099018543
2.600000000000 4.800000000000 -0.000011020408
2.800000000000 4.800000000000 -0.000063088094
3.000000000000 4.800000000000 -0.000007783071
3.200000000000 4.800000000000 0.000120026821
3.400000000000 4.800000000000 0.000087985107
3.600000000000 4.800000000000 0.000180882197
3.800000000000 4.800000000000 0.001326425445
4.000000000000 4.800000000000 0.004394279784
4.200000000000 4.800000000000 0.011347413157
4.400000000000 4.800000000000 0.028882589820
4.600000000000 4.800000000000 0.068786903248
4.800000000000 4.800000000000 0.139378104827

