# x y u
0.000000000000 0.000000000000 0.035916005000
0.200000000000 0.000000000000 0.036278345364
0.400000000000 0.000000000000 0.037343027319
0.600000000000 0.000000000000 0.039044331229
0.800000000000 0.000000000000 0.041276994908
1.000000000000 0.000000000000 0.043902422684
1.200000000000 0.000000000000 0.046756975610
1.400000000000 0.000000000000 0.049661925375
1.600000000000 0.000000000000 0.052434527657
1.800000000000 0.000000000000 0.054899557941
2.000000000000 0.000000000000 0.056900571784
2.200000000000 0.000000000000 0.058310120113
2.400000000000 0.000000000000 0.059038182356
2.600000000000 0.000000000000 0.059038182356
2.800000000000 0.000000000000 0.058310120113
3.000000000000 0.000000000000 0.056900571784
3.200000000000 0.000000000000 0.054899557941
3.400000000000 0.000000000000 0.052434527657
3.600000000000 0.000000000000 0.049661925375
3.800000000000 0.000000000000 0.046756975610
4.000000000000 0.000000000000 0.043902422684
4.200000000000 0.000000000000 0.041276994908
4.400000000000 0.000000000000 0.039044331229
4.600000000000 0.000000000000 0.037343027319
4.800000000000 0.000000000000 0.036278345364

0.000000000000 0.200000000000 0.036278345364
0.200000000000 0.200000000000 0.036644341160
0.400000000000 0.200000000000 0.037719764047
0.600000000000 0.200000000000 0.039438231382
0.800000000000 0.200000000000 0.041693419049
1.000000000000 0.200000000000 0.044345333167
1.200000000000 0.200000000000 0.047228683934
1.400000000000 0.200000000000 0.050162939958
1.600000000000 0.200000000000 0.052963513322
1.800000000000 0.200000000000 0.055453411778
2.000000000000 0.200000000000 0.057474612614
2.200000000000 0.200000000000 0.058898381005
2.400000000000 0.200000000000 0.059633788217
2.600000000000 0.200000000000 0.059633788217
2.800000000000 0.200000000000 0.058898381005
3.000000000000 0.200000000000 0.057474612614
3.200000000000 0.200000000000 0.055453411778
3.400000000000 0.200000000000 0.052963513322
3.600000000000 0.200000000000 0.050162939958
3.800000000000 0.200000000000 0.047228683934
4.000000000000 0.200000000000 0.044345333167
4.200000000000 0.200000000000 0.041693419049
4.400000000000 0.200000000000 0.039438231382
4.600000000000 0.200000000000 0.037719764047
4.800000000000 0.200000000000 0.036644341160

0.000000000000 0.400000000000 0.037343027319
0.200000000000 0.400000000000 0.037719764047
0.400000000000 0.400000000000 0.038826747525
0.600000000000 0.400000000000 0.040595646965
0.800000000000 0.400000000000 0.042917017937
1.000000000000 0.400000000000 0.045646758133
1.200000000000 0.400000000000 0.048614726967
1.400000000000 0.400000000000 0.051635094964
1.600000000000 0.400000000000 0.054517857085
1.800000000000 0.400000000000 0.057080826873
2.000000000000 0.400000000000 0.059161344110
2.200000000000 0.400000000000 0.060626895983
2.400000000000 0.400000000000 0.061383885267
2.600000000000 0.400000000000 0.061383885267
2.800000000000 0.400000000000 0.060626895983
3.000000000000 0.400000000000 0.059161344110
3.200000000000 0.400000000000 0.057080826873
3.400000000000 0.400000000000 0.054517857085
3.600000000000 0.400000000000 0.051635094964
3.800000000000 0.400000000000 0.048614726967
4.000000000000 0.400000000000 0.045646758133
4.200000000000 0.400000000000 0.042917017937
4.400000000000 0.400000000000 0.040595646965
4.600000000000 0.400000000000 0.038826747525
4.800000000000 0.400000000000 0.037719764047

0.000000000000 0.600000000000 0.039044331229
0.200000000000 0.600000000000 0.039438231382
0.400000000000 0.600000000000 0.040595646965
0.600000000000 0.600000000000 0.042445134161
0.800000000000 0.600000000000 0.044872262448
1.000000000000 0.600000000000 0.047726364477
1.200000000000 0.600000000000 0.050829548369
1.400000000000 0.600000000000 0.053987518609
1.600000000000 0.600000000000 0.057001613885
1.800000000000 0.600000000000 0.059681347680
2.000000000000 0.600000000000 0.061856649295
2.200000000000 0.600000000000 0.063388968895
2.400000000000 0.600000000000 0.064180445154
2.600000000000 0.600000000000 0.064180445154
2.800000000000 0.600000000000 0.063388968895
3.000000000000 0.600000000000 0.061856649295
3.200000000000 0.600000000000 0.059681347680
3.400000000000 0.600000000000 0.057001613885
3.600000000000 0.600000000000 0.053987518609
3.800000000000 0.600000000000 0.050829548369
4.000000000000 0.600000000000 0.047726364477
4.200000000000 0.600000000000 0.044872262448
4.400000000000 0.600000000000 0.042445134161
4.600000000000 0.600000000000 0.040595646965
4.800000000000 0.600000000000 0.039438231382

0.000000000000 0.800000000000 0.041276994908
0.200000000000 0.800000000000 0.041693419049
0.400000000000 0.800000000000 0.042917017937
0.600000000000 0.800000000000 0.044872262448
0.800000000000 0.800000000000 0.047438178685
1.000000000000 0.800000000000 0.050455483839
1.200000000000 0.800000000000 0.053736113812
1.400000000000 0.800000000000 0.057074662891
1.600000000000 0.800000000000 0.060261109930
1.800000000000 0.800000000000 0.063094076031
2.000000000000 0.800000000000 0.065393765540
2.200000000000 0.800000000000 0.067013706087
2.400000000000 0.800000000000 0.067850440460
2.600000000000 0.800000000000 0.067850440460
2.800000000000 0.800000000000 0.067013706087
3.000000000000 0.800000000000 0.065393765540
3.200000000000 0.800000000000 0.063094076031
3.400000000000 0.800000000000 0.060261109930
3.600000000000 0.800000000000 0.057074662891
3.800000000000 0.800000000000 0.053736113812
4.000000000000 0.800000000000 0.050455483839
4.200000000000 0.800000000000 0.047438178685
4.400000000000 0.800000000000 0.044872262448
4.600000000000 0.800000000000 0.042917017937
4.800000000000 0.800000000000 0.041693419049

0.000000000000 1.000000000000 0.043902422684
0.200000000000 1.000000000000 0.044345333167
0.400000000000 1.000000000000 0.045646758133
0.600000000000 1.000000000000 0.047726364477
0.800000000000 1.000000000000 0.050455483839
1.000000000000 1.000000000000 0.053664702332
1.200000000000 1.000000000000 0.057153994183
1.400000000000 1.000000000000 0.060704889005
1.600000000000 1.000000000000 0.064094007425
1.800000000000 1.000000000000 0.067107162013
2.000000000000 1.000000000000 0.069553121368
2.200000000000 1.000000000000 0.071276096884
2.400000000000 1.000000000000 0.072166051045
2.600000000000 1.000000000000 0.072166051045
2.800000000000 1.000000000000 0.071276096884
3.000000000000 1.000000000000 0.069553121368
3.200000000000 1.000000000000 0.067107162013
3.400000000000 1.000000000000 0.064094007425
3.600000000000 1.000000000000 0.060704889005
3.800000000000 1.000000000000 0.057153994183
4.000000000000 1.000000000000 0.053664702332
4.200000000000 1.000000000000 0.050455483839
4.400000000000 1.000000000000 0.047726364477
4.600000000000 1.000000000000 0.045646758133
4.800000000000 1.000000000000 0.044345333167

0.000000000000 1.200000000000 0.046756975610
0.200000000000 1.200000000000 0.047228683934
0.400000000000 1.200000000000 0.048614726967
0.600000000000 1.200000000000 0.050829548369
0.800000000000 1.200000000000 0.053736113812
1.000000000000 1.200000000000 0.057153994183
1.200000000000 1.200000000000 0.060870158117
1.400000000000 1.200000000000 0.064651930380
1.600000000000 1.200000000000 0.068261407588
1.800000000000 1.200000000000 0.071470475954
2.000000000000 1.200000000000 0.074075470324
2.200000000000 1.200000000000 0.075910472808
2.400000000000 1.200000000000 0.076858291321
2.600000000000 1.200000000000 0.076858291321
2.800000000000 1.200000000000 0.075910472808
3.000000000000 1.200000000000 0.074075470324
3.200000000000 1.200000000000 0.071470475954
3.400000000000 1.200000000000 0.068261407588
3.600000000000 1.200000000000 0.064651930380
3.800000000000 1.200000000000 0.060870158117
4.000000000000 1.200000000000 0.057153994183
4.200000000000 1.200000000000 0.053736113812
4.400000000000 1.200000000000 0.050829548369
4.600000000000 1.200000000000 0.048614726967
4.800000000000 1.200000000000 0.047228683934

0.000000000000 1.400000000000 0.049661925375
0.200000000000 1.400000000000 0.050162939958
0.400000000000 1.400000000000 0.051635094964
0.600000000000 1.400000000000 0.053987518609
0.800000000000 1.400000000000 0.057074662891
1.000000000000 1.400000000000 0.060704889005
1.200000000000 1.400000000000 0.064651930380
1.400000000000 1.400000000000 0.068668656160
1.600000000000 1.400000000000 0.072502382523
1.800000000000 1.400000000000 0.075910823467
2.000000000000 1.400000000000 0.078677660568
2.200000000000 1.400000000000 0.080626667822
2.400000000000 1.400000000000 0.081633372265
2.600000000000 1.400000000000 0.081633372265
2.800000000000 1.400000000000 0.080626667822
3.000000000000 1.400000000000 0.078677660568
3.200000000000 1.400000000000 0.075910823467
3.400000000000 1.400000000000 0.072502382523
3.600000000000 1.400000000000 0.068668656160
3.800000000000 1.400000000000 0.064651930380
4.000000000000 1.400000000000 0.060704889005
4.200000000000 1.400000000000 0.057074662891
4.400000000000 1.400000000000 0.053987518609
4.600000000000 1.400000000000 0.051635094964
4.800000000000 1.400000000000 0.050162939958

0.000000000000 1.600000000000 0.052434527657
0.200000000000 1.600000000000 0.052963513322
0.400000000000 1.600000000000 0.054517857085
0.600000000000 1.600000000000 0.057001613885
0.800000000000 1.600000000000 0.060261109930
1.000000000000 1.600000000000 0.064094007425
1.200000000000 1.600000000000 0.068261407588
1.400000000000 1.600000000000 0.072502382523
1.600000000000 1.600000000000 0.076550141366
1.800000000000 1.600000000000 0.080148871578
2.000000000000 1.600000000000 0.083070177938
2.200000000000 1.600000000000 0.085127995966
2.400000000000 1.600000000000 0.086190903525
2.600000000000 1.600000000000 0.086190903525
2.800000000000 1.600000000000 0.085127995966
3.000000000000 1.600000000000 0.083070177938
3.200000000000 1.600000000000 0.080148871578
3.400000000000 1.600000000000 0.076550141366
3.600000000000 1.600000000000 0.072502382523
3.800000000000 1.600000000000 0.068261407588
4.000000000000 1.600000000000 0.064094007425
4.200000000000 1.600000000000 0.060261109930
4.400000000000 1.600000000000 0.057001613885
4.600000000000 1.600000000000 0.054517857085
4.800000000000 1.600000000000 0.052963513322

0.000000000000 1.800000000000 0.054899557941
0.200000000000 1.800000000000 0.055453411778
0.400000000000 1.800000000000 0.057080826873
0.600000000000 1.800000000000 0.059681347680
0.800000000000 1.800000000000 0.063094076031
1.000000000000 1.800000000000 0.067107162013
1.200000000000 1.800000000000 0.071470475954
1.400000000000 1.800000000000 0.075910823467
1.600000000000 1.800000000000 0.080148871578
1.800000000000 1.800000000000 0.083916781743
2.000000000000 1.800000000000 0.086975421661
2.200000000000 1.800000000000 0.089129979782
2.400000000000 1.800000000000 0.090242855691
2.600000000000 1.800000000000 0.090242855691
2.800000000000 1.800000000000 0.089129979782
3.000000000000 1.800000000000 0.086975421661
3.200000000000 1.800000000000 0.083916781743
3.400000000000 1.800000000000 0.080148871578
3.600000000000 1.800000000000 0.075910823467
3.800000000000 1.800000000000 0.071470475954
4.000000000000 1.800000000000 0.067107162013
4.200000000000 1.800000000000 0.063094076031
4.400000000000 1.800000000000 0.059681347680
4.600000000000 1.800000000000 0.057080826873
4.800000000000 1.800000000000 0.055453411778

0.000000000000 2.000000000000 0.056900571784
0.200000000000 2.000000000000 0.057474612614
0.400000000000 2.000000000000 0.059161344110
0.600000000000 2.000000000000 0.061856649295
0.800000000000 2.000000000000 0.065393765540
1.000000000000 2.000000000000 0.069553121368
1.200000000000 2.000000000000 0.074075470324
1.400000000000 2.000000000000 0.078677660568
1.600000000000 2.000000000000 0.083070177938
1.800000000000 2.000000000000 0.086975421661
2.000000000000 2.000000000000 0.090145543500
2.200000000000 2.000000000000 0.092378631381
2.400000000000 2.000000000000 0.093532069609
2.600000000000 2.000000000000 0.093532069609
2.800000000000 2.000000000000 0.092378631381
3.000000000000 2.000000000000 0.090145543500
3.200000000000 2.000000000000 0.086975421661
3.400000000000 2.000000000000 0.083070177938
3.600000000000 2.000000000000 0.078677660568
3.800000000000 2.000000000000 0.074075470324
4.000000000000 2.000000000000 0.069553121368
4.200000000000 2.000000000000 0.065393765540
4.400000000000 2.000000000000 0.061856649295
4.600000000000 2.000000000000 0.059161344110
4.800000000000 2.000000000000 0.057474612614

0.000000000000 2.200000000000 0.058310120113
0.200000000000 2.200000000000 0.058898381005
0.400000000000 2.200000000000 0.060626895983
0.600000000000 2.200000000000 0.063388968895
0.800000000000 2.200000000000 0.067013706087
1.000000000000 2.200000000000 0.071276096884
1.200000000000 2.200000000000 0.075910472808
1.400000000000 2.200000000000 0.080626667822
1.600000000000 2.200000000000 0.085127995966
1.800000000000 2.200000000000 0.089129979782
2.000000000000 2.200000000000 0.092378631381
2.200000000000 2.200000000000 0.094667036959
2.400000000000 2.200000000000 0.095849047975
2.600000000000 2.200000000000 0.095849047975
2.800000000000 2.200000000000 0.094667036959
3.000000000000 2.200000000000 0.092378631381
3.200000000000 2.200000000000 0.089129979782
3.400000000000 2.200000000000 0.085127995966
3.600000000000 2.200000000000 0.080626667822
3.800000000000 2.200000000000 0.075910472808
4.000000000000 2.200000000000 0.071276096884
4.200000000000 2.200000000000 0.067013706087
4.400000000000 2.200000000000 0.063388968895
4.600000000000 2.200000000000 0.060626895983
4.800000000000 2.200000000000 0.058898381005

0.000000000000 2.400000000000 0.059038182356
0.200000000000 2.400000000000 0.059633788217
0.400000000000 2.400000000000 0.061383885267
0.600000000000 2.400000000000 0.064180445154
0.800000000000 2.400000000000 0.067850440460
1.000000000000 2.400000000000 0.072166051045
1.200000000000 2.400000000000 0.076858291321
1.400000000000 2.400000000000 0.081633372265
1.600000000000 2.400000000000 0.086190903525
1.800000000000 2.400000000000 0.090242855691
2.000000000000 2.400000000000 0.093532069609
2.200000000000 2.400000000000 0.095849047975
2.400000000000 2.400000000000 0.097045817453
2.600000000000 2.400000000000 0.097045817453
2.800000000000 2.400000000000 0.095849047975
3.000000000000 2.400000000000 0.093532069609
3.200000000000 2.400000000000 0.090242855691
3.400000000000 2.400000000000 0.086190903525
3.600000000000 2.400000000000 0.081633372265
3.800000000000 2.400000000000 0.076858291321
4.000000000000 2.400000000000 0.072166051045
4.200000000000 2.400000000000 0.067850440460
4.400000000000 2.400000000000 0.064180445154
4.600000000000 2.400000000000 0.061383885267
4.800000000000 2.400000000000 0.059633788217

0.000000000000 2.600000000000 0.059038182356
0.200000000000 2.600000000000 0.059633788217
0.400000000000 2.600000000000 0.061383885267
0.600000000000 2.600000000000 0.064180445154
0.800000000000 2.600000000000 0.067850440460
1.000000000000 2.600000000000 0.072166051045
1.200000000000 2.600000000000 0.076858291321
1.400000000000 2.600000000000 0.081633372265
1.600000000000 2.600000000000 0.086190903525
1.800000000000 2.600000000000 0.090242855691
2.000000000000 2.600000000000 0.093532069609
2.200000000000 2.600000000000 0.095849047975
2.400000000000 2.600000000000 0.097045817453
2.600000000000 2.600000000000 0.097045817453
2.800000000000 2.600000000000 0.095849047975
3.000000000000 2.600000000000 0.093532069609
3.200000000000 2.600000000000 0.090242855691
3.400000000000 2.600000000000 0.086190903525
3.600000000000 2.600000000000 0.081633372265
3.800000000000 2.600000000000 0.076858291321
4.000000000000 2.600000000000 0.072166051045
4.200000000000 2.600000000000 0.067850440460
4.400000000000 2.600000000000 0.064180445154
4.600000000000 2.600000000000 0.061383885267
4.800000000000 2.600000000000 0.059633788217

0.000000000000 2.800000000000 0.058310120113
0.200000000000 2.800000000000 0.058898381005
0.400000000000 2.800000000000 0.060626895983
0.600000000000 2.800000000000 0.063388968895
0.800000000000 2.800000000000 0.067013706087
1.000000000000 2.800000000000 0.071276096884
1.200000000000 2.800000000000 0.075910472808
1.400000000000 2.800000000000 0.080626667822
1.600000000000 2.800000000000 0.085127995966
1.800000000000 2.800000000000 0.089129979782
2.000000000000 2.800000000000 0.092378631381
2.200000000000 2.800000000000 0.094667036959
2.400000000000 2.800000000000 0.095849047975
2.600000000000 2.800000000000 0.095849047975
2.800000000000 2.800000000000 0.094667036959
3.000000000000 2.800000000000 0.092378631381
3.200000000000 2.800000000000 0.089129979782
3.400000000000 2.800000000000 0.085127995966
3.600000000000 2.800000000000 0.080626667822
3.800000000000 2.800000000000 0.075910472808
4.000000000000 2.800000000000 0.071276096884
4.200000000000 2.800000000000 0.067013706087
4.400000000000 2.800000000000 0.063388968895
4.600000000000 2.800000000000 0.060626895983
4.800000000000 2.800000000000 0.058898381005

0.000000000000 3.000000000000 0.056900571784
0.200000000000 3.000000000000 0.057474612614
0.400000000000 3.000000000000 0.059161344110
0.600000000000 3.000000000000 0.061856649295
0.800000000000 3.000000000000 0.065393765540
1.000000000000 3.000000000000 0.069553121368
1.200000000000 3.000000000000 0.074075470324
1.400000000000 3.000000000000 0.078677660568
1.600000000000 3.000000000000 0.083070177938
1.800000000000 3.000000000000 0.086975421661
2.000000000000 3.000000000000 0.090145543500
2.200000000000 3.000000000000 0.092378631381
2.400000000000 3.000000000000 0.093532069609
2.600000000000 3.000000000000 0.093532069609
2.800000000000 3.000000000000 0.092378631381
3.000000000000 3.000000000000 0.090145543500
3.200000000000 3.000000000000 0.086975421661
3.400000000000 3.000000000000 0.083070177938
3.600000000000 3.000000000000 0.078677660568
3.800000000000 3.000000000000 0.074075470324
4.000000000000 3.000000000000 0.069553121368
4.200000000000 3.000000000000 0.065393765540
4.400000000000 3.000000000000 0.061856649295
4.600000000000 3.000000000000 0.059161344110
4.800000000000 3.000000000000 0.057474612614

0.000000000000 3.200000000000 0.054899557941
0.200000000000 3.200000000000 0.055453411778
0.400000000000 3.200000000000 0.057080826873
0.600000000000 3.200000000000 0.059681347680
0.800000000000 3.200000000000 0.063094076031
1.000000000000 3.200000000000 0.067107162013
1.200000000000 3.200000000000 0.071470475954
1.400000000000 3.200000000000 0.075910823467
1.600000000000 3.200000000000 0.080148871578
1.800000000000 3.200000000000 0.083916781743
2.000000000000 3.200000000000 0.086975421661
2.200000000000 3.200000000000 0.089129979782
2.400000000000 3.200000000000 0.090242855691
2.600000000000 3.200000000000 0.090242855691
2.800000000000 3.200000000000 0.089129979782
3.000000000000 3.200000000000 0.086975421661
3.200000000000 3.200000000000 0.083916781743
3.400000000000 3.200000000000 0.080148871578
3.600000000000 3.200000000000 0.075910823467
3.800000000000 3.200000000000 0.071470475954
4.000000000000 3.200000000000 0.067107162013
4.200000000000 3.200000000000 0.063094076031
4.400000000000 3.200000000000 0.059681347680
4.600000000000 3.200000000000 0.057080826873
4.800000000000 3.200000000000 0.055453411778

0.000000000000 3.400000000000 0.052434527657
0.200000000000 3.400000000000 0.052963513322
0.400000000000 3.400000000000 0.054517857085
0.600000000000 3.400000000000 0.057001613885
0.800000000000 3.400000000000 0.060261109930
1.000000000000 3.400000000000 0.064094007425
1.200000000000 3.400000000000 0.068261407588
1.400000000000 3.400000000000 0.072502382523
1.600000000000 3.400000000000 0.076550141366
1.800000000000 3.400000000000 0.080148871578
2.000000000000 3.400000000000 0.083070177938
2.200000000000 3.400000000000 0.085127995966
2.400000000000 3.400000000000 0.086190903525
2.600000000000 3.400000000000 0.086190903525
2.800000000000 3.400000000000 0.085127995966
3.000000000000 3.400000000000 0.083070177938
3.200000000000 3.400000000000 0.080148871578
3.400000000000 3.400000000000 0.076550141366
3.600000000000 3.400000000000 0.072502382523
3.800000000000 3.400000000000 0.068261407588
4.000000000000 3.400000000000 0.064094007425
4.200000000000 3.400000000000 0.060261109930
4.400000000000 3.400000000000 0.057001613885
4.600000000000 3.400000000000 0.054517857085
4.800000000000 3.400000000000 0.052963513322

0.000000000000 3.600000000000 0.049661925375
0.200000000000 3.600000000000 0.050162939958
0.400000000000 3.600000000000 0.051635094964
0.600000000000 3.600000000000 0.053987518609
0.800000000000 3.600000000000 0.057074662891
1.000000000000 3.600000000000 0.060704889005
1.200000000000 3.600000000000 0.064651930380
1.400000000000 3.600000000000 0.068668656160
1.600000000000 3.600000000000 0.072502382523
1.800000000000 3.600000000000 0.075910823467
2.000000000000 3.600000000000 0.078677660568
2.200000000000 3.600000000000 0.080626667822
2.400000000000 3.600000000000 0.081633372265
2.600000000000 3.600000000000 0.081633372265
2.800000000000 3.600000000000 0.080626667822
3.000000000000 3.600000000000 0.078677660568
3.200000000000 3.600000000000 0.075910823467
3.400000000000 3.600000000000 0.072502382523
3.600000000000 3.600000000000 0.068668656160
3.800000000000 3.600000000000 0.064651930380
4.000000000000 3.600000000000 0.060704889005
4.200000000000 3.600000000000 0.057074662891
4.400000000000 3.600000000000 0.053987518609
4.600000000000 3.600000000000 0.051635094964
4.800000000000 3.600000000000 0.050162939958

0.000000000000 3.800000000000 0.046756975610
0.200000000000 3.800000000000 0.047228683934
0.400000000000 3.800000000000 0.048614726967
0.600000000000 3.800000000000 0.050829548369
0.800000000000 3.800000000000 0.053736113812
1.000000000000 3.800000000000 0.057153994183
1.200000000000 3.800000000000 0.060870158117
1.400000000000 3.800000000000 0.064651930380
1.600000000000 3.800000000000 0.068261407588
1.800000000000 3.800000000000 0.071470475954
2.000000000000 3.800000000000 0.074075470324
2.200000000000 3.800000000000 0.075910472808
2.400000000000 3.800000000000 0.076858291321
2.600000000000 3.800000000000 0.076858291321
2.800000000000 3.800000000000 0.075910472808
3.000000000000 3.800000000000 0.074075470324
3.200000000000 3.800000000000 0.071470475954
3.400000000000 3.800000000000 0.068261407588
3.600000000000 3.800000000000 0.064651930380
3.800000000000 3.800000000000 0.060870158117
4.000000000000 3.800000000000 0.057153994183
4.200000000000 3.800000000000 0.053736113812
4.400000000000 3.800000000000 0.050829548369
4.600000000000 3.800000000000 0.048614726967
4.800000000000 3.800000000000 0.047228683934

0.000000000000 4.000000000000 0.043902422684
0.200000000000 4.000000000000 0.044345333167
0.400000000000 4.000000000000 0.045646758133
0.600000000000 4.000000000000 0.047726364477
0.800000000000 4.000000000000 0.050455483839
1.000000000000 4.000000000000 0.053664702332
1.200000000000 4.000000000000 0.057153994183
1.400000000000 4.000000000000 0.060704889005
1.600000000000 4.000000000000 0.064094007425
1.800000000000 4.000000000000 0.067107162013
2.000000000000 4.000000000000 0.069553121368
2.200000000000 4.000000000000 0.071276096884
2.400000000000 4.000000000000 0.072166051045
2.600000000000 4.000000000000 0.072166051045
2.800000000000 4.000000000000 0.071276096884
3.000000000000 4.000000000000 0.069553121368
3.200000000000 4.000000000000 0.067107162013
3.400000000000 4.000000000000 0.064094007425
3.600000000000 4.000000000000 0.060704889005
3.800000000000 4.000000000000 0.057153994183
4.000000000000 4.000000000000 0.053664702332
4.200000000000 4.000000000000 0.050455483839
4.400000000000 4.000000000000 0.047726364477
4.600000000000 4.000000000000 0.045646758133
4.800000000000 4.000000000000 0.044345333167

0.000000000000 4.200000000000 0.041276994908
0.200000000000 4.200000000000 0.041693419049
0.400000000000 4.200000000000 0.042917017937
0.600000000000 4.200000000000 0.044872262448
0.800000000000 4.200000000000 0.047438178685
1.000000000000 4.200000000000 0.050455483839
1.200000000000 4.200000000000 0.053736113812
1.400000000000 4.200000000000 0.057074662891
1.600000000000 4.200000000000 0.060261109930
1.800000000000 4.200000000000 0.063094076031
2.000000000000 4.200000000000 0.065393765540
2.200000000000 4.200000000000 0.067013706087
2.400000000000 4.200000000000 0.067850440460
2.600000000000 4.200000000000 0.067850440460
2.800000000000 4.200000000000 0.067013706087
3.000000000000 4.200000000000 0.065393765540
3.200000000000 4.200000000000 0.063094076031
3.400000000000 4.200000000000 0.060261109930
3.600000000000 4.200000000000 0.057074662891
3.800000000000 4.200000000000 0.053736113812
4.000000000000 4.200000000000 0.050455483839
4.200000000000 4.200000000000 0.047438178685
4.400000000000 4.200000000000 0.044872262448
4.600000000000 4.200000000000 0.042917017937
4.800000000000 4.200000000000 0.041693419049

0.000000000000 4.400000000000 0.039044331229
0.200000000000 4.400000000000 0.039438231382
0.400000000000 4.400000000000 0.040595646965
0.600000000000 4.400000000000 0.042445134161
0.800000000000 4.400000000000 0.044872262448
1.000000000000 4.400000000000 0.047726364477
1.200000000000 4.400000000000 0.050829548369
1.400000000000 4.400000000000 0.053987518609
1.600000000000 4.400000000000 0.057001613885
1.800000000000 4.400000000000 0.059681347680
2.000000000000 4.400000000000 0.061856649295
2.200000000000 4.400000000000 0.063388968895
2.400000000000 4.400000000000 0.064180445154
2.600000000000 4.400000000000 0.064180445154
2.800000000000 4.400000000000 0.063388968895
3.000000000000 4.400000000000 0.061856649295
3.200000000000 4.400000000000 0.059681347680
3.400000000000 4.400000000000 0.057001613885
3.600000000000 4.400000000000 0.053987518609
3.800000000000 4.400000000000 0.050829548369
4.000000000000 4.400000000000 0.047726364477
4.200000000000 4.400000000000 0.044872262448
4.400000000000 4.400000000000 0.042445134161
4.600000000000 4.400000000000 0.040595646965
4.800000000000 4.400000000000 0.039438231382

0.000000000000 4.600000000000 0.037343027319
0.200000000000 4.600000000000 0.037719764047
0.400000000000 4.600000000000 0.038826747525
0.600000000000 4.600000000000 0.040595646965
0.800000000000 4.600000000000 0.042917017937
1.000000000000 4.600000000000 0.045646758133
1.200000000000 4.600000000000 0.048614726967
1.400000000000 4.600000000000 0.051635094964
1.600000000000 4.600000000000 0.054517857085
1.800000000000 4.600000000000 0.057080826873
2.000000000000 4.600000000000 0.059161344110
2.200000000000 4.600000000000 0.060626895983
2.400000000000 4.600000000000 0.061383885267
2.600000000000 4.600000000000 0.061383885267
2.800000000000 4.600000000000 0.060626895983
3.000000000000 4.600000000000 0.059161344110
3.200000000000 4.600000000000 0.057080826873
3.400000000000 4.600000000000 0.054517857085
3.600000000000 4.600000000000 0.051635094964
3.800000000000 4.600000000000 0.048614726967
4.000000000000 4.600000000000 0.045646758133
4.200000000000 4.600000000000 0.042917017937
4.400000000000 4.600000000000 0.040595646965
4.600000000000 4.600000000000 0.038826747525
4.800000000000 4.600000000000 0.037719764047

0.000000000000 4.800000000000 0.036278345364
0.200000000000 4.800000000000 0.036644341160
0.400000000000 4.800000000000 0.037719764047
0.600000000000 4.800000000000 0.039438231382
0.800000000000 4.800000000000 0.041693419049
1.000000000000 4.800000000000 0.044345333167
1.200000000000 4.800000000000 0.047228683934
1.400000000000 4.800000000000 0.050162939958
1.600000000000 4.800000000000 0.052963513322
1.800000000000 4.800000000000 0.055453411778
2.000000000000 4.800000000000 0.057474612614
2.200000000000 4.800000000000 0.058898381005
2.400000000000 4.800000000000 0.059633788217
2.600000000000 4.800000000000 0.059633788217
2.800000000000 4.800000000000 0.058898381005
3.000000000000 4.800000000000 0.057474612614
3.200000000000 4.800000000000 0.055453411778
3.400000000000 4.800000000000 0.052963513322
3.600000000000 4.800000000000 0.050162939958
3.800000000000 4.800000000000 0.047228683934
4.000000000000 4.800000000000 0.044345333167
4.200000000000 4.800000000000 0.041693419049
4.400000000000 4.800000000000 0.039438231382
4.600000000000 4.800000000000 0.037719764047
4.800000000000 4.800000000000 0.036644341160

