# x y u
0.000000000000 0.000000000000 0.000726956938
0.200000000000 0.000000000000 0.000840876684
0.400000000000 0.000000000000 0.001192364733
0.600000000000 0.000000000000 0.001806780236
0.800000000000 0.000000000000 0.002714161597
1.000000000000 0.000000000000 0.003932897922
1.200000000000 0.000000000000 0.005451263959
1.400000000000 0.000000000000 0.007211520239
1.600000000000 0.000000000000 0.009101981942
1.800000000000 0.000000000000 0.010961606387
2.000000000000 0.000000000000 0.012598882429
2.200000000000 0.000000000000 0.013822609489
2.400000000000 0.000000000000 0.014477871733
2.600000000000 0.000000000000 0.014477871733
2.800000000000 0.000000000000 0.013822609489
3.000000000000 0.000000000000 0.012598882429
3.200000000000 0.000000000000 0.010961606387
3.400000000000 0.000000000000 0.009101981942
3.600000000000 0.000000000000 0.007211520239
3.800000000000 0.000000000000 0.005451263959
4.000000000000 0.000000000000 0.003932897922
4.200000000000 0.000000000000 0.002714161597
4.400000000000 0.000000000000 0.001806780236
4.600000000000 0.000000000000 0.001192364733
4.800000000000 0.000000000000 0.000840876684

0.000000000000 0.200000000000 0.000840876684
0.200000000000 0.200000000000 0.000972650912
0.400000000000 0.200000000000 0.001379227292
0.600000000000 0.200000000000 0.002089939731
0.800000000000 0.200000000000 0.003139534770
1.000000000000 0.200000000000 0.004549283727
1.200000000000 0.200000000000 0.006305623539
1.400000000000 0.200000000000 0.008341764958
1.600000000000 0.200000000000 0.010528518518
1.800000000000 0.200000000000 0.012679601189
2.000000000000 0.200000000000 0.014573486414
2.200000000000 0.200000000000 0.015989007105
2.400000000000 0.200000000000 0.016746967901
2.600000000000 0.200000000000 0.016746967901
2.800000000000 0.200000000000 0.015989007105
3.000000000000 0.200000000000 0.014573486414
3.200000000000 0.200000000000 0.012679601189
3.400000000000 0.200000000000 0.010528518518
3.600000000000 0.200000000000 0.008341764958
3.800000000000 0.200000000000 0.006305623539
4.000000000000 0.200000000000 0.004549283727
4.200000000000 0.200000000000 0.003139534770
4.400000000000 0.200000000000 0.002089939731
4.600000000000 0.200000000000 0.001379227292
4.800000000000 0.200000000000 0.000972650912

0.000000000000 0.400000000000 0.001192364733
0.200000000000 0.400000000000 0.001379227292
0.400000000000 0.400000000000 0.001955773508
0.600000000000 0.400000000000 0.002963600872
0.800000000000 0.400000000000 0.004451982213
1.000000000000 0.400000000000 0.006451081360
1.200000000000 0.400000000000 0.008941664601
1.400000000000 0.400000000000 0.011829020331
1.600000000000 0.400000000000 0.014929950257
1.800000000000 0.400000000000 0.017980295037
2.000000000000 0.400000000000 0.020665919064
2.200000000000 0.400000000000 0.022673197215
2.400000000000 0.400000000000 0.023748022647
2.600000000000 0.400000000000 0.023748022647
2.800000000000 0.400000000000 0.022673197215
3.000000000000 0.400000000000 0.020665919064
3.200000000000 0.400000000000 0.017980295037
3.400000000000 0.400000000000 0.014929950257
3.600000000000 0.400000000000 0.011829020331
3.800000000000 0.400000000000 0.008941664601
4.000000000000 0.400000000000 0.006451081360
4.200000000000 0.400000000000 0.004451982213
4.400000000000 0.400000000000 0.002963600872
4.600000000000 0.400000000000 0.001955773508
4.800000000000 0.400000000000 0.001379227292

0.000000000000 0.600000000000 0.001806780236
0.200000000000 0.600000000000 0.002089939731
0.400000000000 0.600000000000 0.002963600872
0.600000000000 0.600000000000 0.004490797994
0.800000000000 0.600000000000 0.006746195789
1.000000000000 0.600000000000 0.009775501713
1.200000000000 0.600000000000 0.013549568694
1.400000000000 0.600000000000 0.017924875194
1.600000000000 0.600000000000 0.022623813408
1.800000000000 0.600000000000 0.027246093972
2.000000000000 0.600000000000 0.031315698591
2.200000000000 0.600000000000 0.034357383833
2.400000000000 0.600000000000 0.035986096454
2.600000000000 0.600000000000 0.035986096454
2.800000000000 0.600000000000 0.034357383833
3.000000000000 0.600000000000 0.031315698591
3.200000000000 0.600000000000 0.027246093972
3.400000000000 0.600000000000 0.022623813408
3.600000000000 0.600000000000 0.017924875194
3.800000000000 0.600000000000 0.013549568694
4.000000000000 0.600000000000 0.009775501713
4.200000000000 0.600000000000 0.006746195789
4.400000000000 0.600000000000 0.004490797994
4.600000000000 0.600000000000 0.002963600872
4.800000000000 0.600000000000 0.002089939731

0.000000000000 0.800000000000 0.002714161597
0.200000000000 0.800000000000 0.003139534770
0.400000000000 0.800000000000 0.004451982213
0.600000000000 0.800000000000 0.006746195789
0.800000000000 0.800000000000 0.010134338073
1.000000000000 0.800000000000 0.014685069998
1.200000000000 0.800000000000 0.020354602671
1.400000000000 0.800000000000 0.026927330153
1.600000000000 0.800000000000 0.033986219150
1.800000000000 0.800000000000 0.040929942756
2.000000000000 0.800000000000 0.047043414562
2.200000000000 0.800000000000 0.051612714213
2.400000000000 0.800000000000 0.054059408035
2.600000000000 0.800000000000 0.054059408035
2.800000000000 0.800000000000 0.051612714213
3.000000000000 0.800000000000 0.047043414562
3.200000000000 0.800000000000 0.040929942756
3.400000000000 0.800000000000 0.033986219150
3.600000000000 0.800000000000 0.026927330153
3.800000000000 0.800000000000 0.020354602671
4.000000000000 0.800000000000 0.014685069998
4.200000000000 0.800000000000 0.010134338073
4.400000000000 0.800000000000 0.006746195789
4.600000000000 0.800000000000 0.004451982213
4.800000000000 0.800000000000 0.003139534770

0.000000000000 1.000000000000 0.003932897922
0.200000000000 1.000000000000 0.004549283727
0.400000000000 1.000000000000 0.006451081360
0.600000000000 1.000000000000 0.009775501713
0.800000000000 1.000000000000 0.014685069998
1.000000000000 1.000000000000 0.021279274244
1.200000000000 1.000000000000 0.029494657273
1.400000000000 1.000000000000 0.039018792835
1.600000000000 1.000000000000 0.049247381161
1.800000000000 1.000000000000 0.059309078088
2.000000000000 1.000000000000 0.068167702008
2.200000000000 1.000000000000 0.074788763896
2.400000000000 1.000000000000 0.078334100051
2.600000000000 1.000000000000 0.078334100051
2.800000000000 1.000000000000 0.074788763896
3.000000000000 1.000000000000 0.068167702008
3.200000000000 1.000000000000 0.059309078088
3.400000000000 1.000000000000 0.049247381161
3.600000000000 1.000000000000 0.039018792835
3.800000000000 1.000000000000 0.029494657273
4.000000000000 1.000000000000 0.021279274244
4.200000000000 1.000000000000 0.014685069998
4.400000000000 1.000000000000 0.009775501713
4.600000000000 1.000000000000 0.006451081360
4.800000000000 1.000000000000 0.004549283727

0.000000000000 1.200000000000 0.005451263959
0.200000000000 1.200000000000 0.006305623539
0.400000000000 1.200000000000 0.008941664601
0.600000000000 1.200000000000 0.013549568694
0.800000000000 1.200000000000 0.020354602671
1.000000000000 1.200000000000 0.029494657273
1.200000000000 1.200000000000 0.040881768627
1.400000000000 1.200000000000 0.054082885316
1.600000000000 1.200000000000 0.068260402593
1.800000000000 1.200000000000 0.082206579407
2.000000000000 1.200000000000 0.094485204633
2.200000000000 1.200000000000 0.103662417069
2.400000000000 1.200000000000 0.108576475841
2.600000000000 1.200000000000 0.108576475841
2.800000000000 1.200000000000 0.103662417069
3.000000000000 1.200000000000 0.094485204633
3.200000000000 1.200000000000 0.082206579407
3.400000000000 1.200000000000 0.068260402593
3.600000000000 1.200000000000 0.054082885316
3.800000000000 1.200000000000 0.040881768627
4.000000000000 1.200000000000 0.029494657273
4.200000000000 1.200000000000 0.020354602671
4.400000000000 1.200000000000 0.013549568694
4.600000000000 1.200000000000 0.008941664601
4.800000000000 1.200000000000 0.006305623539

0.000000000000 1.400000000000 0.007211520239
0.200000000000 1.400000000000 0.008341764958
0.400000000000 1.400000000000 0.011829020331
0.600000000000 1.400000000000 0.017924875194
0.800000000000 1.400000000000 0.026927330153
1.000000000000 1.400000000000 0.039018792835
1.200000000000 1.400000000000 0.054082885316
1.400000000000 1.400000000000 0.071546713019
1.600000000000 1.400000000000 0.090302200506
1.800000000000 1.400000000000 0.108751624502
2.000000000000 1.400000000000 0.124995025088
2.200000000000 1.400000000000 0.137135555839
2.400000000000 1.400000000000 0.143636359296
2.600000000000 1.400000000000 0.143636359296
2.800000000000 1.400000000000 0.137135555839
3.000000000000 1.400000000000 0.124995025088
3.200000000000 1.400000000000 0.108751624502
3.400000000000 1.400000000000 0.090302200506
3.600000000000 1.400000000000 0.071546713019
3.800000000000 1.400000000000 0.054082885316
4.000000000000 1.400000000000 0.039018792835
4.200000000000 1.400000000000 0.026927330153
4.400000000000 1.400000000000 0.017924875194
4.600000000000 1.400000000000 0.011829020331
4.800000000000 1.400000000000 0.008341764958

0.000000000000 1.600000000000 0.009101981942
0.200000000000 1.600000000000 0.010528518518
0.400000000000 1.600000000000 0.014929950257
0.600000000000 1.600000000000 0.022623813408
0.800000000000 1.600000000000 0.033986219150
1.000000000000 1.600000000000 0.049247381161
1.200000000000 1.600000000000 0.068260402593
1.400000000000 1.600000000000 0.090302200506
1.600000000000 1.600000000000 0.113974224437
1.800000000000 1.600000000000 0.137259928261
2.000000000000 1.600000000000 0.157761309494
2.200000000000 1.600000000000 0.173084300637
2.400000000000 1.600000000000 0.181289190114
2.600000000000 1.600000000000 0.181289190114
2.800000000000 1.600000000000 0.173084300637
3.000000000000 1.600000000000 0.157761309494
3.200000000000 1.600000000000 0.137259928261
3.400000000000 1.600000000000 0.113974224437
3.600000000000 1.600000000000 0.090302200506
3.800000000000 1.600000000000 0.068260402593
4.000000000000 1.600000000000 0.049247381161
4.200000000000 1.600000000000 0.033986219150
4.400000000000 1.600000000000 0.022623813408
4.600000000000 1.600000000000 0.014929950257
4.800000000000 1.600000000000 0.010528518518

0.000000000000 1.800000000000 0.010961606387
0.200000000000 1.800000000000 0.012679601189
0.400000000000 1.800000000000 0.017980295037
0.600000000000 1.800000000000 0.027246093972
0.800000000000 1.800000000000 0.040929942756
1.000000000000 1.800000000000 0.059309078088
1.200000000000 1.800000000000 0.082206579407
1.400000000000 1.800000000000 0.108751624502
1.600000000000 1.800000000000 0.137259928261
1.800000000000 1.800000000000 0.165302959120
2.000000000000 1.800000000000 0.189992804541
2.200000000000 1.800000000000 0.208446296286
2.400000000000 1.800000000000 0.218327448497
2.600000000000 1.800000000000 0.218327448497
2.800000000000 1.800000000000 0.208446296286
3.000000000000 1.800000000000 0.189992804541
3.200000000000 1.800000000000 0.165302959120
3.400000000000 1.800000000000 0.137259928261
3.600000000000 1.800000000000 0.108751624502
3.800000000000 1.800000000000 0.082206579407
4.000000000000 1.800000000000 0.059309078088
4.200000000000 1.800000000000 0.040929942756
4.400000000000 1.800000000000 0.027246093972
4.600000000000 1.800000000000 0.017980295037
4.800000000000 1.800000000000 0.012679601189

0.000000000000 2.000000000000 0.012598882429
0.200000000000 2.000000000000 0.014573486414
0.400000000000 2.000000000000 0.020665919064
0.600000000000 2.000000000000 0.031315698591
0.800000000000 2.000000000000 0.047043414562
1.000000000000 2.000000000000 0.068167702008
1.200000000000 2.000000000000 0.094485204633
1.400000000000 2.000000000000 0.124995025088
1.600000000000 2.000000000000 0.157761309494
1.800000000000 2.000000000000 0.189992804541
2.000000000000 2.000000000000 0.218370270566
2.200000000000 2.000000000000 0.239579925604
2.400000000000 2.000000000000 0.250936896744
2.600000000000 2.000000000000 0.250936896744
2.800000000000 2.000000000000 0.239579925604
3.000000000000 2.000000000000 0.218370270566
3.200000000000 2.000000000000 0.189992804541
3.400000000000 2.000000000000 0.157761309494
3.600000000000 2.000000000000 0.124995025088
3.800000000000 2.000000000000 0.094485204633
4.000000000000 2.000000000000 0.068167702008
4.200000000000 2.000000000000 0.047043414562
4.400000000000 2.000000000000 0.031315698591
4.600000000000 2.000000000000 0.020665919064
4.800000000000 2.000000000000 0.014573486414

0.000000000000 2.200000000000 0.013822609489
0.200000000000 2.200000000000 0.015989007105
0.400000000000 2.200000000000 0.022673197215
0.600000000000 2.200000000000 0.034357383833
0.800000000000 2.200000000000 0.051612714213
1.000000000000 2.200000000000 0.074788763896
1.200000000000 2.200000000000 0.103662417069
1.400000000000 2.200000000000 0.137135555839
1.600000000000 2.200000000000 0.173084300637
1.800000000000 2.200000000000 0.208446296286
2.000000000000 2.200000000000 0.239579925604
2.200000000000 2.200000000000 0.262849562784
2.400000000000 2.200000000000 0.275309574441
2.600000000000 2.200000000000 0.275309574441
2.800000000000 2.200000000000 0.262849562784
3.000000000000 2.200000000000 0.239579925604
3.200000000000 2.200000000000 0.208446296286
3.400000000000 2.200000000000 0.173084300637
3.600000000000 2.200000000000 0.137135555839
3.800000000000 2.200000000000 0.103662417069
4.000000000000 2.200000000000 0.074788763896
4.200000000000 2.200000000000 0.051612714213
4.400000000000 2.200000000000 0.034357383833
4.600000000000 2.200000000000 0.022673197215
4.800000000000 2.200000000000 0.015989007105

0.000000000000 2.400000000000 0.014477871733
0.200000000000 2.400000000000 0.016746967901
0.400000000000 2.400000000000 0.023748022647
0.600000000000 2.400000000000 0.035986096454
0.800000000000 2.400000000000 0.054059408035
1.000000000000 2.400000000000 0.078334100051
1.200000000000 2.400000000000 0.108576475841
1.400000000000 2.400000000000 0.143636359296
1.600000000000 2.400000000000 0.181289190114
1.800000000000 2.400000000000 0.218327448497
2.000000000000 2.400000000000 0.250936896744
2.200000000000 2.400000000000 0.275309574441
2.400000000000 2.400000000000 0.288360221400
2.600000000000 2.400000000000 0.288360221400
2.800000000000 2.400000000000 0.275309574441
3.000000000000 2.400000000000 0.250936896744
3.200000000000 2.400000000000 0.218327448497
3.400000000000 2.400000000000 0.181289190114
3.600000000000 2.400000000000 0.143636359296
3.800000000000 2.400000000000 0.108576475841
4.000000000000 2.400000000000 0.078334100051
4.200000000000 2.400000000000 0.054059408035
4.400000000000 2.400000000000 0.035986096454
4.600000000000 2.400000000000 0.023748022647
4.800000000000 2.400000000000 0.016746967901

0.000000000000 2.600000000000 0.014477871733
0.200000000000 2.600000000000 0.016746967901
0.400000000000 2.600000000000 0.023748022647
0.600000000000 2.600000000000 0.035986096454
0.800000000000 2.600000000000 0.054059408035
1.000000000000 2.600000000000 0.078334100051
1.200000000000 2.600000000000 0.108576475841
1.400000000000 2.600000000000 0.143636359296
1.600000000000 2.600000000000 0.181289190114
1.800000000000 2.600000000000 0.218327448497
2.000000000000 2.600000000000 0.250936896744
2.200000000000 2.600000000000 0.275309574441
2.400000000000 2.600000000000 0.288360221400
2.600000000000 2.600000000000 0.288360221400
2.800000000000 2.600000000000 0.275309574441
3.000000000000 2.600000000000 0.250936896744
3.200000000000 2.600000000000 0.218327448497
3.400000000000 2.600000000000 0.181289190114
3.600000000000 2.600000000000 0.143636359296
3.800000000000 2.600000000000 0.108576475841
4.000000000000 2.600000000000 0.078334100051
4.200000000000 2.600000000000 0.054059408035
4.400000000000 2.600000000000 0.035986096454
4.600000000000 2.600000000000 0.023748022647
4.800000000000 2.600000000000 0.016746967901

0.000000000000 2.800000000000 0.013822609489
0.200000000000 2.800000000000 0.015989007105
0.400000000000 2.800000000000 0.022673197215
0.600000000000 2.800000000000 0.034357383833
0.800000000000 2.800000000000 0.051612714213
1.000000000000 2.800000000000 0.074788763896
1.200000000000 2.800000000000 0.103662417069
1.400000000000 2.800000000000 0.137135555839
1.600000000000 2.800000000000 0.173084300637
1.800000000000 2.800000000000 0.208446296286
2.000000000000 2.800000000000 0.239579925604
2.200000000000 2.800000000000 0.262849562784
2.400000000000 2.800000000000 0.275309574441
2.600000000000 2.800000000000 0.275309574441
2.800000000000 2.800000000000 0.262849562784
3.000000000000 2.800000000000 0.239579925604
3.200000000000 2.800000000000 0.208446296286
3.400000000000 2.800000000000 0.173084300637
3.600000000000 2.800000000000 0.137135555839
3.800000000000 2.800000000000 0.103662417069
4.000000000000 2.800000000000 0.074788763896
4.200000000000 2.800000000000 0.051612714213
4.400000000000 2.800000000000 0.034357383833
4.600000000000 2.800000000000 0.022673197215
4.800000000000 2.800000000000 0.015989007105

0.000000000000 3.000000000000 0.012598882429
0.200000000000 3.000000000000 0.014573486414
0.400000000000 3.000000000000 0.020665919064
0.600000000000 3.000000000000 0.031315698591
0.800000000000 3.000000000000 0.047043414562
1.000000000000 3.000000000000 0.068167702008
1.200000000000 3.000000000000 0.094485204633
1.400000000000 3.000000000000 0.124995025088
1.600000000000 3.000000000000 0.157761309494
1.800000000000 3.000000000000 0.189992804541
2.000000000000 3.000000000000 0.218370270566
2.200000000000 3.000000000000 0.239579925604
2.400000000000 3.000000000000 0.250936896744
2.600000000000 3.000000000000 0.250936896744
2.800000000000 3.000000000000 0.239579925604
3.000000000000 3.000000000000 0.218370270566
3.200000000000 3.000000000000 0.189992804541
3.400000000000 3.000000000000 0.157761309494
3.600000000000 3.000000000000 0.124995025088
3.800000000000 3.000000000000 0.094485204633
4.000000000000 3.000000000000 0.068167702008
4.200000000000 3.000000000000 0.047043414562
4.400000000000 3.000000000000 0.031315698591
4.600000000000 3.000000000000 0.020665919064
4.800000000000 3.000000000000 0.014573486414

0.000000000000 3.200000000000 0.010961606387
0.200000000000 3.200000000000 0.012679601189
0.400000000000 3.200000000000 0.017980295037
0.600000000000 3.200000000000 0.027246093972
0.800000000000 3.200000000000 0.040929942756
1.000000000000 3.200000000000 0.059309078088
1.200000000000 3.200000000000 0.082206579407
1.400000000000 3.200000000000 0.108751624502
1.600000000000 3.200000000000 0.137259928261
1.800000000000 3.200000000000 0.165302959120
2.000000000000 3.200000000000 0.189992804541
2.200000000000 3.200000000000 0.208446296286
2.400000000000 3.200000000000 0.218327448497
2.600000000000 3.200000000000 0.218327448497
2.800000000000 3.200000000000 0.208446296286
3.000000000000 3.200000000000 0.189992804541
3.200000000000 3.200000000000 0.165302959120
3.400000000000 3.200000000000 0.137259928261
3.600000000000 3.200000000000 0.108751624502
3.800000000000 3.200000000000 0.082206579407
4.000000000000 3.200000000000 0.059309078088
4.200000000000 3.200000000000 0.040929942756
4.400000000000 3.200000000000 0.027246093972
4.600000000000 3.200000000000 0.017980295037
4.800000000000 3.200000000000 0.012679601189

0.000000000000 3.400000000000 0.009101981942
0.200000000000 3.400000000000 0.010528518518
0.400000000000 3.400000000000 0.014929950257
0.600000000000 3.400000000000 0.022623813408
0.800000000000 3.400000000000 0.033986219150
1.000000000000 3.400000000000 0.049247381161
1.200000000000 3.400000000000 0.068260402593
1.400000000000 3.400000000000 0.090302200506
1.600000000000 3.400000000000 0.113974224437
1.800000000000 3.400000000000 0.137259928261
2.000000000000 3.400000000000 0.157761309494
2.200000000000 3.400000000000 0.173084300637
2.400000000000 3.400000000000 0.181289190114
2.600000000000 3.400000000000 0.181289190114
2.800000000000 3.400000000000 0.173084300637
3.000000000000 3.400000000000 0.157761309494
3.200000000000 3.400000000000 0.137259928261
3.400000000000 3.400000000000 0.113974224437
3.600000000000 3.400000000000 0.090302200506
3.800000000000 3.400000000000 0.068260402593
4.000000000000 3.400000000000 0.049247381161
4.200000000000 3.400000000000 0.033986219150
4.400000000000 3.400000000000 0.022623813408
4.600000000000 3.400000000000 0.014929950257
4.800000000000 3.400000000000 0.010528518518

0.000000000000 3.600000000000 0.007211520239
0.200000000000 3.600000000000 0.008341764958
0.400000000000 3.600000000000 0.011829020331
0.600000000000 3.600000000000 0.017924875194
0.800000000000 3.600000000000 0.026927330153
1.000000000000 3.600000000000 0.039018792835
1.200000000000 3.600000000000 0.054082885316
1.400000000000 3.600000000000 0.071546713019
1.600000000000 3.600000000000 0.090302200506
1.800000000000 3.600000000000 0.108751624502
2.000000000000 3.600000000000 0.124995025088
2.200000000000 3.600000000000 0.137135555839
2.400000000000 3.600000000000 0.143636359296
2.600000000000 3.600000000000 0.143636359296
2.800000000000 3.600000000000 0.137135555839
3.000000000000 3.600000000000 0.124995025088
3.200000000000 3.600000000000 0.108751624502
3.400000000000 3.600000000000 0.090302200506
3.600000000000 3.600000000000 0.071546713019
3.800000000000 3.600000000000 0.054082885316
4.000000000000 3.600000000000 0.039018792835
4.200000000000 3.600000000000 0.026927330153
4.400000000000 3.600000000000 0.017924875194
4.600000000000 3.600000000000 0.011829020331
4.800000000000 3.600000000000 0.008341764958

0.000000000000 3.800000000000 0.005451263959
0.200000000000 3.800000000000 0.006305623539
0.400000000000 3.800000000000 0.008941664601
0.600000000000 3.800000000000 0.013549568694
0.800000000000 3.800000000000 0.020354602671
1.000000000000 3.800000000000 0.029494657273
1.200000000000 3.800000000000 0.040881768627
1.400000000000 3.800000000000 0.054082885316
1.600000000000 3.800000000000 0.068260402593
1.800000000000 3.800000000000 0.082206579407
2.000000000000 3.800000000000 0.094485204633
2.200000000000 3.800000000000 0.103662417069
2.400000000000 3.800000000000 0.108576475841
2.600000000000 3.800000000000 0.108576475841
2.800000000000 3.800000000000 0.103662417069
3.000000000000 3.800000000000 0.094485204633
3.200000000000 3.800000000000 0.082206579407
3.400000000000 3.800000000000 0.068260402593
3.600000000000 3.800000000000 0.054082885316
3.800000000000 3.800000000000 0.040881768627
4.000000000000 3.800000000000 0.029494657273
4.200000000000 3.800000000000 0.020354602671
4.400000000000 3.800000000000 0.013549568694
4.600000000000 3.800000000000 0.008941664601
4.800000000000 3.800000000000 0.006305623539

0.000000000000 4.000000000000 0.003932897922
0.200000000000 4.000000000000 0.004549283727
0.400000000000 4.000000000000 0.006451081360
0.600000000000 4.000000000000 0.009775501713
0.800000000000 4.000000000000 0.014685069998
1.000000000000 4.000000000000 0.021279274244
1.200000000000 4.000000000000 0.029494657273
1.400000000000 4.000000000000 0.039018792835
1.600000000000 4.000000000000 0.049247381161
1.800000000000 4.000000000000 0.059309078088
2.000000000000 4.000000000000 0.068167702008
2.200000000000 4.000000000000 0.074788763896
2.400000000000 4.000000000000 0.078334100051
2.600000000000 4.000000000000 0.078334100051
2.800000000000 4.000000000000 0.074788763896
3.000000000000 4.000000000000 0.068167702008
3.200000000000 4.000000000000 0.059309078088
3.400000000000 4.000000000000 0.049247381161
3.600000000000 4.000000000000 0.039018792835
3.800000000000 4.000000000000 0.029494657273
4.000000000000 4.000000000000 0.021279274244
4.200000000000 4.000000000000 0.014685069998
4.400000000000 4.000000000000 0.009775501713
4.600000000000 4.000000000000 0.006451081360
4.800000000000 4.000000000000 0.004549283727

0.000000000000 4.200000000000 0.002714161597
0.200000000000 4.200000000000 0.003139534770
0.400000000000 4.200000000000 0.004451982213
0.600000000000 4.200000000000 0.006746195789
0.800000000000 4.200000000000 0.010134338073
1.000000000000 4.200000000000 0.014685069998
1.200000000000 4.200000000000 0.020354602671
1.400000000000 4.200000000000 0.026927330153
1.600000000000 4.200000000000 0.033986219150
1.800000000000 4.200000000000 0.040929942756
2.000000000000 4.200000000000 0.047043414562
2.200000000000 4.200000000000 0.051612714213
2.400000000000 4.200000000000 0.054059408035
2.600000000000 4.200000000000 0.054059408035
2.800000000000 4.200000000000 0.051612714213
3.000000000000 4.200000000000 0.047043414562
3.200000000000 4.200000000000 0.040929942756
3.400000000000 4.200000000000 0.033986219150
3.600000000000 4.200000000000 0.026927330153
3.800000000000 4.200000000000 0.020354602671
4.000000000000 4.200000000000 0.014685069998
4.200000000000 4.200000000000 0.010134338073
4.400000000000 4.200000000000 0.006746195789
4.600000000000 4.200000000000 0.004451982213
4.800000000000 4.200000000000 0.003139534770

0.000000000000 4.400000000000 0.001806780236
0.200000000000 4.400000000000 0.002089939731
0.400000000000 4.400000000000 0.002963600872
0.600000000000 4.400000000000 0.004490797994
0.800000000000 4.400000000000 0.006746195789
1.000000000000 4.400000000000 0.009775501713
1.200000000000 4.400000000000 0.013549568694
1.400000000000 4.400000000000 0.017924875194
1.600000000000 4.400000000000 0.022623813408
1.800000000000 4.400000000000 0.027246093972
2.000000000000 4.400000000000 0.031315698591
2.200000000000 4.400000000000 0.034357383833
2.400000000000 4.400000000000 0.035986096454
2.600000000000 4.400000000000 0.035986096454
2.800000000000 4.400000000000 0.034357383833
3.000000000000 4.400000000000 0.031315698591
3.200000000000 4.400000000000 0.027246093972
3.400000000000 4.400000000000 0.022623813408
3.600000000000 4.400000000000 0.017924875194
3.800000000000 4.400000000000 0.013549568694
4.000000000000 4.400000000000 0.009775501713
4.200000000000 4.400000000000 0.006746195789
4.400000000000 4.400000000000 0.004490797994
4.600000000000 4.400000000000 0.002963600872
4.800000000000 4.400000000000 0.002089939731

0.000000000000 4.600000000000 0.001192364733
0.200000000000 4.600000000000 0.001379227292
0.400000000000 4.600000000000 0.001955773508
0.600000000000 4.600000000000 0.002963600872
0.800000000000 4.600000000000 0.004451982213
1.000000000000 4.600000000000 0.006451081360
1.200000000000 4.600000000000 0.008941664601
1.400000000000 4.600000000000 0.011829020331
1.600000000000 4.600000000000 0.014929950257
1.800000000000 4.600000000000 0.017980295037
2.000000000000 4.600000000000 0.020665919064
2.200000000000 4.600000000000 0.022673197215
2.400000000000 4.600000000000 0.023748022647
2.600000000000 4.600000000000 0.023748022647
2.800000000000 4.600000000000 0.022673197215
3.000000000000 4.600000000000 0.020665919064
3.200000000000 4.600000000000 0.017980295037
3.400000000000 4.600000000000 0.014929950257
3.600000000000 4.600000000000 0.011829020331
3.800000000000 4.600000000000 0.008941664601
4.000000000000 4.600000000000 0.006451081360
4.200000000000 4.600000000000 0.004451982213
4.400000000000 4.600000000000 0.002963600872
4.600000000000 4.600000000000 0.001955773508
4.800000000000 4.600000000000 0.001379227292

0.000000000000 4.800000000000 0.000840876684
0.200000000000 4.800000000000 0.000972650912
0.400000000000 4.800000000000 0.001379227292
0.600000000000 4.800000000000 0.002089939731
0.800000000000 4.800000000000 0.003139534770
1.000000000000 4.800000000000 0.004549283727
1.200000000000 4.800000000000 0.006305623539
1.400000000000 4.800000000000 0.008341764958
1.600000000000 4.800000000000 0.010528518518
1.800000000000 4.800000000000 0.012679601189
2.000000000000 4.800000000000 0.014573486414
2.200000000000 4.800000000000 0.015989007105
2.400000000000 4.800000000000 0.016746967901
2.600000000000 4.800000000000 0.016746967901
2.800000000000 4.800000000000 0.015989007105
3.000000000000 4.800000000000 0.014573486414
3.200000000000 4.800000000000 0.012679601189
3.400000000000 4.800000000000 0.010528518518
3.600000000000 4.800000000000 0.008341764958
3.800000000000 4.800000000000 0.006305623539
4.000000000000 4.800000000000 0.004549283727
4.200000000000 4.800000000000 0.003139534770
4.400000000000 4.800000000000 0.002089939731
4.600000000000 4.800000000000 0.001379227292
4.800000000000 4.800000000000 0.000972650912

