# x y u
0.000000000000 0.000000000000 0.020693319394
0.200000000000 0.000000000000 0.008919430849
0.400000000000 0.000000000000 0.003201644717
0.600000000000 0.000000000000 0.000916364121
0.800000000000 0.000000000000 0.000188389101
1.000000000000 0.000000000000 0.000022604571
1.200000000000 0.000000000000 -0.000002218928
1.400000000000 0.000000000000 -0.000008420290
1.600000000000 0.000000000000 0.000006111406
1.800000000000 0.000000000000 0.000033346740
2.000000000000 0.000000000000 0.000068511052
2.200000000000 0.000000000000 0.000265450450
2.400000000000 0.000000000000 0.000982050458
2.600000000000 0.000000000000 0.002869271438
2.800000000000 0.000000000000 0.007508806120
3.000000000000 0.000000000000 0.018072344206
3.200000000000 0.000000000000 0.038143591247
3.400000000000 0.000000000000 0.068121561561
3.600000000000 0.000000000000 0.102059478232
3.800000000000 0.000000000000 0.128903727447
4.000000000000 0.000000000000 0.138417684384
4.200000000000 0.000000000000 0.127340299853
4.400000000000 0.000000000000 0.100912800615
4.600000000000 0.000000000000 0.069066103089
4.800000000000 0.000000000000 0.040794876657

0.000000000000 0.200000000000 0.008919430849
0.200000000000 0.200000000000 0.003873601254
0.400000000000 0.200000000000 0.001403605870
0.600000000000 0.200000000000 0.000407120703
0.800000000000 0.200000000000 0.000085665436
1.000000000000 0.200000000000 0.000010748259
1.200000000000 0.200000000000 -0.000000779181
1.400000000000 0.200000000000 -0.000003444917
1.600000000000 0.200000000000 0.000002387364
1.800000000000 0.200000000000 0.000013813948
2.000000000000 0.200000000000 0.000029029161
2.200000000000 0.200000000000 0.000110996447
2.400000000000 0.200000000000 0.000408942318
2.600000000000 0.200000000000 0.001196064945
2.800000000000 0.200000000000 0.003129436315
3.000000000000 0.200000000000 0.007523936797
3.200000000000 0.200000000000 0.015877506990
3.400000000000 0.200000000000 0.028388989289
3.600000000000 0.200000000000 0.042626070174
3.800000000000 0.200000000000 0.053996043146
4.000000000000 0.200000000000 0.058183409737
4.200000000000 0.200000000000 0.053738478375
4.400000000000 0.200000000000 0.042773456185
4.600000000000 0.200000000000 0.029418465722
4.800000000000 0.200000000000 0.017472565055

0.000000000000 0.400000000000 0.003201644717
0.200000000000 0.400000000000 0.001403605870
0.400000000000 0.400000000000 0.000514546451
0.600000000000 0.400000000000 0.000151667325
0.800000000000 0.400000000000 0.000032792650
1.000000000000 0.400000000000 0.000004327472
1.200000000000 0.400000000000 -0.000000194328
1.400000000000 0.400000000000 -0.000001160254
1.600000000000 0.400000000000 0.000000740819
1.800000000000 0.400000000000 0.000004698643
2.000000000000 0.400000000000 0.000010117040
2.200000000000 0.400000000000 0.000038047289
2.400000000000 0.400000000000 0.000139679204
2.600000000000 0.400000000000 0.000409343683
2.800000000000 0.400000000000 0.001071193496
3.000000000000 0.400000000000 0.002573630343
3.200000000000 0.400000000000 0.005434329208
3.400000000000 0.400000000000 0.009738453171
3.600000000000 0.400000000000 0.014672994559
3.800000000000 0.400000000000 0.018666447023
4.000000000000 0.400000000000 0.020212010942
4.200000000000 0.400000000000 0.018768115688
4.400000000000 0.400000000000 0.015026144671
4.600000000000 0.400000000000 0.010400954323
4.800000000000 0.400000000000 0.006221489963

0.000000000000 0.600000000000 0.000916364121
0.200000000000 0.600000000000 0.000407120703
0.400000000000 0.600000000000 0.000151667325
0.600000000000 0.600000000000 0.000045685690
0.800000000000 0.600000000000 0.000010231027
1.000000000000 0.600000000000 0.000001436773
1.200000000000 0.600000000000 -0.000000018658
1.400000000000 0.600000000000 -0.000000303408
1.600000000000 0.600000000000 0.000000163482
1.800000000000 0.600000000000 0.000001237022
2.000000000000 0.600000000000 0.000002747241
2.200000000000 0.600000000000 0.000010079014
2.400000000000 0.600000000000 0.000036885667
2.600000000000 0.600000000000 0.000108518068
2.800000000000 0.600000000000 0.000284198789
3.000000000000 0.600000000000 0.000682698178
3.200000000000 0.600000000000 0.001444410038
3.400000000000 0.600000000000 0.002599831640
3.600000000000 0.600000000000 0.003940952934
3.800000000000 0.600000000000 0.005049116288
4.000000000000 0.600000000000 0.005509774002
4.200000000000 0.600000000000 0.005158932166
4.400000000000 0.600000000000 0.004167219652
4.600000000000 0.600000000000 0.002912178893
4.800000000000 0.600000000000 0.001760178393

0.000000000000 0.800000000000 0.000188389101
0.200000000000 0.800000000000 0.000085665436
0.400000000000 0.800000000000 0.000032792650
0.600000000000 0.800000000000 0.000010231027
0.800000000000 0.800000000000 0.000002417036
1.000000000000 0.800000000000 0.000000371005
1.200000000000 0.800000000000 0.000000010731
1.400000000000 0.800000000000 -0.000000053396
1.600000000000 0.800000000000 0.000000015181
1.800000000000 0.800000000000 0.000000213775
2.000000000000 0.800000000000 0.000000495344
2.200000000000 0.800000000000 0.000001727851
2.400000000000 0.800000000000 0.000006335204
2.600000000000 0.800000000000 0.000018849999
2.800000000000 0.800000000000 0.000049547454
3.000000000000 0.800000000000 0.000119378379
3.200000000000 0.800000000000 0.000254606593
3.400000000000 0.800000000000 0.000464047614
3.600000000000 0.800000000000 0.000714071420
3.800000000000 0.800000000000 0.000929799141
4.000000000000 0.800000000000 0.001031792333
4.200000000000 0.800000000000 0.000982833799
4.400000000000 0.800000000000 0.000808033584
4.600000000000 0.800000000000 0.000575112182
4.800000000000 0.800000000000 0.000354390280

0.000000000000 1.000000000000 0.000022604571
0.200000000000 1.000000000000 0.000010748259
0.400000000000 1.000000000000 0.000004327472
0.600000000000 1.000000000000 0.000001436773
0.800000000000 1.000000000000 0.000000371005
1.000000000000 1.000000000000 0.000000065587
1.200000000000 1.000000000000 0.000000005021
1.400000000000 1.000000000000 -0.000000004620
1.600000000000 1.000000000000 -0.000000001491
1.800000000000 1.000000000000 0.000000015908
2.000000000000 1.000000000000 0.000000039812
2.200000000000 1.000000000000 0.000000126088
2.400000000000 1.000000000000 0.000000475627
2.600000000000 1.000000000000 0.000001474820
2.800000000000 1.000000000000 0.000003966101
3.000000000000 1.000000000000 0.000009768078
3.200000000000 1.000000000000 0.000021493040
3.400000000000 1.000000000000 0.000040679384
3.600000000000 1.000000000000 0.000065145536
3.800000000000 1.000000000000 0.000088272369
4.000000000000 1.000000000000 0.000101855249
4.200000000000 1.000000000000 0.000100813807
4.400000000000 1.000000000000 0.000086095822
4.600000000000 1.000000000000 0.000063668857
4.800000000000 1.000000000000 0.000040804480

0.000000000000 1.200000000000 -0.000002218928
0.200000000000 1.200000000000 -0.000000779181
0.400000000000 1.200000000000 -0.000000194328
0.600000000000 1.200000000000 -0.000000018658
0.800000000000 1.200000000000 0.000000010731
1.000000000000 1.200000000000 0.000000005021
1.200000000000 1.200000000000 0.000000001258
1.400000000000 1.200000000000 0.000000002698
1.600000000000 1.200000000000 -0.000000000889
1.800000000000 1.200000000000 -0.000000005723
2.000000000000 1.200000000000 -0.000000001607
2.200000000000 1.200000000000 -0.000000014137
2.400000000000 1.200000000000 -0.000000095065
2.600000000000 1.200000000000 -0.000000300337
2.800000000000 1.200000000000 -0.000000832475
3.000000000000 1.200000000000 -0.000002259626
3.200000000000 1.200000000000 -0.000005340192
3.400000000000 1.200000000000 -0.000010264535
3.600000000000 1.200000000000 -0.000015959618
3.800000000000 1.200000000000 -0.000020351597
4.000000000000 1.200000000000 -0.000021599728
4.200000000000 1.200000000000 -0.000019285079
4.400000000000 1.200000000000 -0.000014568600
4.600000000000 1.200000000000 -0.000009314038
4.800000000000 1.200000000000 -0.000005004610

0.000000000000 1.400000000000 -0.000008420290
0.200000000000 1.400000000000 -0.000003444917
0.400000000000 1.400000000000 -0.000001160254
0.600000000000 1.400000000000 -0.000000303408
0.800000000000 1.400000000000 -0.000000053396
1.000000000000 1.400000000000 -0.000000004620
1.200000000000 1.400000000000 0.000000002698
1.400000000000 1.400000000000 0.000000003976
1.600000000000 1.400000000000 -0.000000006402
1.800000000000 1.400000000000 -0.000000017686
2.000000000000 1.400000000000 -0.000000037719
2.200000000000 1.400000000000 -0.000000168214
2.400000000000 1.400000000000 -0.000000601607
2.600000000000 1.400000000000 -0.000001715533
2.800000000000 1.400000000000 -0.000004486333
3.000000000000 1.400000000000 -0.000010720296
3.200000000000 1.400000000000 -0.000022106328
3.400000000000 1.400000000000 -0.000038189363
3.600000000000 1.400000000000 -0.000055120949
3.800000000000 1.400000000000 -0.000066994936
4.000000000000 1.400000000000 -0.000069218295
4.200000000000 1.400000000000 -0.000061266218
4.400000000000 1.400000000000 -0.000046691736
4.600000000000 1.400000000000 -0.000030698310
4.800000000000 1.400000000000 -0.000017381183

0.000000000000 1.600000000000 0.000006111406
0.200000000000 1.600000000000 0.000002387364
0.400000000000 1.600000000000 0.000000740819
0.600000000000 1.600000000000 0.000000163482
0.800000000000 1.600000000000 0.000000015181
1.000000000000 1.600000000000 -0.000000001491
1.200000000000 1.600000000000 -0.000000000889
1.400000000000 1.600000000000 -0.000000006402
1.600000000000 1.600000000000 0.000000000625
1.800000000000 1.600000000000 0.000000011283
2.000000000000 1.600000000000 -0.000000003645
2.200000000000 1.600000000000 0.000000002547
2.400000000000 1.600000000000 0.000000132227
2.600000000000 1.600000000000 0.000000470959
2.800000000000 1.600000000000 0.000001391690
3.000000000000 1.600000000000 0.000004114564
3.200000000000 1.600000000000 0.000010448135
3.400000000000 1.600000000000 0.000021130157
3.600000000000 1.600000000000 0.000034096026
3.800000000000 1.600000000000 0.000044790956
4.000000000000 1.600000000000 0.000048813329
4.200000000000 1.600000000000 0.000044737704
4.400000000000 1.600000000000 0.000034773518
4.600000000000 1.600000000000 0.000023001417
4.800000000000 1.600000000000 0.000012922275

0.000000000000 1.800000000000 0.000033346740
0.200000000000 1.800000000000 0.000013813948
0.400000000000 1.800000000000 0.000004698643
0.600000000000 1.800000000000 0.000001237022
0.800000000000 1.800000000000 0.000000213775
1.000000000000 1.800000000000 0.000000015908
1.200000000000 1.800000000000 -0.000000005723
1.400000000000 1.800000000000 -0.000000017686
1.600000000000 1.800000000000 0.000000011283
1.800000000000 1.800000000000 0.000000062604
2.000000000000 1.800000000000 0.000000109543
2.200000000000 1.800000000000 0.000000439770
2.400000000000 1.800000000000 0.000001705613
2.600000000000 1.800000000000 0.000005020683
2.800000000000 1.800000000000 0.000013206822
3.000000000000 1.800000000000 0.000032174302
3.200000000000 1.800000000000 0.000068692055
3.400000000000 1.800000000000 0.000123424529
3.600000000000 1.800000000000 0.000184964479
3.800000000000 1.800000000000 0.000232537813
4.000000000000 1.800000000000 0.000247531410
4.200000000000 1.800000000000 0.000224911714
4.400000000000 1.800000000000 0.000175395196
4.600000000000 1.800000000000 0.000117664337
4.800000000000 1.800000000000 0.000067802698

0.000000000000 2.000000000000 0.000068511052
0.200000000000 2.000000000000 0.000029029161
0.400000000000 2.000000000000 0.000010117040
0.600000000000 2.000000000000 0.000002747241
0.800000000000 2.000000000000 0.000000495344
1.000000000000 2.000000000000 0.000000039812
1.200000000000 2.000000000000 -0.000000001607
1.400000000000 2.000000000000 -0.000000037719
1.600000000000 2.000000000000 -0.000000003645
1.800000000000 2.000000000000 0.000000109543
2.000000000000 2.000000000000 0.000000150351
2.200000000000 2.000000000000 0.000000473154
2.400000000000 2.000000000000 0.000002167726
2.600000000000 2.000000000000 0.000006767502
2.800000000000 2.000000000000 0.000017962321
3.000000000000 2.000000000000 0.000045117899
3.200000000000 2.000000000000 0.000101716533
3.400000000000 2.000000000000 0.000193704225
3.600000000000 2.000000000000 0.000305846726
3.800000000000 2.000000000000 0.000402069474
4.000000000000 2.000000000000 0.000444592216
4.200000000000 2.000000000000 0.000417449224
4.400000000000 2.000000000000 0.000335078866
4.600000000000 2.000000000000 0.000230699228
4.800000000000 2.000000000000 0.000136160857

0.000000000000 2.200000000000 0.000265450450
0.200000000000 2.200000000000 0.000110996447
0.400000000000 2.200000000000 0.000038047289
0.600000000000 2.200000000000 0.000010079014
0.800000000000 2.200000000000 0.000001727851
1.000000000000 2.200000000000 0.000000126088
1.200000000000 2.200000000000 -0.000000014137
1.400000000000 2.200000000000 -0.000000168214
1.600000000000 2.200000000000 0.000000002547
1.800000000000 2.200000000000 0.000000439770
2.000000000000 2.200000000000 0.000000473154
2.200000000000 2.200000000000 0.000001660150
2.400000000000 2.200000000000 0.000008310104
2.600000000000 2.200000000000 0.000026161397
2.800000000000 2.200000000000 0.000070398852
3.000000000000 2.200000000000 0.000180862053
3.200000000000 2.200000000000 0.000414209666
3.400000000000 2.200000000000 0.000793566478
3.600000000000 2.200000000000 0.001252524319
3.800000000000 2.200000000000 0.001640109234
4.000000000000 2.200000000000 0.001802818658
4.200000000000 2.200000000000 0.001680623701
4.400000000000 2.200000000000 0.001338102443
4.600000000000 2.200000000000 0.000913046206
4.800000000000 2.200000000000 0.000533550051

0.000000000000 2.400000000000 0.000982050458
0.200000000000 2.400000000000 0.000408942318
0.400000000000 2.400000000000 0.000139679204
0.600000000000 2.400000000000 0.000036885667
0.800000000000 2.400000000000 0.000006335204
1.000000000000 2.400000000000 0.000000475627
1.200000000000 2.400000000000 -0.000000095065
1.400000000000 2.400000000000 -0.000000601607
1.600000000000 2.400000000000 0.000000132227
1.800000000000 2.400000000000 0.000001705613
2.000000000000 2.400000000000 0.000002167726
2.200000000000 2.400000000000 0.000008310104
2.400000000000 2.400000000000 0.000037166159
2.600000000000 2.400000000000 0.000113617581
2.800000000000 2.400000000000 0.000303291260
3.000000000000 2.400000000000 0.000764419888
3.200000000000 2.400000000000 0.001705400818
3.400000000000 2.400000000000 0.003189440611
3.600000000000 2.400000000000 0.004936671710
3.800000000000 2.400000000000 0.006365389047
4.000000000000 2.400000000000 0.006911545998
4.200000000000 2.400000000000 0.006379404021
4.400000000000 2.400000000000 0.005037877988
4.600000000000 2.400000000000 0.003414154978
4.800000000000 2.400000000000 0.001983609718

0.000000000000 2.600000000000 0.002869271438
0.200000000000 2.600000000000 0.001196064945
0.400000000000 2.600000000000 0.000409343683
0.600000000000 2.600000000000 0.000108518068
0.800000000000 2.600000000000 0.000018849999
1.000000000000 2.600000000000 0.000001474820
1.200000000000 2.600000000000 -0.000000300337
1.400000000000 2.600000000000 -0.000001715533
1.600000000000 2.600000000000 0.000000470959
1.800000000000 2.600000000000 0.000005020683
2.000000000000 2.600000000000 0.000006767502
2.200000000000 2.600000000000 0.000026161397
2.400000000000 2.600000000000 0.000113617581
2.600000000000 2.600000000000 0.000344749131
2.800000000000 2.600000000000 0.000917462100
3.000000000000 2.600000000000 0.002297975468
3.200000000000 2.600000000000 0.005088251139
3.400000000000 2.600000000000 0.009454863129
3.600000000000 2.600000000000 0.014562931498
3.800000000000 2.600000000000 0.018710432726
4.000000000000 2.600000000000 0.020263451791
4.200000000000 2.600000000000 0.018669433894
4.400000000000 2.600000000000 0.014725817966
4.600000000000 2.600000000000 0.009973014960
4.800000000000 2.600000000000 0.005793343857

0.000000000000 2.800000000000 0.007508806120
0.200000000000 2.800000000000 0.003129436315
0.400000000000 2.800000000000 0.001071193496
0.600000000000 2.800000000000 0.000284198789
0.800000000000 2.800000000000 0.000049547454
1.000000000000 2.800000000000 0.000003966101
1.200000000000 2.800000000000 -0.000000832475
1.400000000000 2.800000000000 -0.000004486333
1.600000000000 2.800000000000 0.000001391690
1.800000000000 2.800000000000 0.000013206822
2.000000000000 2.800000000000 0.000017962321
2.200000000000 2.800000000000 0.000070398852
2.400000000000 2.800000000000 0.000303291260
2.600000000000 2.800000000000 0.000917462100
2.800000000000 2.800000000000 0.002440513267
3.000000000000 2.800000000000 0.006105295352
3.200000000000 2.800000000000 0.013487563551
3.400000000000 2.800000000000 0.024999612630
3.600000000000 2.800000000000 0.038418702569
3.800000000000 2.800000000000 0.049265084424
4.000000000000 2.800000000000 0.053268099478
4.200000000000 2.800000000000 0.049011924914
4.400000000000 2.800000000000 0.038616217755
4.600000000000 2.800000000000 0.026129377602
4.800000000000 2.800000000000 0.015168159800

0.000000000000 3.000000000000 0.018072344206
0.200000000000 3.000000000000 0.007523936797
0.400000000000 3.000000000000 0.002573630343
0.600000000000 3.000000000000 0.000682698178
0.800000000000 3.000000000000 0.000119378379
1.000000000000 3.000000000000 0.000009768078
1.200000000000 3.000000000000 -0.000002259626
1.400000000000 3.000000000000 -0.000010720296
1.600000000000 3.000000000000 0.000004114564
1.800000000000 3.000000000000 0.000032174302
2.000000000000 3.000000000000 0.000045117899
2.200000000000 3.000000000000 0.000180862053
2.400000000000 3.000000000000 0.000764419888
2.600000000000 3.000000000000 0.002297975468
2.800000000000 3.000000000000 0.006105295352
3.000000000000 3.000000000000 0.015219981877
3.200000000000 3.000000000000 0.033433104046
3.400000000000 3.000000000000 0.061609347401
3.600000000000 3.000000000000 0.094197136706
3.800000000000 3.000000000000 0.120275391243
4.000000000000 3.000000000000 0.129586775299
4.200000000000 3.000000000000 0.118879362187
4.400000000000 3.000000000000 0.093431563929
4.600000000000 3.000000000000 0.063087794676
4.800000000000 3.000000000000 0.036558798097

0.000000000000 3.200000000000 0.038143591247
0.200000000000 3.200000000000 0.015877506990
0.400000000000 3.200000000000 0.005434329208
0.600000000000 3.200000000000 0.001444410038
0.800000000000 3.200000000000 0.000254606593
1.000000000000 3.200000000000 0.000021493040
1.200000000000 3.200000000000 -0.000005340192
1.400000000000 3.200000000000 -0.000022106328
1.600000000000 3.200000000000 0.000010448135
1.800000000000 3.200000000000 0.000068692055
2.000000000000 3.200000000000 0.000101716533
2.200000000000 3.200000000000 0.000414209666
2.400000000000 3.200000000000 0.001705400818
2.600000000000 3.200000000000 0.005088251139
2.800000000000 3.200000000000 0.013487563551
3.000000000000 3.200000000000 0.033433104046
3.200000000000 3.200000000000 0.072862395288
3.400000000000 3.200000000000 0.133262744128
3.600000000000 3.200000000000 0.202484307601
3.800000000000 3.200000000000 0.257259970172
4.000000000000 3.200000000000 0.276090501670
4.200000000000 3.200000000000 0.252496400215
4.400000000000 3.200000000000 0.197968481763
4.600000000000 3.200000000000 0.133429903071
4.800000000000 3.200000000000 0.077220720099

0.000000000000 3.400000000000 0.068121561561
0.200000000000 3.400000000000 0.028388989289
0.400000000000 3.400000000000 0.009738453171
0.600000000000 3.400000000000 0.002599831640
0.800000000000 3.400000000000 0.000464047614
1.000000000000 3.400000000000 0.000040679384
1.200000000000 3.400000000000 -0.000010264535
1.400000000000 3.400000000000 -0.000038189363
1.600000000000 3.400000000000 0.000021130157
1.800000000000 3.400000000000 0.000123424529
2.000000000000 3.400000000000 0.000193704225
2.200000000000 3.400000000000 0.000793566478
2.400000000000 3.400000000000 0.003189440611
2.600000000000 3.400000000000 0.009454863129
2.800000000000 3.400000000000 0.024999612630
3.000000000000 3.400000000000 0.061609347401
3.200000000000 3.400000000000 0.133262744128
3.400000000000 3.400000000000 0.242079894138
3.600000000000 3.400000000000 0.365841880530
3.800000000000 3.400000000000 0.462905425378
4.000000000000 3.400000000000 0.495277734112
4.200000000000 3.400000000000 0.451958361146
4.400000000000 3.400000000000 0.353827633269
4.600000000000 3.400000000000 0.238271300215
4.800000000000 3.400000000000 0.137858867914

0.000000000000 3.600000000000 0.102059478232
0.200000000000 3.600000000000 0.042626070174
0.400000000000 3.600000000000 0.014672994559
0.600000000000 3.600000000000 0.003940952934
0.800000000000 3.600000000000 0.000714071420
1.000000000000 3.600000000000 0.000065145536
1.200000000000 3.600000000000 -0.000015959618
1.400000000000 3.600000000000 -0.000055120949
1.600000000000 3.600000000000 0.000034096026
1.800000000000 3.600000000000 0.000184964479
2.000000000000 3.600000000000 0.000305846726
2.200000000000 3.600000000000 0.001252524319
2.400000000000 3.600000000000 0.004936671710
2.600000000000 3.600000000000 0.014562931498
2.800000000000 3.600000000000 0.038418702569
3.000000000000 3.600000000000 0.094197136706
3.200000000000 3.600000000000 0.202484307601
3.400000000000 3.600000000000 0.365841880530
3.600000000000 3.600000000000 0.550616867263
3.800000000000 3.600000000000 0.694674783429
4.000000000000 3.600000000000 0.741795179556
4.200000000000 3.600000000000 0.676104656109
4.400000000000 3.600000000000 0.529019656361
4.600000000000 3.600000000000 0.356267254352
4.800000000000 3.600000000000 0.206264086909

0.000000000000 3.800000000000 0.128903727447
0.200000000000 3.800000000000 0.053996043146
0.400000000000 3.800000000000 0.018666447023
0.600000000000 3.800000000000 0.005049116288
0.800000000000 3.800000000000 0.000929799141
1.000000000000 3.800000000000 0.000088272369
1.200000000000 3.800000000000 -0.000020351597
1.400000000000 3.800000000000 -0.000066994936
1.600000000000 3.800000000000 0.000044790956
1.800000000000 3.800000000000 0.000232537813
2.000000000000 3.800000000000 0.000402069474
2.200000000000 3.800000000000 0.001640109234
2.400000000000 3.800000000000 0.006365389047
2.600000000000 3.800000000000 0.018710432726
2.800000000000 3.800000000000 0.049265084424
3.000000000000 3.800000000000 0.120275391243
3.200000000000 3.800000000000 0.257259970172
3.400000000000 3.800000000000 0.462905425378
3.600000000000 3.800000000000 0.694674783429
3.800000000000 3.800000000000 0.874775841151
4.000000000000 3.800000000000 0.933133743015
4.200000000000 3.800000000000 0.850186231686
4.400000000000 3.800000000000 0.665378637231
4.600000000000 3.800000000000 0.448447409577
4.800000000000 3.800000000000 0.259985832676

0.000000000000 4.000000000000 0.138417684384
0.200000000000 4.000000000000 0.058183409737
0.400000000000 4.000000000000 0.020212010942
0.600000000000 4.000000000000 0.005509774002
0.800000000000 4.000000000000 0.001031792333
1.000000000000 4.000000000000 0.000101855249
1.200000000000 4.000000000000 -0.000021599728
1.400000000000 4.000000000000 -0.000069218295
1.600000000000 4.000000000000 0.000048813329
1.800000000000 4.000000000000 0.000247531410
2.000000000000 4.000000000000 0.000444592216
2.200000000000 4.000000000000 0.001802818658
2.400000000000 4.000000000000 0.006911545998
2.600000000000 4.000000000000 0.020263451791
2.800000000000 4.000000000000 0.053268099478
3.000000000000 4.000000000000 0.129586775299
3.200000000000 4.000000000000 0.276090501670
3.400000000000 4.000000000000 0.495277734112
3.600000000000 4.000000000000 0.741795179556
3.800000000000 4.000000000000 0.933133743015
4.000000000000 4.000000000000 0.995071643966
4.200000000000 4.000000000000 0.906882166449
4.400000000000 4.000000000000 0.710337585482
4.600000000000 4.000000000000 0.479393247330
4.800000000000 4.000000000000 0.278456123767

0.000000000000 4.200000000000 0.127340299853
0.200000000000 4.200000000000 0.053738478375
0.400000000000 4.200000000000 0.018768115688
0.600000000000 4.200000000000 0.005158932166
0.800000000000 4.200000000000 0.000982833799
1.000000000000 4.200000000000 0.000100813807
1.200000000000 4.200000000000 -0.000019285079
1.400000000000 4.200000000000 -0.000061266218
1.600000000000 4.200000000000 0.000044737704
1.800000000000 4.200000000000 0.000224911714
2.000000000000 4.200000000000 0.000417449224
2.200000000000 4.200000000000 0.001680623701
2.400000000000 4.200000000000 0.006379404021
2.600000000000 4.200000000000 0.018669433894
2.800000000000 4.200000000000 0.049011924914
3.000000000000 4.200000000000 0.118879362187
3.200000000000 4.200000000000 0.252496400215
3.400000000000 4.200000000000 0.451958361146
3.600000000000 4.200000000000 0.676104656109
3.800000000000 4.200000000000 0.850186231686
4.000000000000 4.200000000000 0.906882166449
4.200000000000 4.200000000000 0.827202139600
4.400000000000 4.200000000000 0.648790280575
4.600000000000 4.200000000000 0.438654914990
4.800000000000 4.200000000000 0.255396198271

0.000000000000 4.400000000000 0.100912800615
0.200000000000 4.400000000000 0.042773456185
0.400000000000 4.400000000000 0.015026144671
0.600000000000 4.400000000000 0.004167219652
0.800000000000 4.400000000000 0.000808033584
1.000000000000 4.400000000000 0.000086095822
1.200000000000 4.400000000000 -0.000014568600
1.400000000000 4.400000000000 -0.000046691736
1.600000000000 4.400000000000 0.000034773518
1.800000000000 4.400000000000 0.000175395196
2.000000000000 4.400000000000 0.000335078866
2.200000000000 4.400000000000 0.001338102443
2.400000000000 4.400000000000 0.005037877988
2.600000000000 4.400000000000 0.014725817966
2.800000000000 4.400000000000 0.038616217755
3.000000000000 4.400000000000 0.093431563929
3.200000000000 4.400000000000 0.197968481763
3.400000000000 4.400000000000 0.353827633269
3.600000000000 4.400000000000 0.529019656361
3.800000000000 4.400000000000 0.665378637231
4.000000000000 4.400000000000 0.710337585482
4.200000000000 4.400000000000 0.648790280575
4.400000000000 4.400000000000 0.509773385132
4.600000000000 4.400000000000 0.345446226473
4.800000000000 4.400000000000 0.201691613173

0.000000000000 4.600000000000 0.069066103089
0.200000000000 4.600000000000 0.029418465722
0.400000000000 4.600000000000 0.010400954323
0.600000000000 4.600000000000 0.002912178893
0.800000000000 4.600000000000 0.000575112182
1.000000000000 4.600000000000 0.000063668857
1.200000000000 4.600000000000 -0.000009314038
1.400000000000 4.600000000000 -0.000030698310
1.600000000000 4.600000000000 0.000023001417
1.800000000000 4.600000000000 0.000117664337
2.000000000000 4.600000000000 0.000230699228
2.200000000000 4.600000000000 0.000913046206
2.400000000000 4.600000000000 0.003414154978
2.600000000000 4.600000000000 0.009973014960
2.800000000000 4.600000000000 0.026129377602
3.000000000000 4.600000000000 0.063087794676
3.200000000000 4.600000000000 0.133429903071
3.400000000000 4.600000000000 0.238271300215
3.600000000000 4.600000000000 0.356267254352
3.800000000000 4.600000000000 0.448447409577
4.000000000000 4.600000000000 0.479393247330
4.200000000000 4.600000000000 0.438654914990
4.400000000000 4.600000000000 0.345446226473
4.600000000000 4.600000000000 0.234730126647
4.800000000000 4.600000000000 0.137496961523

0.000000000000 4.800000000000 0.040794876657
0.200000000000 4.800000000000 0.017472565055
0.400000000000 4.800000000000 0.006221489963
0.600000000000 4.800000000000 0.001760178393
0.800000000000 4.800000000000 0.000354390280
1.000000000000 4.800000000000 0.000040804480
1.200000000000 4.800000000000 -0.000005004610
1.400000000000 4.800000000000 -0.000017381183
1.600000000000 4.800000000000 0.000012922275
1.800000000000 4.800000000000 0.000067802698
2.000000000000 4.800000000000 0.000136160857
2.200000000000 4.800000000000 0.000533550051
2.400000000000 4.800000000000 0.001983609718
2.600000000000 4.800000000000 0.005793343857
2.800000000000 4.800000000000 0.015168159800
3.000000000000 4.800000000000 0.036558798097
3.200000000000 4.800000000000 0.077220720099
3.400000000000 4.800000000000 0.137858867914
3.600000000000 4.800000000000 0.206264086909
3.800000000000 4.800000000000 0.259985832676
4.000000000000 4.800000000000 0.278456123767
4.200000000000 4.800000000000 0.255396198271
4.400000000000 4.800000000000 0.201691613173
4.600000000000 4.800000000000 0.137496961523
4.800000000000 4.800000000000 0.080848409252

