# x y u
0.000000000000 0.000000000000 0.000158434791
0.200000000000 0.000000000000 0.000041303482
0.400000000000 0.000000000000 0.000007452413
0.600000000000 0.000000000000 0.000000713408
0.800000000000 0.000000000000 -0.000000273654
1.000000000000 0.000000000000 -0.000000307672
1.200000000000 0.000000000000 0.000001140472
1.400000000000 0.000000000000 0.000003491035
1.600000000000 0.000000000000 0.000010265874
1.800000000000 0.000000000000 0.000039637024
2.000000000000 0.000000000000 0.000129249568
2.200000000000 0.000000000000 0.000358993532
2.400000000000 0.000000000000 0.000906705133
2.600000000000 0.000000000000 0.002050629652
2.800000000000 0.000000000000 0.003993826211
3.000000000000 0.000000000000 0.006568145397
3.200000000000 0.000000000000 0.009106282056
3.400000000000 0.000000000000 0.010707886854
3.600000000000 0.000000000000 0.010758768542
3.800000000000 0.000000000000 0.009294199438
4.000000000000 0.000000000000 0.006930565086
4.200000000000 0.000000000000 0.004466450804
4.400000000000 0.000000000000 0.002482358682
4.600000000000 0.000000000000 0.001182084389
4.800000000000 0.000000000000 0.000476211117

0.000000000000 0.200000000000 0.000041303482
0.200000000000 0.200000000000 0.000011079536
0.400000000000 0.200000000000 0.000002098871
0.600000000000 0.200000000000 0.000000220819
0.800000000000 0.200000000000 -0.000000055223
1.000000000000 0.200000000000 -0.000000074452
1.200000000000 0.200000000000 0.000000243757
1.400000000000 0.200000000000 0.000000804050
1.600000000000 0.200000000000 0.000002351660
1.800000000000 0.200000000000 0.000008954185
2.000000000000 0.200000000000 0.000029288262
2.200000000000 0.200000000000 0.000081594980
2.400000000000 0.200000000000 0.000206203733
2.600000000000 0.200000000000 0.000467220178
2.800000000000 0.200000000000 0.000914191354
3.000000000000 0.200000000000 0.001513788639
3.200000000000 0.200000000000 0.002116104250
3.400000000000 0.200000000000 0.002510986242
3.600000000000 0.200000000000 0.002547500312
3.800000000000 0.200000000000 0.002223390487
4.000000000000 0.200000000000 0.001676063626
4.200000000000 0.200000000000 0.001092787479
4.400000000000 0.200000000000 0.000615094496
4.600000000000 0.200000000000 0.000297082450
4.800000000000 0.200000000000 0.000121660732

0.000000000000 0.400000000000 0.000007452413
0.200000000000 0.400000000000 0.000002098871
0.400000000000 0.400000000000 0.000000429456
0.600000000000 0.400000000000 0.000000051965
0.800000000000 0.400000000000 -0.000000005044
1.000000000000 0.400000000000 -0.000000012366
1.200000000000 0.400000000000 0.000000027144
1.400000000000 0.400000000000 0.000000108676
1.600000000000 0.400000000000 0.000000308061
1.800000000000 0.400000000000 0.000001146916
2.000000000000 0.400000000000 0.000003813534
2.200000000000 0.400000000000 0.000010747861
2.400000000000 0.400000000000 0.000027336818
2.600000000000 0.400000000000 0.000062610367
2.800000000000 0.400000000000 0.000124607160
3.000000000000 0.400000000000 0.000210670666
3.200000000000 0.400000000000 0.000301168518
3.400000000000 0.400000000000 0.000365656645
3.600000000000 0.400000000000 0.000379630447
3.800000000000 0.400000000000 0.000339113155
4.000000000000 0.400000000000 0.000261731657
4.200000000000 0.400000000000 0.000174841973
4.400000000000 0.400000000000 0.000100955946
4.600000000000 0.400000000000 0.000050120858
4.800000000000 0.400000000000 0.000021166096

0.000000000000 0.600000000000 0.000000713408
0.200000000000 0.600000000000 0.000000220819
0.400000000000 0.600000000000 0.000000051965
0.600000000000 0.600000000000 0.000000007765
0.800000000000 0.600000000000 0.000000000194
1.000000000000 0.600000000000 -0.000000000533
1.200000000000 0.600000000000 0.000000000643
1.400000000000 0.600000000000 0.000000005029
1.600000000000 0.600000000000 0.000000016390
1.800000000000 0.600000000000 0.000000057297
2.000000000000 0.600000000000 0.000000191560
2.200000000000 0.600000000000 0.000000557713
2.400000000000 0.600000000000 0.000001445348
2.600000000000 0.600000000000 0.000003349643
2.800000000000 0.600000000000 0.000006791740
3.000000000000 0.600000000000 0.000011819725
3.200000000000 0.600000000000 0.000017536433
3.400000000000 0.600000000000 0.000022217966
3.600000000000 0.600000000000 0.000024156565
3.800000000000 0.600000000000 0.000022654853
4.000000000000 0.600000000000 0.000018396983
4.200000000000 0.600000000000 0.000012959191
4.400000000000 0.600000000000 0.000007912511
4.600000000000 0.600000000000 0.000004170014
4.800000000000 0.600000000000 0.000001880098

0.000000000000 0.800000000000 -0.000000273654
0.200000000000 0.800000000000 -0.000000055223
0.400000000000 0.800000000000 -0.000000005044
0.600000000000 0.800000000000 0.000000000194
0.800000000000 0.800000000000 0.000000001505
1.000000000000 0.800000000000 0.000000001392
1.200000000000 0.800000000000 -0.000000004457
1.400000000000 0.800000000000 -0.000000008555
1.600000000000 0.800000000000 -0.000000021731
1.800000000000 0.800000000000 -0.000000105434
2.000000000000 0.800000000000 -0.000000363110
2.200000000000 0.800000000000 -0.000001026080
2.400000000000 0.800000000000 -0.000002696417
2.600000000000 0.800000000000 -0.000006355386
2.800000000000 0.800000000000 -0.000012662790
3.000000000000 0.800000000000 -0.000020886434
3.200000000000 0.800000000000 -0.000028605993
3.400000000000 0.800000000000 -0.000032861561
3.600000000000 0.800000000000 -0.000031977090
3.800000000000 0.800000000000 -0.000026549925
4.000000000000 0.800000000000 -0.000018883646
4.200000000000 0.800000000000 -0.000011508584
4.400000000000 0.800000000000 -0.000005983729
4.600000000000 0.800000000000 -0.000002625878
4.800000000000 0.800000000000 -0.000000952689

0.000000000000 1.000000000000 -0.000000307672
0.200000000000 1.000000000000 -0.000000074452
0.400000000000 1.000000000000 -0.000000012366
0.600000000000 1.000000000000 -0.000000000533
0.800000000000 1.000000000000 0.000000001392
1.000000000000 1.000000000000 -0.000000001043
1.200000000000 1.000000000000 -0.000000006054
1.400000000000 1.000000000000 -0.000000014810
1.600000000000 1.000000000000 -0.000000058958
1.800000000000 1.000000000000 -0.000000216655
2.000000000000 1.000000000000 -0.000000647401
2.200000000000 1.000000000000 -0.000001738610
2.400000000000 1.000000000000 -0.000004241040
2.600000000000 1.000000000000 -0.000008998595
2.800000000000 1.000000000000 -0.000016138693
3.000000000000 1.000000000000 -0.000024333852
3.200000000000 1.000000000000 -0.000031025991
3.400000000000 1.000000000000 -0.000033740571
3.600000000000 1.000000000000 -0.000031540915
3.800000000000 1.000000000000 -0.000025489871
4.000000000000 1.000000000000 -0.000017865037
4.200000000000 1.000000000000 -0.000010861803
4.400000000000 1.000000000000 -0.000005710279
4.600000000000 1.000000000000 -0.000002575780
4.800000000000 1.000000000000 -0.000000982361

0.000000000000 1.200000000000 0.000001140472
0.200000000000 1.200000000000 0.000000243757
0.400000000000 1.200000000000 0.000000027144
0.600000000000 1.200000000000 0.000000000643
0.800000000000 1.200000000000 -0.000000004457
1.000000000000 1.200000000000 -0.000000006054
1.200000000000 1.200000000000 0.000000014520
1.400000000000 1.200000000000 0.000000032792
1.600000000000 1.200000000000 0.000000076435
1.800000000000 1.200000000000 0.000000360228
2.000000000000 1.200000000000 0.000001262358
2.200000000000 1.200000000000 0.000003579034
2.400000000000 1.200000000000 0.000009379917
2.600000000000 1.200000000000 0.000022185496
2.800000000000 1.200000000000 0.000044632458
3.000000000000 1.200000000000 0.000074536963
3.200000000000 1.200000000000 0.000103430624
3.400000000000 1.200000000000 0.000120369816
3.600000000000 1.200000000000 0.000118625675
3.800000000000 1.200000000000 0.000099729679
4.000000000000 1.200000000000 0.000071825608
4.200000000000 1.200000000000 0.000044342451
4.400000000000 1.200000000000 0.000023377798
4.600000000000 1.200000000000 0.000010423082
4.800000000000 1.200000000000 0.000003857072

0.000000000000 1.400000000000 0.000003491035
0.200000000000 1.400000000000 0.000000804050
0.400000000000 1.400000000000 0.000000108676
0.600000000000 1.400000000000 0.000000005029
0.800000000000 1.400000000000 -0.000000008555
1.000000000000 1.400000000000 -0.000000014810
1.200000000000 1.400000000000 0.000000032792
1.400000000000 1.400000000000 0.000000095520
1.600000000000 1.400000000000 0.000000233546
1.800000000000 1.400000000000 0.000000973185
2.000000000000 1.400000000000 0.000003335090
2.200000000000 1.400000000000 0.000009364351
2.400000000000 1.400000000000 0.000024023065
2.600000000000 1.400000000000 0.000055758449
2.800000000000 1.400000000000 0.000111288462
3.000000000000 1.400000000000 0.000186098126
3.200000000000 1.400000000000 0.000260101165
3.400000000000 1.400000000000 0.000305985250
3.600000000000 1.400000000000 0.000305561269
3.800000000000 1.400000000000 0.000260797245
4.000000000000 1.400000000000 0.000191028644
4.200000000000 1.400000000000 0.000120189090
4.400000000000 1.400000000000 0.000064748958
4.600000000000 1.400000000000 0.000029612664
4.800000000000 1.400000000000 0.000011308770

0.000000000000 1.600000000000 0.000010265874
0.200000000000 1.600000000000 0.000002351660
0.400000000000 1.600000000000 0.000000308061
0.600000000000 1.600000000000 0.000000016390
0.800000000000 1.600000000000 -0.000000021731
1.000000000000 1.600000000000 -0.000000058958
1.200000000000 1.600000000000 0.000000076435
1.400000000000 1.600000000000 0.000000233546
1.600000000000 1.600000000000 0.000000418593
1.800000000000 1.600000000000 0.000001966592
2.000000000000 1.600000000000 0.000007383307
2.200000000000 1.600000000000 0.000021273305
2.400000000000 1.600000000000 0.000056171027
2.600000000000 1.600000000000 0.000136301315
2.800000000000 1.600000000000 0.000284456832
3.000000000000 1.600000000000 0.000493390826
3.200000000000 1.600000000000 0.000709213876
3.400000000000 1.600000000000 0.000852252187
3.600000000000 1.600000000000 0.000864946751
3.800000000000 1.600000000000 0.000747418084
4.000000000000 1.600000000000 0.000552659164
4.200000000000 1.600000000000 0.000350193024
4.400000000000 1.600000000000 0.000189627502
4.600000000000 1.600000000000 0.000087011025
4.800000000000 1.600000000000 0.000033276002

0.000000000000 1.800000000000 0.000039637024
0.200000000000 1.800000000000 0.000008954185
0.400000000000 1.800000000000 0.000001146916
0.600000000000 1.800000000000 0.000000057297
0.800000000000 1.800000000000 -0.000000105434
1.000000000000 1.800000000000 -0.000000216655
1.200000000000 1.800000000000 0.000000360228
1.400000000000 1.800000000000 0.000000973185
1.600000000000 1.800000000000 0.000001966592
1.800000000000 1.800000000000 0.000009176210
2.000000000000 1.800000000000 0.000033296618
2.200000000000 1.800000000000 0.000095136454
2.400000000000 1.800000000000 0.000250010493
2.600000000000 1.800000000000 0.000599196107
2.800000000000 1.800000000000 0.001230292693
3.000000000000 1.800000000000 0.002100252454
3.200000000000 1.800000000000 0.002976636574
3.400000000000 1.800000000000 0.003533327296
3.600000000000 1.800000000000 0.003547561315
3.800000000000 1.800000000000 0.003036203237
4.000000000000 1.800000000000 0.002225444051
4.200000000000 1.800000000000 0.001398631658
4.400000000000 1.800000000000 0.000751381149
4.600000000000 1.800000000000 0.000342057033
4.800000000000 1.800000000000 0.000129732534

0.000000000000 2.000000000000 0.000129249568
0.200000000000 2.000000000000 0.000029288262
0.400000000000 2.000000000000 0.000003813534
0.600000000000 2.000000000000 0.000000191560
0.800000000000 2.000000000000 -0.000000363110
1.000000000000 2.000000000000 -0.000000647401
1.200000000000 2.000000000000 0.000001262358
1.400000000000 2.000000000000 0.000003335090
1.600000000000 2.000000000000 0.000007383307
1.800000000000 2.000000000000 0.000033296618
2.000000000000 2.000000000000 0.000117725226
2.200000000000 2.000000000000 0.000333879478
2.400000000000 2.000000000000 0.000870578553
2.600000000000 2.000000000000 0.002061376240
2.800000000000 2.000000000000 0.004180380375
3.000000000000 2.000000000000 0.007062581841
3.200000000000 2.000000000000 0.009928035320
3.400000000000 2.000000000000 0.011710012931
3.600000000000 2.000000000000 0.011698970074
3.800000000000 2.000000000000 0.009973843015
4.000000000000 2.000000000000 0.007288489266
4.200000000000 2.000000000000 0.004570123943
4.400000000000 2.000000000000 0.002451164354
4.600000000000 2.000000000000 0.001114772897
4.800000000000 2.000000000000 0.000422710782

0.000000000000 2.200000000000 0.000358993532
0.200000000000 2.200000000000 0.000081594980
0.400000000000 2.200000000000 0.000010747861
0.600000000000 2.200000000000 0.000000557713
0.800000000000 2.200000000000 -0.000001026080
1.000000000000 2.200000000000 -0.000001738610
1.200000000000 2.200000000000 0.000003579034
1.400000000000 2.200000000000 0.000009364351
1.600000000000 2.200000000000 0.000021273305
1.800000000000 2.200000000000 0.000095136454
2.000000000000 2.200000000000 0.000333879478
2.200000000000 2.200000000000 0.000944821662
2.400000000000 2.200000000000 0.002458301308
2.600000000000 2.200000000000 0.005800958800
2.800000000000 2.200000000000 0.011721614609
3.000000000000 2.200000000000 0.019741688045
3.200000000000 2.200000000000 0.027682604919
3.400000000000 2.200000000000 0.032588452887
3.600000000000 2.200000000000 0.032509641410
3.800000000000 2.200000000000 0.027685104719
4.000000000000 2.200000000000 0.020215254295
4.200000000000 2.200000000000 0.012669405212
4.400000000000 2.200000000000 0.006793879439
4.600000000000 2.200000000000 0.003090298145
4.800000000000 2.200000000000 0.001172535986

0.000000000000 2.400000000000 0.000906705133
0.200000000000 2.400000000000 0.000206203733
0.400000000000 2.400000000000 0.000027336818
0.600000000000 2.400000000000 0.000001445348
0.800000000000 2.400000000000 -0.000002696417
1.000000000000 2.400000000000 -0.000004241040
1.200000000000 2.400000000000 0.000009379917
1.400000000000 2.400000000000 0.000024023065
1.600000000000 2.400000000000 0.000056171027
1.800000000000 2.400000000000 0.000250010493
2.000000000000 2.400000000000 0.000870578553
2.200000000000 2.400000000000 0.002458301308
2.400000000000 2.400000000000 0.006385534583
2.600000000000 2.400000000000 0.015017413230
2.800000000000 2.400000000000 0.030220010625
3.000000000000 2.400000000000 0.050698649698
3.200000000000 2.400000000000 0.070851759795
3.400000000000 2.400000000000 0.083170318968
3.600000000000 2.400000000000 0.082770426331
3.800000000000 2.400000000000 0.070344792534
4.000000000000 2.400000000000 0.051277450232
4.200000000000 2.400000000000 0.032091183706
4.400000000000 2.400000000000 0.017188620565
4.600000000000 2.400000000000 0.007811457444
4.800000000000 2.400000000000 0.002962103025

0.000000000000 2.600000000000 0.002050629652
0.200000000000 2.600000000000 0.000467220178
0.400000000000 2.600000000000 0.000062610367
0.600000000000 2.600000000000 0.000003349643
0.800000000000 2.600000000000 -0.000006355386
1.000000000000 2.600000000000 -0.000008998595
1.200000000000 2.600000000000 0.000022185496
1.400000000000 2.600000000000 0.000055758449
1.600000000000 2.600000000000 0.000136301315
1.800000000000 2.600000000000 0.000599196107
2.000000000000 2.600000000000 0.002061376240
2.200000000000 2.600000000000 0.005800958800
2.400000000000 2.600000000000 0.015017413231
2.600000000000 2.600000000000 0.035109857014
2.800000000000 2.600000000000 0.070188432661
3.000000000000 2.600000000000 0.117056611301
3.200000000000 2.600000000000 0.162784154394
3.400000000000 2.600000000000 0.190322389368
3.600000000000 2.600000000000 0.188792656126
3.800000000000 2.600000000000 0.160028557189
4.000000000000 2.600000000000 0.116404684009
4.200000000000 2.600000000000 0.072728089351
4.400000000000 2.600000000000 0.038905431883
4.600000000000 2.600000000000 0.017666171498
4.800000000000 2.600000000000 0.006696888987

0.000000000000 2.800000000000 0.003993826211
0.200000000000 2.800000000000 0.000914191354
0.400000000000 2.800000000000 0.000124607160
0.600000000000 2.800000000000 0.000006791740
0.800000000000 2.800000000000 -0.000012662790
1.000000000000 2.800000000000 -0.000016138693
1.200000000000 2.800000000000 0.000044632458
1.400000000000 2.800000000000 0.000111288462
1.600000000000 2.800000000000 0.000284456832
1.800000000000 2.800000000000 0.001230292693
2.000000000000 2.800000000000 0.004180380375
2.200000000000 2.800000000000 0.011721614609
2.400000000000 2.800000000000 0.030220010625
2.600000000000 2.800000000000 0.070188432661
2.800000000000 2.800000000000 0.139345227692
3.000000000000 2.800000000000 0.231013405148
3.200000000000 2.800000000000 0.319736835404
3.400000000000 2.800000000000 0.372452019003
3.600000000000 2.800000000000 0.368417661821
3.800000000000 2.800000000000 0.311626541823
4.000000000000 2.800000000000 0.226334135612
4.200000000000 2.800000000000 0.141273343312
4.400000000000 2.800000000000 0.075540328787
4.600000000000 2.800000000000 0.034306823524
4.800000000000 2.800000000000 0.013016862610

0.000000000000 3.000000000000 0.006568145397
0.200000000000 3.000000000000 0.001513788639
0.400000000000 3.000000000000 0.000210670666
0.600000000000 3.000000000000 0.000011819725
0.800000000000 3.000000000000 -0.000020886434
1.000000000000 3.000000000000 -0.000024333852
1.200000000000 3.000000000000 0.000074536963
1.400000000000 3.000000000000 0.000186098126
1.600000000000 3.000000000000 0.000493390826
1.800000000000 3.000000000000 0.002100252454
2.000000000000 3.000000000000 0.007062581841
2.200000000000 3.000000000000 0.019741688045
2.400000000000 3.000000000000 0.050698649698
2.600000000000 3.000000000000 0.117056611301
2.800000000000 3.000000000000 0.231013405148
3.000000000000 3.000000000000 0.381109470606
3.200000000000 3.000000000000 0.525511979461
3.400000000000 3.000000000000 0.610485372238
3.600000000000 3.000000000000 0.602720828847
3.800000000000 3.000000000000 0.509185415894
4.000000000000 3.000000000000 0.369585549123
4.200000000000 3.000000000000 0.230669689082
4.400000000000 3.000000000000 0.123402832928
4.600000000000 3.000000000000 0.056109534677
4.800000000000 3.000000000000 0.021333405264

0.000000000000 3.200000000000 0.009106282056
0.200000000000 3.200000000000 0.002116104250
0.400000000000 3.200000000000 0.000301168518
0.600000000000 3.200000000000 0.000017536433
0.800000000000 3.200000000000 -0.000028605993
1.000000000000 3.200000000000 -0.000031025991
1.200000000000 3.200000000000 0.000103430624
1.400000000000 3.200000000000 0.000260101165
1.600000000000 3.200000000000 0.000709213876
1.800000000000 3.200000000000 0.002976636574
2.000000000000 3.200000000000 0.009928035320
2.200000000000 3.200000000000 0.027682604919
2.400000000000 3.200000000000 0.070851759795
2.600000000000 3.200000000000 0.162784154394
2.800000000000 3.200000000000 0.319736835404
3.000000000000 3.200000000000 0.525511979461
3.200000000000 3.200000000000 0.722695728387
3.400000000000 3.200000000000 0.838067120978
3.600000000000 3.200000000000 0.826549185647
3.800000000000 3.200000000000 0.697983372464
4.000000000000 3.200000000000 0.506687900237
4.200000000000 3.200000000000 0.316450397433
4.400000000000 3.200000000000 0.169504462542
4.600000000000 3.200000000000 0.077221696653
4.800000000000 3.200000000000 0.029445950687

0.000000000000 3.400000000000 0.010707886854
0.200000000000 3.400000000000 0.002510986242
0.400000000000 3.400000000000 0.000365656645
0.600000000000 3.400000000000 0.000022217966
0.800000000000 3.400000000000 -0.000032861561
1.000000000000 3.400000000000 -0.000033740571
1.200000000000 3.400000000000 0.000120369816
1.400000000000 3.400000000000 0.000305985250
1.600000000000 3.400000000000 0.000852252187
1.800000000000 3.400000000000 0.003533327296
2.000000000000 3.400000000000 0.011710012931
2.200000000000 3.400000000000 0.032588452887
2.400000000000 3.400000000000 0.083170318968
2.600000000000 3.400000000000 0.190322389368
2.800000000000 3.400000000000 0.372452019003
3.000000000000 3.400000000000 0.610485372238
3.200000000000 3.400000000000 0.838067120978
3.400000000000 3.400000000000 0.970909756047
3.600000000000 3.400000000000 0.957255822700
3.800000000000 3.400000000000 0.808545622976
4.000000000000 3.400000000000 0.587382539836
4.200000000000 3.400000000000 0.367306379514
4.400000000000 3.400000000000 0.197102750373
4.600000000000 3.400000000000 0.090021774737
4.800000000000 3.400000000000 0.034447561284

0.000000000000 3.600000000000 0.010758768542
0.200000000000 3.600000000000 0.002547500312
0.400000000000 3.600000000000 0.000379630447
0.600000000000 3.600000000000 0.000024156565
0.800000000000 3.600000000000 -0.000031977090
1.000000000000 3.600000000000 -0.000031540915
1.200000000000 3.600000000000 0.000118625675
1.400000000000 3.600000000000 0.000305561269
1.600000000000 3.600000000000 0.000864946751
1.800000000000 3.600000000000 0.003547561315
2.000000000000 3.600000000000 0.011698970074
2.200000000000 3.600000000000 0.032509641410
2.400000000000 3.600000000000 0.082770426331
2.600000000000 3.600000000000 0.188792656126
2.800000000000 3.600000000000 0.368417661821
3.000000000000 3.600000000000 0.602720828847
3.200000000000 3.600000000000 0.826549185647
3.400000000000 3.600000000000 0.957255822700
3.600000000000 3.600000000000 0.944039207688
3.800000000000 3.600000000000 0.797991868413
4.000000000000 3.600000000000 0.580433035298
4.200000000000 3.600000000000 0.363586535772
4.400000000000 3.600000000000 0.195551730449
4.600000000000 3.600000000000 0.089580675901
4.800000000000 3.600000000000 0.034415799183

0.000000000000 3.800000000000 0.009294199438
0.200000000000 3.800000000000 0.002223390487
0.400000000000 3.800000000000 0.000339113155
0.600000000000 3.800000000000 0.000022654853
0.800000000000 3.800000000000 -0.000026549925
1.000000000000 3.800000000000 -0.000025489871
1.200000000000 3.800000000000 0.000099729679
1.400000000000 3.800000000000 0.000260797245
1.600000000000 3.800000000000 0.000747418084
1.800000000000 3.800000000000 0.003036203237
2.000000000000 3.800000000000 0.009973843015
2.200000000000 3.800000000000 0.027685104719
2.400000000000 3.800000000000 0.070344792534
2.600000000000 3.800000000000 0.160028557189
2.800000000000 3.800000000000 0.311626541823
3.000000000000 3.800000000000 0.509185415894
3.200000000000 3.800000000000 0.697983372464
3.400000000000 3.800000000000 0.808545622976
3.600000000000 3.800000000000 0.797991868413
3.800000000000 3.800000000000 0.675369493381
4.000000000000 3.800000000000 0.492065948053
4.200000000000 3.800000000000 0.308895229033
4.400000000000 3.800000000000 0.166585068940
4.600000000000 3.800000000000 0.076571953706
4.800000000000 3.800000000000 0.029548593989

0.000000000000 4.000000000000 0.006930565086
0.200000000000 4.000000000000 0.001676063626
0.400000000000 4.000000000000 0.000261731657
0.600000000000 4.000000000000 0.000018396983
0.800000000000 4.000000000000 -0.000018883646
1.000000000000 4.000000000000 -0.000017865037
1.200000000000 4.000000000000 0.000071825608
1.400000000000 4.000000000000 0.000191028644
1.600000000000 4.000000000000 0.000552659164
1.800000000000 4.000000000000 0.002225444051
2.000000000000 4.000000000000 0.007288489266
2.200000000000 4.000000000000 0.020215254295
2.400000000000 4.000000000000 0.051277450232
2.600000000000 4.000000000000 0.116404684009
2.800000000000 4.000000000000 0.226334135612
3.000000000000 4.000000000000 0.369585549123
3.200000000000 4.000000000000 0.506687900237
3.400000000000 4.000000000000 0.587382539836
3.600000000000 4.000000000000 0.580433035298
3.800000000000 4.000000000000 0.492065948053
4.000000000000 4.000000000000 0.359268852899
4.200000000000 4.000000000000 0.226111332708
4.400000000000 4.000000000000 0.122321166842
4.600000000000 4.000000000000 0.056442360567
4.800000000000 4.000000000000 0.021887532226

0.000000000000 4.200000000000 0.004466450804
0.200000000000 4.200000000000 0.001092787479
0.400000000000 4.200000000000 0.000174841973
0.600000000000 4.200000000000 0.000012959191
0.800000000000 4.200000000000 -0.000011508584
1.000000000000 4.200000000000 -0.000010861803
1.200000000000 4.200000000000 0.000044342451
1.400000000000 4.200000000000 0.000120189090
1.600000000000 4.200000000000 0.000350193024
1.800000000000 4.200000000000 0.001398631658
2.000000000000 4.200000000000 0.004570123943
2.200000000000 4.200000000000 0.012669405212
2.400000000000 4.200000000000 0.032091183706
2.600000000000 4.200000000000 0.072728089351
2.800000000000 4.200000000000 0.141273343312
3.000000000000 4.200000000000 0.230669689082
3.200000000000 4.200000000000 0.316450397433
3.400000000000 4.200000000000 0.367306379514
3.600000000000 4.200000000000 0.363586535772
3.800000000000 4.200000000000 0.308895229033
4.000000000000 4.200000000000 0.226111332708
4.200000000000 4.200000000000 0.142738415199
4.400000000000 4.200000000000 0.077496219971
4.600000000000 4.200000000000 0.035914569921
4.800000000000 4.200000000000 0.014003048783

0.000000000000 4.400000000000 0.002482358682
0.200000000000 4.400000000000 0.000615094496
0.400000000000 4.400000000000 0.000100955946
0.600000000000 4.400000000000 0.000007912511
0.800000000000 4.400000000000 -0.000005983729
1.000000000000 4.400000000000 -0.000005710279
1.200000000000 4.400000000000 0.000023377798
1.400000000000 4.400000000000 0.000064748958
1.600000000000 4.400000000000 0.000189627502
1.800000000000 4.400000000000 0.000751381149
2.000000000000 4.400000000000 0.002451164354
2.200000000000 4.400000000000 0.006793879439
2.400000000000 4.400000000000 0.017188620565
2.600000000000 4.400000000000 0.038905431883
2.800000000000 4.400000000000 0.075540328787
3.000000000000 4.400000000000 0.123402832928
3.200000000000 4.400000000000 0.169504462542
3.400000000000 4.400000000000 0.197102750373
3.600000000000 4.400000000000 0.195551730449
3.800000000000 4.400000000000 0.166585068940
4.000000000000 4.400000000000 0.122321166842
4.200000000000 4.400000000000 0.077496219971
4.400000000000 4.400000000000 0.042250880396
4.600000000000 4.400000000000 0.019678223822
4.800000000000 4.400000000000 0.007719711789

0.000000000000 4.600000000000 0.001182084389
0.200000000000 4.600000000000 0.000297082450
0.400000000000 4.600000000000 0.000050120858
0.600000000000 4.600000000000 0.000004170014
0.800000000000 4.600000000000 -0.000002625878
1.000000000000 4.600000000000 -0.000002575780
1.200000000000 4.600000000000 0.000010423082
1.400000000000 4.600000000000 0.000029612664
1.600000000000 4.600000000000 0.000087011025
1.800000000000 4.600000000000 0.000342057033
2.000000000000 4.600000000000 0.001114772897
2.200000000000 4.600000000000 0.003090298145
2.400000000000 4.600000000000 0.007811457444
2.600000000000 4.600000000000 0.017666171498
2.800000000000 4.600000000000 0.034306823524
3.000000000000 4.600000000000 0.056109534677
3.200000000000 4.600000000000 0.077221696653
3.400000000000 4.600000000000 0.090021774737
3.600000000000 4.600000000000 0.089580675901
3.800000000000 4.600000000000 0.076571953706
4.000000000000 4.600000000000 0.056442360567
4.200000000000 4.600000000000 0.035914569921
4.400000000000 4.600000000000 0.019678223822
4.600000000000 4.600000000000 0.009218686688
4.800000000000 4.600000000000 0.003642214886

0.000000000000 4.800000000000 0.000476211117
0.200000000000 4.800000000000 0.000121660732
0.400000000000 4.800000000000 0.000021166096
0.600000000000 4.800000000000 0.000001880098
0.800000000000 4.800000000000 -0.000000952689
1.000000000000 4.800000000000 -0.000000982361
1.200000000000 4.800000000000 0.000003857072
1.400000000000 4.800000000000 0.000011308770
1.600000000000 4.800000000000 0.000033276002
1.800000000000 4.800000000000 0.000129732534
2.000000000000 4.800000000000 0.000422710782
2.200000000000 4.800000000000 0.001172535986
2.400000000000 4.800000000000 0.002962103025
2.600000000000 4.800000000000 0.006696888987
2.800000000000 4.800000000000 0.013016862610
3.000000000000 4.800000000000 0.021333405264
3.200000000000 4.800000000000 0.029445950687
3.400000000000 4.800000000000 0.034447561284
3.600000000000 4.800000000000 0.034415799183
3.800000000000 4.800000000000 0.029548593989
4.000000000000 4.800000000000 0.021887532226
4.200000000000 4.800000000000 0.014003048783
4.400000000000 4.800000000000 0.007719711789
4.600000000000 4.800000000000 0.003642214886
4.800000000000 4.800000000000 0.001451312929

