# x y u
0.000000000000 0.000000000000 -0.000000000091
0.200000000000 0.000000000000 -0.000000002300
0.400000000000 0.000000000000 -0.000000007045
0.600000000000 0.000000000000 -0.000000026202
0.800000000000 0.000000000000 -0.000000097639
1.000000000000 0.000000000000 -0.000000305007
1.200000000000 0.000000000000 -0.000000840800
1.400000000000 0.000000000000 -0.000002078011
1.600000000000 0.000000000000 -0.000004461694
1.800000000000 0.000000000000 -0.000008104984
2.000000000000 0.000000000000 -0.000012365414
2.200000000000 0.000000000000 -0.000015904490
2.400000000000 0.000000000000 -0.000017373825
2.600000000000 0.000000000000 -0.000016235183
2.800000000000 0.000000000000 -0.000013048718
3.000000000000 0.000000000000 -0.000009048329
3.200000000000 0.000000000000 -0.000005415129
3.400000000000 0.000000000000 -0.000002788637
3.600000000000 0.000000000000 -0.000001226536
3.800000000000 0.000000000000 -0.000000454414
4.000000000000 0.000000000000 -0.000000138206
4.200000000000 0.000000000000 -0.000000032623
4.400000000000 0.000000000000 -0.000000005281
4.600000000000 0.000000000000 -0.000000000470
4.800000000000 0.000000000000 0.000000000295

0.000000000000 0.200000000000 -0.000000002300
0.200000000000 0.200000000000 0.000000003413
0.400000000000 0.200000000000 0.000000015663
0.600000000000 0.200000000000 0.000000041930
0.800000000000 0.200000000000 0.000000175565
1.000000000000 0.200000000000 0.000000638169
1.200000000000 0.200000000000 0.000001905036
1.400000000000 0.200000000000 0.000005113965
1.600000000000 0.200000000000 0.000012243548
1.800000000000 0.200000000000 0.000024982812
2.000000000000 0.200000000000 0.000042459829
2.200000000000 0.200000000000 0.000060023511
2.400000000000 0.200000000000 0.000071096418
2.600000000000 0.200000000000 0.000071170006
2.800000000000 0.200000000000 0.000060629341
3.000000000000 0.200000000000 0.000044140014
3.200000000000 0.200000000000 0.000027489672
3.400000000000 0.200000000000 0.000014602827
3.600000000000 0.200000000000 0.000006562747
3.800000000000 0.200000000000 0.000002455558
4.000000000000 0.200000000000 0.000000742527
4.200000000000 0.200000000000 0.000000169635
4.400000000000 0.200000000000 0.000000023532
4.600000000000 0.200000000000 0.000000001017
4.800000000000 0.200000000000 -0.000000000367

0.000000000000 0.400000000000 -0.000000007045
0.200000000000 0.400000000000 0.000000015663
0.400000000000 0.400000000000 0.000000071723
0.600000000000 0.400000000000 0.000000210941
0.800000000000 0.400000000000 0.000000822934
1.000000000000 0.400000000000 0.000002848640
1.200000000000 0.400000000000 0.000008298445
1.400000000000 0.400000000000 0.000021693457
1.600000000000 0.400000000000 0.000050520571
1.800000000000 0.400000000000 0.000100872297
2.000000000000 0.400000000000 0.000169020706
2.200000000000 0.400000000000 0.000237021767
2.400000000000 0.400000000000 0.000279762029
2.600000000000 0.400000000000 0.000280007940
2.800000000000 0.400000000000 0.000239130873
3.000000000000 0.400000000000 0.000174926297
3.200000000000 0.400000000000 0.000109702690
3.400000000000 0.400000000000 0.000058823401
3.600000000000 0.400000000000 0.000026764334
3.800000000000 0.400000000000 0.000010181187
4.000000000000 0.400000000000 0.000003151172
4.200000000000 0.400000000000 0.000000747916
4.400000000000 0.400000000000 0.000000114017
4.600000000000 0.400000000000 0.000000006948
4.800000000000 0.400000000000 -0.000000001277

0.000000000000 0.600000000000 -0.000000026202
0.200000000000 0.600000000000 0.000000041930
0.400000000000 0.600000000000 0.000000210941
0.600000000000 0.600000000000 0.000000583885
0.800000000000 0.600000000000 0.000002320724
1.000000000000 0.600000000000 0.000008259002
1.200000000000 0.600000000000 0.000024389253
1.400000000000 0.600000000000 0.000064624652
1.600000000000 0.600000000000 0.000153117627
1.800000000000 0.600000000000 0.000311057564
2.000000000000 0.600000000000 0.000529009345
2.200000000000 0.600000000000 0.000750823960
2.400000000000 0.600000000000 0.000894779298
2.600000000000 0.600000000000 0.000902515594
2.800000000000 0.600000000000 0.000775620247
3.000000000000 0.600000000000 0.000570313442
3.200000000000 0.600000000000 0.000359204584
3.400000000000 0.600000000000 0.000193303484
3.600000000000 0.600000000000 0.000088219756
3.800000000000 0.600000000000 0.000033644932
4.000000000000 0.600000000000 0.000010436490
4.200000000000 0.600000000000 0.000002482239
4.400000000000 0.600000000000 0.000000378386
4.600000000000 0.600000000000 0.000000023034
4.800000000000 0.600000000000 -0.000000002884

0.000000000000 0.800000000000 -0.000000097639
0.200000000000 0.800000000000 0.000000175565
0.400000000000 0.800000000000 0.000000822934
0.600000000000 0.800000000000 0.000002320724
0.800000000000 0.800000000000 0.000009267286
1.000000000000 0.800000000000 0.000032743278
1.200000000000 0.800000000000 0.000096368257
1.400000000000 0.800000000000 0.000254750231
1.600000000000 0.800000000000 0.000600946155
1.800000000000 0.800000000000 0.001213627390
2.000000000000 0.800000000000 0.002051233730
2.200000000000 0.800000000000 0.002894271018
2.400000000000 0.800000000000 0.003430681051
2.600000000000 0.800000000000 0.003443392203
2.800000000000 0.800000000000 0.002945891015
3.000000000000 0.800000000000 0.002156973466
3.200000000000 0.800000000000 0.001353082283
3.400000000000 0.800000000000 0.000725300136
3.600000000000 0.800000000000 0.000329710906
3.800000000000 0.800000000000 0.000125228843
4.000000000000 0.800000000000 0.000038668392
4.200000000000 0.800000000000 0.000009141953
4.400000000000 0.800000000000 0.000001379832
4.600000000000 0.800000000000 0.000000083567
4.800000000000 0.800000000000 -0.000000014645

0.000000000000 1.000000000000 -0.000000305007
0.200000000000 1.000000000000 0.000000638169
0.400000000000 1.000000000000 0.000002848640
0.600000000000 1.000000000000 0.000008259002
0.800000000000 1.000000000000 0.000032743278
1.000000000000 1.000000000000 0.000114245573
1.200000000000 1.000000000000 0.000334174371
1.400000000000 1.000000000000 0.000878239431
1.600000000000 1.000000000000 0.002056049032
1.800000000000 1.000000000000 0.004119773582
2.000000000000 1.000000000000 0.006915000301
2.200000000000 1.000000000000 0.009701080287
2.400000000000 1.000000000000 0.011445325610
2.600000000000 1.000000000000 0.011444033401
2.800000000000 1.000000000000 0.009760167985
3.000000000000 1.000000000000 0.007128219111
3.200000000000 1.000000000000 0.004462375112
3.400000000000 1.000000000000 0.002388102577
3.600000000000 1.000000000000 0.001084287562
3.800000000000 1.000000000000 0.000411523839
4.000000000000 1.000000000000 0.000127051168
4.200000000000 1.000000000000 0.000030059714
4.400000000000 1.000000000000 0.000004559700
4.600000000000 1.000000000000 0.000000285034
4.800000000000 1.000000000000 -0.000000056989

0.000000000000 1.200000000000 -0.000000840800
0.200000000000 1.200000000000 0.000001905036
0.400000000000 1.200000000000 0.000008298445
0.600000000000 1.200000000000 0.000024389253
0.800000000000 1.200000000000 0.000096368257
1.000000000000 1.200000000000 0.000334174371
1.200000000000 1.200000000000 0.000974496340
1.400000000000 1.200000000000 0.002553702874
1.600000000000 1.200000000000 0.005955912394
1.800000000000 1.200000000000 0.011886869433
2.000000000000 1.200000000000 0.019881645138
2.200000000000 1.200000000000 0.027810176821
2.400000000000 1.200000000000 0.032732233220
2.600000000000 1.200000000000 0.032665795025
2.800000000000 1.200000000000 0.027816791526
3.000000000000 1.200000000000 0.020291360920
3.200000000000 1.200000000000 0.012691331359
3.400000000000 1.200000000000 0.006787838045
3.600000000000 1.200000000000 0.003081030120
3.800000000000 1.200000000000 0.001169464805
4.000000000000 1.200000000000 0.000361282381
4.200000000000 1.200000000000 0.000085615131
4.400000000000 1.200000000000 0.000013059811
4.600000000000 1.200000000000 0.000000840464
4.800000000000 1.200000000000 -0.000000175123

0.000000000000 1.400000000000 -0.000002078011
0.200000000000 1.400000000000 0.000005113965
0.400000000000 1.400000000000 0.000021693457
0.600000000000 1.400000000000 0.000064624652
0.800000000000 1.400000000000 0.000254750231
1.000000000000 1.400000000000 0.000878239431
1.200000000000 1.400000000000 0.002553702874
1.400000000000 1.400000000000 0.006674252817
1.600000000000 1.400000000000 0.015508661717
1.800000000000 1.400000000000 0.030826953490
2.000000000000 1.400000000000 0.051367013531
2.200000000000 1.400000000000 0.071619860953
2.400000000000 1.400000000000 0.084067948587
2.600000000000 1.400000000000 0.083708687484
2.800000000000 1.400000000000 0.071149715344
3.000000000000 1.400000000000 0.051821306989
3.200000000000 1.400000000000 0.032371429524
3.400000000000 1.400000000000 0.017296678346
3.600000000000 1.400000000000 0.007845603413
3.800000000000 1.400000000000 0.002976885316
4.000000000000 1.400000000000 0.000919728048
4.200000000000 1.400000000000 0.000218131398
4.400000000000 1.400000000000 0.000033409146
4.600000000000 1.400000000000 0.000002204176
4.800000000000 1.400000000000 -0.000000487701

0.000000000000 1.600000000000 -0.000004461694
0.200000000000 1.600000000000 0.000012243548
0.400000000000 1.600000000000 0.000050520571
0.600000000000 1.600000000000 0.000153117627
0.800000000000 1.600000000000 0.000600946155
1.000000000000 1.600000000000 0.002056049032
1.200000000000 1.600000000000 0.005955912394
1.400000000000 1.600000000000 0.015508661717
1.600000000000 1.600000000000 0.035858690249
1.800000000000 1.600000000000 0.070904271725
2.000000000000 1.600000000000 0.117591187990
2.200000000000 1.600000000000 0.163305770257
2.400000000000 1.600000000000 0.191068241035
2.600000000000 1.600000000000 0.189751243897
2.800000000000 1.600000000000 0.160940620104
3.000000000000 1.600000000000 0.117022447103
3.200000000000 1.600000000000 0.073006349018
3.400000000000 1.600000000000 0.038972725263
3.600000000000 1.600000000000 0.017668213780
3.800000000000 1.600000000000 0.006703466561
4.000000000000 1.600000000000 0.002072245645
4.200000000000 1.600000000000 0.000492285542
4.400000000000 1.600000000000 0.000075868607
4.600000000000 1.600000000000 0.000005153816
4.800000000000 1.600000000000 -0.000001204871

0.000000000000 1.800000000000 -0.000008104984
0.200000000000 1.800000000000 0.000024982812
0.400000000000 1.800000000000 0.000100872297
0.600000000000 1.800000000000 0.000311057564
0.800000000000 1.800000000000 0.001213627390
1.000000000000 1.800000000000 0.004119773582
1.200000000000 1.800000000000 0.011886869433
1.400000000000 1.800000000000 0.030826953490
1.600000000000 1.800000000000 0.070904271725
1.800000000000 1.800000000000 0.139453717090
2.000000000000 1.800000000000 0.230204729740
2.200000000000 1.800000000000 0.318496998491
2.400000000000 1.800000000000 0.371541368173
2.600000000000 1.800000000000 0.368140487899
2.800000000000 1.800000000000 0.311711541589
3.000000000000 1.800000000000 0.226375783017
3.200000000000 1.800000000000 0.141121388640
3.400000000000 1.800000000000 0.075311340052
3.600000000000 1.800000000000 0.034148775259
3.800000000000 1.800000000000 0.012966881530
4.000000000000 1.800000000000 0.004015271111
4.200000000000 1.800000000000 0.000957072954
4.400000000000 1.800000000000 0.000148933651
4.600000000000 1.800000000000 0.000010475463
4.800000000000 1.800000000000 -0.000002496250

0.000000000000 2.000000000000 -0.000012365414
0.200000000000 2.000000000000 0.000042459829
0.400000000000 2.000000000000 0.000169020706
0.600000000000 2.000000000000 0.000529009345
0.800000000000 2.000000000000 0.002051233730
1.000000000000 2.000000000000 0.006915000301
1.200000000000 2.000000000000 0.019881645138
1.400000000000 2.000000000000 0.051367013531
1.600000000000 2.000000000000 0.117591187990
1.800000000000 2.000000000000 0.230204729740
2.000000000000 2.000000000000 0.378534241137
2.200000000000 2.000000000000 0.522134096830
2.400000000000 2.000000000000 0.607727930527
2.600000000000 2.000000000000 0.601210164289
2.800000000000 2.000000000000 0.508532084927
3.000000000000 2.000000000000 0.369116024035
3.200000000000 2.000000000000 0.230089501813
3.400000000000 2.000000000000 0.122841517510
3.600000000000 2.000000000000 0.055754723182
3.800000000000 2.000000000000 0.021206918567
4.000000000000 2.000000000000 0.006584973660
4.200000000000 2.000000000000 0.001577179000
4.400000000000 2.000000000000 0.000248461549
4.600000000000 2.000000000000 0.000018145442
4.800000000000 2.000000000000 -0.000004245669

0.000000000000 2.200000000000 -0.000015904490
0.200000000000 2.200000000000 0.000060023511
0.400000000000 2.200000000000 0.000237021767
0.600000000000 2.200000000000 0.000750823960
0.800000000000 2.200000000000 0.002894271018
1.000000000000 2.200000000000 0.009701080287
1.200000000000 2.200000000000 0.027810176821
1.400000000000 2.200000000000 0.071619860953
1.600000000000 2.200000000000 0.163305770257
1.800000000000 2.200000000000 0.318496998491
2.000000000000 2.200000000000 0.522134096830
2.200000000000 2.200000000000 0.718616996577
2.400000000000 2.200000000000 0.835168055567
2.600000000000 2.200000000000 0.825470149820
2.800000000000 2.200000000000 0.697955667003
3.000000000000 2.200000000000 0.506652088702
3.200000000000 2.200000000000 0.315994369487
3.400000000000 2.200000000000 0.168878556293
3.600000000000 2.200000000000 0.076772997839
3.800000000000 2.200000000000 0.029270954707
4.000000000000 2.200000000000 0.009121171882
4.200000000000 2.200000000000 0.002197459902
4.400000000000 2.200000000000 0.000350982077
4.600000000000 2.200000000000 0.000026627873
4.800000000000 2.200000000000 -0.000005944753

0.000000000000 2.400000000000 -0.000017373825
0.200000000000 2.400000000000 0.000071096418
0.400000000000 2.400000000000 0.000279762029
0.600000000000 2.400000000000 0.000894779298
0.800000000000 2.400000000000 0.003430681051
1.000000000000 2.400000000000 0.011445325610
1.200000000000 2.400000000000 0.032732233220
1.400000000000 2.400000000000 0.084067948587
1.600000000000 2.400000000000 0.191068241035
1.800000000000 2.400000000000 0.371541368173
2.000000000000 2.400000000000 0.607727930527
2.200000000000 2.400000000000 0.835168055567
2.400000000000 2.400000000000 0.969796309680
2.600000000000 2.400000000000 0.958240504462
2.800000000000 2.400000000000 0.810349699346
3.000000000000 2.400000000000 0.588593540130
3.200000000000 2.400000000000 0.367481759466
3.400000000000 2.400000000000 0.196693389576
3.600000000000 2.400000000000 0.089605771106
3.800000000000 2.400000000000 0.034262691396
4.000000000000 2.400000000000 0.010720631415
4.200000000000 2.400000000000 0.002599804467
4.400000000000 2.400000000000 0.000421360387
4.600000000000 2.400000000000 0.000033191269
4.800000000000 2.400000000000 -0.000006922381

0.000000000000 2.600000000000 -0.000016235183
0.200000000000 2.600000000000 0.000071170006
0.400000000000 2.600000000000 0.000280007940
0.600000000000 2.600000000000 0.000902515594
0.800000000000 2.600000000000 0.003443392203
1.000000000000 2.600000000000 0.011444033401
1.200000000000 2.600000000000 0.032665795025
1.400000000000 2.600000000000 0.083708687484
1.600000000000 2.600000000000 0.189751243897
1.800000000000 2.600000000000 0.368140487899
2.000000000000 2.600000000000 0.601210164289
2.200000000000 2.600000000000 0.825470149820
2.400000000000 2.600000000000 0.958240504462
2.600000000000 2.600000000000 0.947000666363
2.800000000000 2.600000000000 0.801343625369
3.000000000000 2.600000000000 0.582653267224
3.200000000000 2.600000000000 0.364301593002
3.400000000000 2.600000000000 0.195366541190
3.600000000000 2.600000000000 0.089224872149
3.800000000000 2.600000000000 0.034230400159
4.000000000000 2.600000000000 0.010759566737
4.200000000000 2.600000000000 0.002627853251
4.400000000000 2.600000000000 0.000432411689
4.600000000000 2.600000000000 0.000035341376
4.800000000000 2.600000000000 -0.000006770198

0.000000000000 2.800000000000 -0.000013048718
0.200000000000 2.800000000000 0.000060629341
0.400000000000 2.800000000000 0.000239130873
0.600000000000 2.800000000000 0.000775620247
0.800000000000 2.800000000000 0.002945891015
1.000000000000 2.800000000000 0.009760167985
1.200000000000 2.800000000000 0.027816791526
1.400000000000 2.800000000000 0.071149715344
1.600000000000 2.800000000000 0.160940620104
1.800000000000 2.800000000000 0.311711541589
2.000000000000 2.800000000000 0.508532084927
2.200000000000 2.800000000000 0.697955667003
2.400000000000 2.800000000000 0.810349699346
2.600000000000 2.800000000000 0.801343625369
2.800000000000 2.800000000000 0.678788011200
3.000000000000 2.800000000000 0.494244067703
3.200000000000 2.800000000000 0.309588709697
3.400000000000 2.800000000000 0.166406287740
3.600000000000 2.800000000000 0.076217988498
3.800000000000 2.800000000000 0.029349000148
4.000000000000 2.800000000000 0.009271373916
4.200000000000 2.800000000000 0.002281670208
4.400000000000 2.800000000000 0.000381365606
4.600000000000 2.800000000000 0.000032325246
4.800000000000 2.800000000000 -0.000005600297

0.000000000000 3.000000000000 -0.000009048329
0.200000000000 3.000000000000 0.000044140014
0.400000000000 3.000000000000 0.000174926297
0.600000000000 3.000000000000 0.000570313442
0.800000000000 3.000000000000 0.002156973466
1.000000000000 3.000000000000 0.007128219111
1.200000000000 3.000000000000 0.020291360920
1.400000000000 3.000000000000 0.051821306989
1.600000000000 3.000000000000 0.117022447103
1.800000000000 3.000000000000 0.226375783017
2.000000000000 3.000000000000 0.369116024035
2.200000000000 3.000000000000 0.506652088702
2.400000000000 3.000000000000 0.588593540130
2.600000000000 3.000000000000 0.582653267224
2.800000000000 3.000000000000 0.494244067703
3.000000000000 3.000000000000 0.360518849768
3.200000000000 3.000000000000 0.226321130281
3.400000000000 3.000000000000 0.121973853394
3.600000000000 3.000000000000 0.056049647060
3.800000000000 3.000000000000 0.021671795061
4.000000000000 3.000000000000 0.006883493920
4.200000000000 3.000000000000 0.001707864217
4.400000000000 3.000000000000 0.000290123470
4.600000000000 3.000000000000 0.000025502609
4.800000000000 3.000000000000 -0.000003930756

0.000000000000 3.200000000000 -0.000005415129
0.200000000000 3.200000000000 0.000027489672
0.400000000000 3.200000000000 0.000109702690
0.600000000000 3.200000000000 0.000359204584
0.800000000000 3.200000000000 0.001353082283
1.000000000000 3.200000000000 0.004462375112
1.200000000000 3.200000000000 0.012691331359
1.400000000000 3.200000000000 0.032371429524
1.600000000000 3.200000000000 0.073006349018
1.800000000000 3.200000000000 0.141121388640
2.000000000000 3.200000000000 0.230089501813
2.200000000000 3.200000000000 0.315994369487
2.400000000000 3.200000000000 0.367481759466
2.600000000000 3.200000000000 0.364301593002
2.800000000000 3.200000000000 0.309588709697
3.000000000000 3.200000000000 0.226321130281
3.200000000000 3.200000000000 0.142446067944
3.400000000000 3.200000000000 0.077006614096
3.600000000000 3.200000000000 0.035517328890
3.800000000000 3.200000000000 0.013795946342
4.000000000000 3.200000000000 0.004408169679
4.200000000000 3.200000000000 0.001103364113
4.400000000000 3.200000000000 0.000190645231
4.600000000000 3.200000000000 0.000017388479
4.800000000000 3.200000000000 -0.000002337925

0.000000000000 3.400000000000 -0.000002788637
0.200000000000 3.400000000000 0.000014602827
0.400000000000 3.400000000000 0.000058823401
0.600000000000 3.400000000000 0.000193303484
0.800000000000 3.400000000000 0.000725300136
1.000000000000 3.400000000000 0.002388102577
1.200000000000 3.400000000000 0.006787838045
1.400000000000 3.400000000000 0.017296678346
1.600000000000 3.400000000000 0.038972725263
1.800000000000 3.400000000000 0.075311340052
2.000000000000 3.400000000000 0.122841517510
2.200000000000 3.400000000000 0.168878556293
2.400000000000 3.400000000000 0.196693389576
2.600000000000 3.400000000000 0.195366541190
2.800000000000 3.400000000000 0.166406287740
3.000000000000 3.400000000000 0.121973853394
3.200000000000 3.400000000000 0.077006614096
3.400000000000 3.400000000000 0.041778961795
3.600000000000 3.400000000000 0.019351140004
3.800000000000 3.400000000000 0.007555452069
4.000000000000 3.400000000000 0.002430253821
4.200000000000 3.400000000000 0.000614175238
4.400000000000 3.400000000000 0.000108057812
4.600000000000 3.400000000000 0.000010239349
4.800000000000 3.400000000000 -0.000001169823

0.000000000000 3.600000000000 -0.000001226536
0.200000000000 3.600000000000 0.000006562747
0.400000000000 3.600000000000 0.000026764334
0.600000000000 3.600000000000 0.000088219756
0.800000000000 3.600000000000 0.000329710906
1.000000000000 3.600000000000 0.001084287562
1.200000000000 3.600000000000 0.003081030120
1.400000000000 3.600000000000 0.007845603413
1.600000000000 3.600000000000 0.017668213780
1.800000000000 3.600000000000 0.034148775259
2.000000000000 3.600000000000 0.055754723182
2.200000000000 3.600000000000 0.076772997839
2.400000000000 3.600000000000 0.089605771106
2.600000000000 3.600000000000 0.089224872149
2.800000000000 3.600000000000 0.076217988498
3.000000000000 3.600000000000 0.056049647060
3.200000000000 3.600000000000 0.035517328890
3.400000000000 3.600000000000 0.019351140004
3.600000000000 3.600000000000 0.009007393308
3.800000000000 3.600000000000 0.003537832737
4.000000000000 3.600000000000 0.001146595971
4.200000000000 3.600000000000 0.000292910306
4.400000000000 3.600000000000 0.000052560572
4.600000000000 3.600000000000 0.000005186061
4.800000000000 3.600000000000 -0.000000484213

0.000000000000 3.800000000000 -0.000000454414
0.200000000000 3.800000000000 0.000002455558
0.400000000000 3.800000000000 0.000010181187
0.600000000000 3.800000000000 0.000033644932
0.800000000000 3.800000000000 0.000125228843
1.000000000000 3.800000000000 0.000411523839
1.200000000000 3.800000000000 0.001169464805
1.400000000000 3.800000000000 0.002976885316
1.600000000000 3.800000000000 0.006703466561
1.800000000000 3.800000000000 0.012966881530
2.000000000000 3.800000000000 0.021206918567
2.200000000000 3.800000000000 0.029270954707
2.400000000000 3.800000000000 0.034262691396
2.600000000000 3.800000000000 0.034230400159
2.800000000000 3.800000000000 0.029349000148
3.000000000000 3.800000000000 0.021671795061
3.200000000000 3.800000000000 0.013795946342
3.400000000000 3.800000000000 0.007555452069
3.600000000000 3.800000000000 0.003537832737
3.800000000000 3.800000000000 0.001399434892
4.000000000000 3.800000000000 0.000457598506
4.200000000000 3.800000000000 0.000118366204
4.400000000000 3.800000000000 0.000021715977
4.600000000000 3.800000000000 0.000002239438
4.800000000000 3.800000000000 -0.000000160078

0.000000000000 4.000000000000 -0.000000138206
0.200000000000 4.000000000000 0.000000742527
0.400000000000 4.000000000000 0.000003151172
0.600000000000 4.000000000000 0.000010436490
0.800000000000 4.000000000000 0.000038668392
1.000000000000 4.000000000000 0.000127051168
1.200000000000 4.000000000000 0.000361282381
1.400000000000 4.000000000000 0.000919728048
1.600000000000 4.000000000000 0.002072245645
1.800000000000 4.000000000000 0.004015271111
2.000000000000 4.000000000000 0.006584973660
2.200000000000 4.000000000000 0.009121171882
2.400000000000 4.000000000000 0.010720631415
2.600000000000 4.000000000000 0.010759566737
2.800000000000 4.000000000000 0.009271373916
3.000000000000 4.000000000000 0.006883493920
3.200000000000 4.000000000000 0.004408169679
3.400000000000 4.000000000000 0.002430253821
3.600000000000 4.000000000000 0.001146595971
3.800000000000 4.000000000000 0.000457598506
4.000000000000 4.000000000000 0.000151282973
4.200000000000 4.000000000000 0.000039729946
4.400000000000 4.000000000000 0.000007481869
4.600000000000 4.000000000000 0.000000811430
4.800000000000 4.000000000000 -0.000000038926

0.000000000000 4.200000000000 -0.000000032623
0.200000000000 4.200000000000 0.000000169635
0.400000000000 4.200000000000 0.000000747916
0.600000000000 4.200000000000 0.000002482239
0.800000000000 4.200000000000 0.000009141953
1.000000000000 4.200000000000 0.000030059714
1.200000000000 4.200000000000 0.000085615131
1.400000000000 4.200000000000 0.000218131398
1.600000000000 4.200000000000 0.000492285542
1.800000000000 4.200000000000 0.000957072954
2.000000000000 4.200000000000 0.001577179000
2.200000000000 4.200000000000 0.002197459902
2.400000000000 4.200000000000 0.002599804467
2.600000000000 4.200000000000 0.002627853251
2.800000000000 4.200000000000 0.002281670208
3.000000000000 4.200000000000 0.001707864217
3.200000000000 4.200000000000 0.001103364113
3.400000000000 4.200000000000 0.000614175238
3.600000000000 4.200000000000 0.000292910306
3.800000000000 4.200000000000 0.000118366204
4.000000000000 4.200000000000 0.000039729946
4.200000000000 4.200000000000 0.000010649235
4.400000000000 4.200000000000 0.000002074489
4.600000000000 4.200000000000 0.000000239476
4.800000000000 4.200000000000 -0.000000005025

0.000000000000 4.400000000000 -0.000000005281
0.200000000000 4.400000000000 0.000000023532
0.400000000000 4.400000000000 0.000000114017
0.600000000000 4.400000000000 0.000000378386
0.800000000000 4.400000000000 0.000001379832
1.000000000000 4.400000000000 0.000004559700
1.200000000000 4.400000000000 0.000013059811
1.400000000000 4.400000000000 0.000033409146
1.600000000000 4.400000000000 0.000075868607
1.800000000000 4.400000000000 0.000148933651
2.000000000000 4.400000000000 0.000248461549
2.200000000000 4.400000000000 0.000350982077
2.400000000000 4.400000000000 0.000421360387
2.600000000000 4.400000000000 0.000432411689
2.800000000000 4.400000000000 0.000381365606
3.000000000000 4.400000000000 0.000290123470
3.200000000000 4.400000000000 0.000190645231
3.400000000000 4.400000000000 0.000108057812
3.600000000000 4.400000000000 0.000052560572
3.800000000000 4.400000000000 0.000021715977
4.000000000000 4.400000000000 0.000007481869
4.200000000000 4.400000000000 0.000002074489
4.400000000000 4.400000000000 0.000000426044
4.600000000000 4.400000000000 0.000000053876
4.800000000000 4.400000000000 0.000000000794

0.000000000000 4.600000000000 -0.000000000470
0.200000000000 4.600000000000 0.000000001017
0.400000000000 4.600000000000 0.000000006948
0.600000000000 4.600000000000 0.000000023034
0.800000000000 4.600000000000 0.000000083567
1.000000000000 4.600000000000 0.000000285034
1.200000000000 4.600000000000 0.000000840464
1.400000000000 4.600000000000 0.000002204176
1.600000000000 4.600000000000 0.000005153816
1.800000000000 4.600000000000 0.000010475463
2.000000000000 4.600000000000 0.000018145442
2.200000000000 4.600000000000 0.000026627873
2.400000000000 4.600000000000 0.000033191269
2.600000000000 4.600000000000 0.000035341376
2.800000000000 4.600000000000 0.000032325246
3.000000000000 4.600000000000 0.000025502609
3.200000000000 4.600000000000 0.000017388479
3.400000000000 4.600000000000 0.000010239349
3.600000000000 4.600000000000 0.000005186061
3.800000000000 4.600000000000 0.000002239438
4.000000000000 4.600000000000 0.000000811430
4.200000000000 4.600000000000 0.000000239476
4.400000000000 4.600000000000 0.000000053876
4.600000000000 4.600000000000 0.000000007926
4.800000000000 4.600000000000 0.000000000441

0.000000000000 4.800000000000 0.000000000295
0.200000000000 4.800000000000 -0.000000000367
0.400000000000 4.800000000000 -0.000000001277
0.600000000000 4.800000000000 -0.000000002884
0.800000000000 4.800000000000 -0.000000014645
1.000000000000 4.800000000000 -0.000000056989
1.200000000000 4.800000000000 -0.000000175123
1.400000000000 4.800000000000 -0.000000487701
1.600000000000 4.800000000000 -0.000001204871
1.800000000000 4.800000000000 -0.000002496250
2.000000000000 4.800000000000 -0.000004245669
2.200000000000 4.800000000000 -0.000005944753
2.400000000000 4.800000000000 -0.000006922381
2.600000000000 4.800000000000 -0.000006770198
2.800000000000 4.800000000000 -0.000005600297
3.000000000000 4.800000000000 -0.000003930756
3.200000000000 4.800000000000 -0.000002337925
3.400000000000 4.800000000000 -0.000001169823
3.600000000000 4.800000000000 -0.000000484213
3.800000000000 4.800000000000 -0.000000160078
4.000000000000 4.800000000000 -0.000000038926
4.200000000000 4.800000000000 -0.000000005025
4.400000000000 4.800000000000 0.000000000794
4.600000000000 4.800000000000 0.000000000441
4.800000000000 4.800000000000 0.000000000120

