# x y u
0.000000000000 0.000000000000 0.000000106668
0.200000000000 0.000000000000 0.000000018940
0.400000000000 0.000000000000 0.000000002532
0.600000000000 0.000000000000 0.000000003471
0.800000000000 0.000000000000 0.000000021803
1.000000000000 0.000000000000 0.000000112353
1.200000000000 0.000000000000 0.000000498530
1.400000000000 0.000000000000 0.000001907065
1.600000000000 0.000000000000 0.000006272197
1.800000000000 0.000000000000 0.000017688529
2.000000000000 0.000000000000 0.000042667504
2.200000000000 0.000000000000 0.000087848335
2.400000000000 0.000000000000 0.000154160488
2.600000000000 0.000000000000 0.000230411208
2.800000000000 0.000000000000 0.000293293408
3.000000000000 0.000000000000 0.000318092997
3.200000000000 0.000000000000 0.000294134240
3.400000000000 0.000000000000 0.000232034783
3.600000000000 0.000000000000 0.000156224116
3.800000000000 0.000000000000 0.000089765491
4.000000000000 0.000000000000 0.000043992033
4.200000000000 0.000000000000 0.000018363613
4.400000000000 0.000000000000 0.000006516239
4.600000000000 0.000000000000 0.000001959819
4.800000000000 0.000000000000 0.000000497595

0.000000000000 0.200000000000 0.000000018940
0.200000000000 0.200000000000 0.000000003368
0.400000000000 0.200000000000 0.000000000452
0.600000000000 0.200000000000 0.000000000610
0.800000000000 0.200000000000 0.000000003827
1.000000000000 0.200000000000 0.000000019718
1.200000000000 0.200000000000 0.000000087485
1.400000000000 0.200000000000 0.000000334658
1.600000000000 0.200000000000 0.000001100713
1.800000000000 0.200000000000 0.000003104524
2.000000000000 0.200000000000 0.000007489986
2.200000000000 0.200000000000 0.000015425191
2.400000000000 0.200000000000 0.000027077956
2.600000000000 0.200000000000 0.000040487757
2.800000000000 0.200000000000 0.000051562034
3.000000000000 0.200000000000 0.000055952416
3.200000000000 0.200000000000 0.000051769784
3.400000000000 0.200000000000 0.000040867610
3.600000000000 0.200000000000 0.000027535940
3.800000000000 0.200000000000 0.000015835020
4.000000000000 0.200000000000 0.000007767369
4.200000000000 0.200000000000 0.000003245515
4.400000000000 0.200000000000 0.000001152879
4.600000000000 0.200000000000 0.000000347137
4.800000000000 0.200000000000 0.000000088246

0.000000000000 0.400000000000 0.000000002532
0.200000000000 0.400000000000 0.000000000452
0.400000000000 0.400000000000 0.000000000061
0.600000000000 0.400000000000 0.000000000078
0.800000000000 0.400000000000 0.000000000488
1.000000000000 0.400000000000 0.000000002517
1.200000000000 0.400000000000 0.000000011191
1.400000000000 0.400000000000 0.000000042897
1.600000000000 0.400000000000 0.000000141397
1.800000000000 0.400000000000 0.000000399707
2.000000000000 0.400000000000 0.000000966581
2.200000000000 0.400000000000 0.000001995344
2.400000000000 0.400000000000 0.000003511091
2.600000000000 0.400000000000 0.000005262462
2.800000000000 0.400000000000 0.000006717830
3.000000000000 0.400000000000 0.000007307080
3.200000000000 0.400000000000 0.000006776726
3.400000000000 0.400000000000 0.000005362113
3.600000000000 0.400000000000 0.000003621323
3.800000000000 0.400000000000 0.000002087359
4.000000000000 0.400000000000 0.000001026282
4.200000000000 0.400000000000 0.000000429830
4.400000000000 0.400000000000 0.000000153046
4.600000000000 0.400000000000 0.000000046193
4.800000000000 0.400000000000 0.000000011771

0.000000000000 0.600000000000 0.000000003471
0.200000000000 0.600000000000 0.000000000610
0.400000000000 0.600000000000 0.000000000078
0.600000000000 0.600000000000 0.000000000106
0.800000000000 0.600000000000 0.000000000685
1.000000000000 0.600000000000 0.000000003569
1.200000000000 0.600000000000 0.000000016002
1.400000000000 0.600000000000 0.000000061835
1.600000000000 0.600000000000 0.000000205303
1.800000000000 0.600000000000 0.000000584015
2.000000000000 0.600000000000 0.000001419601
2.200000000000 0.600000000000 0.000002942156
2.400000000000 0.600000000000 0.000005191132
2.600000000000 0.600000000000 0.000007791710
2.800000000000 0.600000000000 0.000009948563
3.000000000000 0.600000000000 0.000010810414
3.200000000000 0.600000000000 0.000010004100
3.400000000000 0.600000000000 0.000007889540
3.600000000000 0.600000000000 0.000005304388
3.800000000000 0.600000000000 0.000003040191
4.000000000000 0.600000000000 0.000001484472
4.200000000000 0.600000000000 0.000000616663
4.400000000000 0.600000000000 0.000000217494
4.600000000000 0.600000000000 0.000000064937
4.800000000000 0.600000000000 0.000000016346

0.000000000000 0.800000000000 0.000000021803
0.200000000000 0.800000000000 0.000000003827
0.400000000000 0.800000000000 0.000000000488
0.600000000000 0.800000000000 0.000000000685
0.800000000000 0.800000000000 0.000000004409
1.000000000000 0.800000000000 0.000000022929
1.200000000000 0.800000000000 0.000000102650
1.400000000000 0.800000000000 0.000000396022
1.600000000000 0.800000000000 0.000001312778
1.800000000000 0.800000000000 0.000003728579
2.000000000000 0.800000000000 0.000009049591
2.200000000000 0.800000000000 0.000018728275
2.400000000000 0.800000000000 0.000032998560
2.600000000000 0.800000000000 0.000049465278
2.800000000000 0.800000000000 0.000063080761
3.000000000000 0.800000000000 0.000068466887
3.200000000000 0.800000000000 0.000063291927
3.400000000000 0.800000000000 0.000049863375
3.600000000000 0.800000000000 0.000033492693
3.800000000000 0.800000000000 0.000019178875
4.000000000000 0.800000000000 0.000009356703
4.200000000000 0.800000000000 0.000003883708
4.400000000000 0.800000000000 0.000001368719
4.600000000000 0.800000000000 0.000000408357
4.800000000000 0.800000000000 0.000000102724

0.000000000000 1.000000000000 0.000000112353
0.200000000000 1.000000000000 0.000000019718
0.400000000000 1.000000000000 0.000000002517
0.600000000000 1.000000000000 0.000000003569
0.800000000000 1.000000000000 0.000000022929
1.000000000000 1.000000000000 0.000000119153
1.200000000000 1.000000000000 0.000000533024
1.400000000000 1.000000000000 0.000002054825
1.600000000000 1.000000000000 0.000006806442
1.800000000000 1.000000000000 0.000019317707
2.000000000000 1.000000000000 0.000046853151
2.200000000000 1.000000000000 0.000096899915
2.400000000000 1.000000000000 0.000170630714
2.600000000000 1.000000000000 0.000255635709
2.800000000000 1.000000000000 0.000325836230
3.000000000000 1.000000000000 0.000353497639
3.200000000000 1.000000000000 0.000326647279
3.400000000000 1.000000000000 0.000257251363
3.600000000000 1.000000000000 0.000172739357
3.800000000000 1.000000000000 0.000098889289
4.000000000000 1.000000000000 0.000048234044
4.200000000000 1.000000000000 0.000020017154
4.400000000000 1.000000000000 0.000007053684
4.600000000000 1.000000000000 0.000002104309
4.800000000000 1.000000000000 0.000000529335

0.000000000000 1.200000000000 0.000000498530
0.200000000000 1.200000000000 0.000000087485
0.400000000000 1.200000000000 0.000000011191
0.600000000000 1.200000000000 0.000000016002
0.800000000000 1.200000000000 0.000000102650
1.000000000000 1.200000000000 0.000000533024
1.200000000000 1.200000000000 0.000002382707
1.400000000000 1.200000000000 0.000009178690
1.600000000000 1.200000000000 0.000030381805
1.800000000000 1.200000000000 0.000086167961
2.000000000000 1.200000000000 0.000208852280
2.200000000000 1.200000000000 0.000431669069
2.400000000000 1.200000000000 0.000759681230
2.600000000000 1.200000000000 0.001137531163
2.800000000000 1.200000000000 0.001449205665
3.000000000000 1.200000000000 0.001571545321
3.200000000000 1.200000000000 0.001451607880
3.400000000000 1.200000000000 0.001142818381
3.600000000000 1.200000000000 0.000767147561
3.800000000000 1.200000000000 0.000439059635
4.000000000000 1.200000000000 0.000214108172
4.200000000000 1.200000000000 0.000088839537
4.400000000000 1.200000000000 0.000031301428
4.600000000000 1.200000000000 0.000009337314
4.800000000000 1.200000000000 0.000002348714

0.000000000000 1.400000000000 0.000001907065
0.200000000000 1.400000000000 0.000000334658
0.400000000000 1.400000000000 0.000000042897
0.600000000000 1.400000000000 0.000000061835
0.800000000000 1.400000000000 0.000000396022
1.000000000000 1.400000000000 0.000002054825
1.200000000000 1.400000000000 0.000009178690
1.400000000000 1.400000000000 0.000035332503
1.600000000000 1.400000000000 0.000116868351
1.800000000000 1.400000000000 0.000331229551
2.000000000000 1.400000000000 0.000802299940
2.200000000000 1.400000000000 0.001657221986
2.400000000000 1.400000000000 0.002914834267
2.600000000000 1.400000000000 0.004362348289
2.800000000000 1.400000000000 0.005554995988
3.000000000000 1.400000000000 0.006021421537
3.200000000000 1.400000000000 0.005559820735
3.400000000000 1.400000000000 0.004375707211
3.600000000000 1.400000000000 0.002936494546
3.800000000000 1.400000000000 0.001680244729
4.000000000000 1.400000000000 0.000819220187
4.200000000000 1.400000000000 0.000339869473
4.400000000000 1.400000000000 0.000119737271
4.600000000000 1.400000000000 0.000035716392
4.800000000000 1.400000000000 0.000008984204

0.000000000000 1.600000000000 0.000006272197
0.200000000000 1.600000000000 0.000001100713
0.400000000000 1.600000000000 0.000000141397
0.600000000000 1.600000000000 0.000000205303
0.800000000000 1.600000000000 0.000001312778
1.000000000000 1.600000000000 0.000006806442
1.200000000000 1.600000000000 0.000030381805
1.400000000000 1.600000000000 0.000116868351
1.600000000000 1.600000000000 0.000386292317
1.800000000000 1.600000000000 0.001094097677
2.000000000000 1.600000000000 0.002648420670
2.200000000000 1.600000000000 0.005467300275
2.400000000000 1.600000000000 0.009611019709
2.600000000000 1.600000000000 0.014376789121
2.800000000000 1.600000000000 0.018299284412
3.000000000000 1.600000000000 0.019828074899
3.200000000000 1.600000000000 0.018301854470
3.400000000000 1.600000000000 0.014399793780
3.600000000000 1.600000000000 0.009661206556
3.800000000000 1.600000000000 0.005526996199
4.000000000000 1.600000000000 0.002694339016
4.200000000000 1.600000000000 0.001117685851
4.400000000000 1.600000000000 0.000393744737
4.600000000000 1.600000000000 0.000117449962
4.800000000000 1.600000000000 0.000029545347

0.000000000000 1.800000000000 0.000017688529
0.200000000000 1.800000000000 0.000003104524
0.400000000000 1.800000000000 0.000000399707
0.600000000000 1.800000000000 0.000000584015
0.800000000000 1.800000000000 0.000003728579
1.000000000000 1.800000000000 0.000019317707
1.200000000000 1.800000000000 0.000086167961
1.400000000000 1.800000000000 0.000331229551
1.600000000000 1.800000000000 0.001094097677
1.800000000000 1.800000000000 0.003096821393
2.000000000000 1.800000000000 0.007491750007
2.200000000000 1.800000000000 0.015456996761
2.400000000000 1.800000000000 0.027158110451
2.600000000000 1.800000000000 0.040606267147
2.800000000000 1.800000000000 0.051664199099
3.000000000000 1.800000000000 0.055960738764
3.200000000000 1.800000000000 0.051637762618
3.400000000000 1.800000000000 0.040618089598
3.600000000000 1.800000000000 0.027246238015
3.800000000000 1.800000000000 0.015584658617
4.000000000000 1.800000000000 0.007596518246
4.200000000000 1.800000000000 0.003151070784
4.400000000000 1.800000000000 0.001110073814
4.600000000000 1.800000000000 0.000331139963
4.800000000000 1.800000000000 0.000083309484

0.000000000000 2.000000000000 0.000042667504
0.200000000000 2.000000000000 0.000007489986
0.400000000000 2.000000000000 0.000000966581
0.600000000000 2.000000000000 0.000001419601
0.800000000000 2.000000000000 0.000009049591
1.000000000000 2.000000000000 0.000046853151
1.200000000000 2.000000000000 0.000208852280
1.400000000000 2.000000000000 0.000802299940
1.600000000000 2.000000000000 0.002648420670
1.800000000000 2.000000000000 0.007491750007
2.000000000000 2.000000000000 0.018113552399
2.200000000000 2.000000000000 0.037352440970
2.400000000000 2.000000000000 0.065597827710
2.600000000000 2.000000000000 0.098039838895
2.800000000000 2.000000000000 0.124693122907
3.000000000000 2.000000000000 0.135021423295
3.200000000000 2.000000000000 0.124559127898
3.400000000000 2.000000000000 0.097957655455
3.600000000000 2.000000000000 0.065698837913
3.800000000000 2.000000000000 0.037575278401
4.000000000000 2.000000000000 0.018314503116
4.200000000000 2.000000000000 0.007596907839
4.400000000000 2.000000000000 0.002676405954
4.600000000000 2.000000000000 0.000798466636
4.800000000000 2.000000000000 0.000200913997

0.000000000000 2.200000000000 0.000087848335
0.200000000000 2.200000000000 0.000015425191
0.400000000000 2.200000000000 0.000001995344
0.600000000000 2.200000000000 0.000002942156
0.800000000000 2.200000000000 0.000018728275
1.000000000000 2.200000000000 0.000096899915
1.200000000000 2.200000000000 0.000431669069
1.400000000000 2.200000000000 0.001657221986
1.600000000000 2.200000000000 0.005467300275
1.800000000000 2.200000000000 0.015456996761
2.000000000000 2.200000000000 0.037352440970
2.200000000000 2.200000000000 0.076988989105
2.400000000000 2.200000000000 0.135150042324
2.600000000000 2.200000000000 0.201915739260
2.800000000000 2.200000000000 0.256728872670
3.000000000000 2.200000000000 0.277921902821
3.200000000000 2.200000000000 0.256333940450
3.400000000000 2.200000000000 0.201558646553
3.600000000000 2.200000000000 0.135168349559
3.800000000000 2.200000000000 0.077302879928
4.000000000000 2.200000000000 0.037677931045
4.200000000000 2.200000000000 0.015629683688
4.400000000000 2.200000000000 0.005506942049
4.600000000000 2.200000000000 0.001643177980
4.800000000000 2.200000000000 0.000413554888

0.000000000000 2.400000000000 0.000154160488
0.200000000000 2.400000000000 0.000027077956
0.400000000000 2.400000000000 0.000003511091
0.600000000000 2.400000000000 0.000005191132
0.800000000000 2.400000000000 0.000032998560
1.000000000000 2.400000000000 0.000170630714
1.200000000000 2.400000000000 0.000759681230
1.400000000000 2.400000000000 0.002914834267
1.600000000000 2.400000000000 0.009611019709
1.800000000000 2.400000000000 0.027158110451
2.000000000000 2.400000000000 0.065597827710
2.200000000000 2.400000000000 0.135150042324
2.400000000000 2.400000000000 0.237161290819
2.600000000000 2.400000000000 0.354210629068
2.800000000000 2.400000000000 0.450249888475
3.000000000000 2.400000000000 0.487317849663
3.200000000000 2.400000000000 0.449395614668
3.400000000000 2.400000000000 0.353329072401
3.600000000000 2.400000000000 0.236935454313
3.800000000000 2.400000000000 0.135503301326
4.000000000000 2.400000000000 0.066048501180
4.200000000000 2.400000000000 0.027401297303
4.400000000000 2.400000000000 0.009656072629
4.600000000000 2.400000000000 0.002881828712
4.800000000000 2.400000000000 0.000725497936

0.000000000000 2.600000000000 0.000230411208
0.200000000000 2.600000000000 0.000040487757
0.400000000000 2.600000000000 0.000005262462
0.600000000000 2.600000000000 0.000007791710
0.800000000000 2.600000000000 0.000049465278
1.000000000000 2.600000000000 0.000255635709
1.200000000000 2.600000000000 0.001137531163
1.400000000000 2.600000000000 0.004362348289
1.600000000000 2.600000000000 0.014376789121
1.800000000000 2.600000000000 0.040606267147
2.000000000000 2.600000000000 0.098039838895
2.200000000000 2.600000000000 0.201915739260
2.400000000000 2.600000000000 0.354210629068
2.600000000000 2.600000000000 0.528891717707
2.800000000000 2.600000000000 0.672155339090
3.000000000000 2.600000000000 0.727381339442
3.200000000000 2.600000000000 0.670710043692
3.400000000000 2.600000000000 0.527306882920
3.600000000000 2.600000000000 0.353601470915
3.800000000000 2.600000000000 0.202234829575
4.000000000000 2.600000000000 0.098585671417
4.200000000000 2.600000000000 0.040906299295
4.400000000000 2.600000000000 0.014418233599
4.600000000000 2.600000000000 0.004304243378
4.800000000000 2.600000000000 0.001083946498

0.000000000000 2.800000000000 0.000293293408
0.200000000000 2.800000000000 0.000051562034
0.400000000000 2.800000000000 0.000006717830
0.600000000000 2.800000000000 0.000009948563
0.800000000000 2.800000000000 0.000063080761
1.000000000000 2.800000000000 0.000325836230
1.200000000000 2.800000000000 0.001449205665
1.400000000000 2.800000000000 0.005554995988
1.600000000000 2.800000000000 0.018299284412
1.800000000000 2.800000000000 0.051664199099
2.000000000000 2.800000000000 0.124693122907
2.200000000000 2.800000000000 0.256728872670
2.400000000000 2.800000000000 0.450249888475
2.600000000000 2.800000000000 0.672155339090
2.800000000000 2.800000000000 0.854095795632
3.000000000000 2.800000000000 0.924178322403
3.200000000000 2.800000000000 0.852132686218
3.400000000000 2.800000000000 0.669940786649
3.600000000000 2.800000000000 0.449272023198
3.800000000000 2.800000000000 0.256977864739
4.000000000000 2.800000000000 0.125291255386
4.200000000000 2.800000000000 0.051998155741
4.400000000000 2.800000000000 0.018332636011
4.600000000000 2.800000000000 0.005474564309
4.800000000000 2.800000000000 0.001379196817

0.000000000000 3.000000000000 0.000318092997
0.200000000000 3.000000000000 0.000055952416
0.400000000000 3.000000000000 0.000007307080
0.600000000000 3.000000000000 0.000010810414
0.800000000000 3.000000000000 0.000068466887
1.000000000000 3.000000000000 0.000353497639
1.200000000000 3.000000000000 0.001571545321
1.400000000000 3.000000000000 0.006021421537
1.600000000000 3.000000000000 0.019828074899
1.800000000000 3.000000000000 0.055960738764
2.000000000000 3.000000000000 0.135021423295
2.200000000000 3.000000000000 0.277921902821
2.400000000000 3.000000000000 0.487317849663
2.600000000000 3.000000000000 0.727381339442
2.800000000000 3.000000000000 0.924178322403
3.000000000000 3.000000000000 0.999963194400
3.200000000000 3.000000000000 0.922011544552
3.400000000000 3.000000000000 0.724916598088
3.600000000000 3.000000000000 0.486189039434
3.800000000000 3.000000000000 0.278136360834
4.000000000000 3.000000000000 0.135635031157
4.200000000000 3.000000000000 0.056305625652
4.400000000000 3.000000000000 0.019857560735
4.600000000000 3.000000000000 0.005932155936
4.800000000000 3.000000000000 0.001495122948

0.000000000000 3.200000000000 0.000294134240
0.200000000000 3.200000000000 0.000051769784
0.400000000000 3.200000000000 0.000006776726
0.600000000000 3.200000000000 0.000010004100
0.800000000000 3.200000000000 0.000063291927
1.000000000000 3.200000000000 0.000326647279
1.200000000000 3.200000000000 0.001451607880
1.400000000000 3.200000000000 0.005559820735
1.600000000000 3.200000000000 0.018301854470
1.800000000000 3.200000000000 0.051637762618
2.000000000000 3.200000000000 0.124559127898
2.200000000000 3.200000000000 0.256333940450
2.400000000000 3.200000000000 0.449395614668
2.600000000000 3.200000000000 0.670710043692
2.800000000000 3.200000000000 0.852132686218
3.000000000000 3.200000000000 0.922011544552
3.200000000000 3.200000000000 0.850180704225
3.400000000000 3.200000000000 0.668508485144
3.600000000000 3.200000000000 0.448424831172
3.800000000000 3.200000000000 0.256584243420
4.000000000000 3.200000000000 0.125156868813
4.200000000000 3.200000000000 0.051971950182
4.400000000000 3.200000000000 0.018335891967
4.600000000000 3.200000000000 0.005479900021
4.800000000000 3.200000000000 0.001381804144

0.000000000000 3.400000000000 0.000232034783
0.200000000000 3.400000000000 0.000040867610
0.400000000000 3.400000000000 0.000005362113
0.600000000000 3.400000000000 0.000007889540
0.800000000000 3.400000000000 0.000049863375
1.000000000000 3.400000000000 0.000257251363
1.200000000000 3.400000000000 0.001142818381
1.400000000000 3.400000000000 0.004375707211
1.600000000000 3.400000000000 0.014399793780
1.800000000000 3.400000000000 0.040618089598
2.000000000000 3.400000000000 0.097957655455
2.200000000000 3.400000000000 0.201558646553
2.400000000000 3.400000000000 0.353329072401
2.600000000000 3.400000000000 0.527306882920
2.800000000000 3.400000000000 0.669940786649
3.000000000000 3.400000000000 0.724916598088
3.200000000000 3.400000000000 0.668508485144
3.400000000000 3.400000000000 0.525736318312
3.600000000000 3.400000000000 0.352726186797
3.800000000000 3.400000000000 0.201877178931
4.000000000000 3.400000000000 0.098501796403
4.200000000000 3.400000000000 0.040918027611
4.400000000000 3.400000000000 0.014442042810
4.600000000000 3.400000000000 0.004318225922
4.800000000000 3.400000000000 0.001089459092

0.000000000000 3.600000000000 0.000156224116
0.200000000000 3.600000000000 0.000027535940
0.400000000000 3.600000000000 0.000003621323
0.600000000000 3.600000000000 0.000005304388
0.800000000000 3.600000000000 0.000033492693
1.000000000000 3.600000000000 0.000172739357
1.200000000000 3.600000000000 0.000767147561
1.400000000000 3.600000000000 0.002936494546
1.600000000000 3.600000000000 0.009661206556
1.800000000000 3.600000000000 0.027246238015
2.000000000000 3.600000000000 0.065698837913
2.200000000000 3.600000000000 0.135168349559
2.400000000000 3.600000000000 0.236935454313
2.600000000000 3.600000000000 0.353601470915
2.800000000000 3.600000000000 0.449272023198
3.000000000000 3.600000000000 0.486189039434
3.200000000000 3.600000000000 0.448424831172
3.400000000000 3.600000000000 0.352726186797
3.600000000000 3.600000000000 0.236709738300
3.800000000000 3.600000000000 0.135517914485
4.000000000000 3.600000000000 0.066146664324
4.200000000000 3.600000000000 0.027488882398
4.400000000000 3.600000000000 0.009706766477
4.600000000000 3.600000000000 0.002903891665
4.800000000000 3.600000000000 0.000733062064

0.000000000000 3.800000000000 0.000089765491
0.200000000000 3.800000000000 0.000015835020
0.400000000000 3.800000000000 0.000002087359
0.600000000000 3.800000000000 0.000003040191
0.800000000000 3.800000000000 0.000019178875
1.000000000000 3.800000000000 0.000098889289
1.200000000000 3.800000000000 0.000439059635
1.400000000000 3.800000000000 0.001680244729
1.600000000000 3.800000000000 0.005526996199
1.800000000000 3.800000000000 0.015584658617
2.000000000000 3.800000000000 0.037575278401
2.200000000000 3.800000000000 0.077302879928
2.400000000000 3.800000000000 0.135503301326
2.600000000000 3.800000000000 0.202234829575
2.800000000000 3.800000000000 0.256977864739
3.000000000000 3.800000000000 0.278136360834
3.200000000000 3.800000000000 0.256584243420
3.400000000000 3.800000000000 0.201877178931
3.600000000000 3.800000000000 0.135517914485
3.800000000000 3.800000000000 0.077612372990
4.000000000000 3.800000000000 0.037898274796
4.200000000000 3.800000000000 0.015756888708
4.400000000000 3.800000000000 0.005566922722
4.600000000000 3.800000000000 0.001666380543
4.800000000000 3.800000000000 0.000420933563

0.000000000000 4.000000000000 0.000043992033
0.200000000000 4.000000000000 0.000007767369
0.400000000000 4.000000000000 0.000001026282
0.600000000000 4.000000000000 0.000001484472
0.800000000000 4.000000000000 0.000009356703
1.000000000000 4.000000000000 0.000048234044
1.200000000000 4.000000000000 0.000214108172
1.400000000000 4.000000000000 0.000819220187
1.600000000000 4.000000000000 0.002694339016
1.800000000000 4.000000000000 0.007596518246
2.000000000000 4.000000000000 0.018314503116
2.200000000000 4.000000000000 0.037677931045
2.400000000000 4.000000000000 0.066048501180
2.600000000000 4.000000000000 0.098585671417
2.800000000000 4.000000000000 0.125291255386
3.000000000000 4.000000000000 0.135635031157
3.200000000000 4.000000000000 0.125156868813
3.400000000000 4.000000000000 0.098501796403
3.600000000000 4.000000000000 0.066146664324
3.800000000000 4.000000000000 0.037898274796
4.000000000000 4.000000000000 0.018514377873
4.200000000000 4.000000000000 0.007701697587
4.400000000000 4.000000000000 0.002722596529
4.600000000000 4.000000000000 0.000815494076
4.800000000000 4.000000000000 0.000206141232

0.000000000000 4.200000000000 0.000018363613
0.200000000000 4.200000000000 0.000003245515
0.400000000000 4.200000000000 0.000000429830
0.600000000000 4.200000000000 0.000000616663
0.800000000000 4.200000000000 0.000003883708
1.000000000000 4.200000000000 0.000020017154
1.200000000000 4.200000000000 0.000088839537
1.400000000000 4.200000000000 0.000339869473
1.600000000000 4.200000000000 0.001117685851
1.800000000000 4.200000000000 0.003151070784
2.000000000000 4.200000000000 0.007596907839
2.200000000000 4.200000000000 0.015629683688
2.400000000000 4.200000000000 0.027401297303
2.600000000000 4.200000000000 0.040906299295
2.800000000000 4.200000000000 0.051998155741
3.000000000000 4.200000000000 0.056305625652
3.200000000000 4.200000000000 0.051971950182
3.400000000000 4.200000000000 0.040918027611
3.600000000000 4.200000000000 0.027488882398
3.800000000000 4.200000000000 0.015756888708
4.000000000000 4.200000000000 0.007701697587
4.200000000000 4.200000000000 0.003205647312
4.400000000000 4.200000000000 0.001133941933
4.600000000000 4.200000000000 0.000339886245
4.800000000000 4.200000000000 0.000085982371

0.000000000000 4.400000000000 0.000006516239
0.200000000000 4.400000000000 0.000001152879
0.400000000000 4.400000000000 0.000000153046
0.600000000000 4.400000000000 0.000000217494
0.800000000000 4.400000000000 0.000001368719
1.000000000000 4.400000000000 0.000007053684
1.200000000000 4.400000000000 0.000031301428
1.400000000000 4.400000000000 0.000119737271
1.600000000000 4.400000000000 0.000393744737
1.800000000000 4.400000000000 0.001110073814
2.000000000000 4.400000000000 0.002676405954
2.200000000000 4.400000000000 0.005506942049
2.400000000000 4.400000000000 0.009656072629
2.600000000000 4.400000000000 0.014418233599
2.800000000000 4.400000000000 0.018332636011
3.000000000000 4.400000000000 0.019857560735
3.200000000000 4.400000000000 0.018335891967
3.400000000000 4.400000000000 0.014442042810
3.600000000000 4.400000000000 0.009706766477
3.800000000000 4.400000000000 0.005566922722
4.000000000000 4.400000000000 0.002722596529
4.200000000000 4.400000000000 0.001133941933
4.400000000000 4.400000000000 0.000401394102
4.600000000000 4.400000000000 0.000120405529
4.800000000000 4.400000000000 0.000030484693

0.000000000000 4.600000000000 0.000001959819
0.200000000000 4.600000000000 0.000000347137
0.400000000000 4.600000000000 0.000000046193
0.600000000000 4.600000000000 0.000000064937
0.800000000000 4.600000000000 0.000000408357
1.000000000000 4.600000000000 0.000002104309
1.200000000000 4.600000000000 0.000009337314
1.400000000000 4.600000000000 0.000035716392
1.600000000000 4.600000000000 0.000117449962
1.800000000000 4.600000000000 0.000331139963
2.000000000000 4.600000000000 0.000798466636
2.200000000000 4.600000000000 0.001643177980
2.400000000000 4.600000000000 0.002881828712
2.600000000000 4.600000000000 0.004304243378
2.800000000000 4.600000000000 0.005474564309
3.000000000000 4.600000000000 0.005932155936
3.200000000000 4.600000000000 0.005479900021
3.400000000000 4.600000000000 0.004318225922
3.600000000000 4.600000000000 0.002903891665
3.800000000000 4.600000000000 0.001666380543
4.000000000000 4.600000000000 0.000815494076
4.200000000000 4.600000000000 0.000339886245
4.400000000000 4.600000000000 0.000120405529
4.600000000000 4.600000000000 0.000036147873
4.800000000000 4.600000000000 0.000009160229

0.000000000000 4.800000000000 0.000000497595
0.200000000000 4.800000000000 0.000000088246
0.400000000000 4.800000000000 0.000000011771
0.600000000000 4.800000000000 0.000000016346
0.800000000000 4.800000000000 0.000000102724
1.000000000000 4.800000000000 0.000000529335
1.200000000000 4.800000000000 0.000002348714
1.400000000000 4.800000000000 0.000008984204
1.600000000000 4.800000000000 0.000029545347
1.800000000000 4.800000000000 0.000083309484
2.000000000000 4.800000000000 0.000200913997
2.200000000000 4.800000000000 0.000413554888
2.400000000000 4.800000000000 0.000725497936
2.600000000000 4.800000000000 0.001083946498
2.800000000000 4.800000000000 0.001379196817
3.000000000000 4.800000000000 0.001495122948
3.200000000000 4.800000000000 0.001381804144
3.400000000000 4.800000000000 0.001089459092
3.600000000000 4.800000000000 0.000733062064
3.800000000000 4.800000000000 0.000420933563
4.000000000000 4.800000000000 0.000206141232
4.200000000000 4.800000000000 0.000085982371
4.400000000000 4.800000000000 0.000030484693
4.600000000000 4.800000000000 0.000009160229
4.800000000000 4.800000000000 0.000002323516

