# x y u
0.000000000000 0.000000000000 0.009339000151
0.200000000000 0.000000000000 0.009764565995
0.400000000000 0.000000000000 0.011024854173
0.600000000000 0.000000000000 0.013069153175
0.800000000000 0.000000000000 0.015808691998
1.000000000000 0.000000000000 0.019112508015
1.200000000000 0.000000000000 0.022805544165
1.400000000000 0.000000000000 0.026671572272
1.600000000000 0.000000000000 0.030462771701
1.800000000000 0.000000000000 0.033916404128
2.000000000000 0.000000000000 0.036777323280
2.200000000000 0.000000000000 0.038823456454
2.400000000000 0.000000000000 0.039890311421
2.600000000000 0.000000000000 0.039890311421
2.800000000000 0.000000000000 0.038823456454
3.000000000000 0.000000000000 0.036777323280
3.200000000000 0.000000000000 0.033916404128
3.400000000000 0.000000000000 0.030462771701
3.600000000000 0.000000000000 0.026671572272
3.800000000000 0.000000000000 0.022805544165
4.000000000000 0.000000000000 0.019112508015
4.200000000000 0.000000000000 0.015808691998
4.400000000000 0.000000000000 0.013069153175
4.600000000000 0.000000000000 0.011024854173
4.800000000000 0.000000000000 0.009764565995

0.000000000000 0.200000000000 0.009764565995
0.200000000000 0.200000000000 0.010209524343
0.400000000000 0.200000000000 0.011527242236
0.600000000000 0.200000000000 0.013664697205
0.800000000000 0.200000000000 0.016529072930
1.000000000000 0.200000000000 0.019983438848
1.200000000000 0.200000000000 0.023844760700
1.400000000000 0.200000000000 0.027886957076
1.600000000000 0.200000000000 0.031850914594
1.800000000000 0.200000000000 0.035461922495
2.000000000000 0.200000000000 0.038453208099
2.200000000000 0.200000000000 0.040592579424
2.400000000000 0.200000000000 0.041708048780
2.600000000000 0.200000000000 0.041708048780
2.800000000000 0.200000000000 0.040592579424
3.000000000000 0.200000000000 0.038453208099
3.200000000000 0.200000000000 0.035461922495
3.400000000000 0.200000000000 0.031850914594
3.600000000000 0.200000000000 0.027886957076
3.800000000000 0.200000000000 0.023844760700
4.000000000000 0.200000000000 0.019983438848
4.200000000000 0.200000000000 0.016529072930
4.400000000000 0.200000000000 0.013664697205
4.600000000000 0.200000000000 0.011527242236
4.800000000000 0.200000000000 0.010209524343

0.000000000000 0.400000000000 0.011024854173
0.200000000000 0.400000000000 0.011527242236
0.400000000000 0.400000000000 0.013015034736
0.600000000000 0.400000000000 0.015428365421
0.800000000000 0.400000000000 0.018662437992
1.000000000000 0.400000000000 0.022562648217
1.200000000000 0.400000000000 0.026922337824
1.400000000000 0.400000000000 0.031486245666
1.600000000000 0.400000000000 0.035961815578
1.800000000000 0.400000000000 0.040038881190
2.000000000000 0.400000000000 0.043416238943
2.200000000000 0.400000000000 0.045831729252
2.400000000000 0.400000000000 0.047091167093
2.600000000000 0.400000000000 0.047091167093
2.800000000000 0.400000000000 0.045831729252
3.000000000000 0.400000000000 0.043416238943
3.200000000000 0.400000000000 0.040038881190
3.400000000000 0.400000000000 0.035961815578
3.600000000000 0.400000000000 0.031486245666
3.800000000000 0.400000000000 0.026922337824
4.000000000000 0.400000000000 0.022562648217
4.200000000000 0.400000000000 0.018662437992
4.400000000000 0.400000000000 0.015428365421
4.600000000000 0.400000000000 0.013015034736
4.800000000000 0.400000000000 0.011527242236

0.000000000000 0.600000000000 0.013069153175
0.200000000000 0.600000000000 0.013664697205
0.400000000000 0.600000000000 0.015428365421
0.600000000000 0.600000000000 0.018289190338
0.800000000000 0.600000000000 0.022122943064
1.000000000000 0.600000000000 0.026746351109
1.200000000000 0.600000000000 0.031914435996
1.400000000000 0.600000000000 0.037324604523
1.600000000000 0.600000000000 0.042630053469
1.800000000000 0.600000000000 0.047463104452
2.000000000000 0.600000000000 0.051466704121
2.200000000000 0.600000000000 0.054330082918
2.400000000000 0.600000000000 0.055823049884
2.600000000000 0.600000000000 0.055823049884
2.800000000000 0.600000000000 0.054330082918
3.000000000000 0.600000000000 0.051466704121
3.200000000000 0.600000000000 0.047463104452
3.400000000000 0.600000000000 0.042630053469
3.600000000000 0.600000000000 0.037324604523
3.800000000000 0.600000000000 0.031914435996
4.000000000000 0.600000000000 0.026746351109
4.200000000000 0.600000000000 0.022122943064
4.400000000000 0.600000000000 0.018289190338
4.600000000000 0.600000000000 0.015428365421
4.800000000000 0.600000000000 0.013664697205

0.000000000000 0.800000000000 0.015808691998
0.200000000000 0.800000000000 0.016529072930
0.400000000000 0.800000000000 0.018662437992
0.600000000000 0.800000000000 0.022122943064
0.800000000000 0.800000000000 0.026760317865
1.000000000000 0.800000000000 0.032352871948
1.200000000000 0.800000000000 0.038604274479
1.400000000000 0.800000000000 0.045148503293
1.600000000000 0.800000000000 0.051566059573
1.800000000000 0.800000000000 0.057412194063
2.000000000000 0.800000000000 0.062255010087
2.200000000000 0.800000000000 0.065718596734
2.400000000000 0.800000000000 0.067524512148
2.600000000000 0.800000000000 0.067524512148
2.800000000000 0.800000000000 0.065718596734
3.000000000000 0.800000000000 0.062255010087
3.200000000000 0.800000000000 0.057412194063
3.400000000000 0.800000000000 0.051566059573
3.600000000000 0.800000000000 0.045148503293
3.800000000000 0.800000000000 0.038604274479
4.000000000000 0.800000000000 0.032352871948
4.200000000000 0.800000000000 0.026760317865
4.400000000000 0.800000000000 0.022122943064
4.600000000000 0.800000000000 0.018662437992
4.800000000000 0.800000000000 0.016529072930

0.000000000000 1.000000000000 0.019112508015
0.200000000000 1.000000000000 0.019983438848
0.400000000000 1.000000000000 0.022562648217
0.600000000000 1.000000000000 0.026746351109
0.800000000000 1.000000000000 0.032352871948
1.000000000000 1.000000000000 0.039114189196
1.200000000000 1.000000000000 0.046672042422
1.400000000000 1.000000000000 0.054583915879
1.600000000000 1.000000000000 0.062342641918
1.800000000000 1.000000000000 0.069410526060
2.000000000000 1.000000000000 0.075265412807
2.200000000000 1.000000000000 0.079452832741
2.400000000000 1.000000000000 0.081636154899
2.600000000000 1.000000000000 0.081636154899
2.800000000000 1.000000000000 0.079452832741
3.000000000000 1.000000000000 0.075265412807
3.200000000000 1.000000000000 0.069410526060
3.400000000000 1.000000000000 0.062342641918
3.600000000000 1.000000000000 0.054583915879
3.800000000000 1.000000000000 0.046672042422
4.000000000000 1.000000000000 0.039114189196
4.200000000000 1.000000000000 0.032352871948
4.400000000000 1.000000000000 0.026746351109
4.600000000000 1.000000000000 0.022562648217
4.800000000000 1.000000000000 0.019983438848

0.000000000000 1.200000000000 0.022805544165
0.200000000000 1.200000000000 0.023844760700
0.400000000000 1.200000000000 0.026922337824
0.600000000000 1.200000000000 0.031914435996
0.800000000000 1.200000000000 0.038604274479
1.000000000000 1.200000000000 0.046672042422
1.200000000000 1.200000000000 0.055690254020
1.400000000000 1.200000000000 0.065130888491
1.600000000000 1.200000000000 0.074388781481
1.800000000000 1.200000000000 0.082822343886
2.000000000000 1.200000000000 0.089808528512
2.200000000000 1.200000000000 0.094805052948
2.400000000000 1.200000000000 0.097410242242
2.600000000000 1.200000000000 0.097410242242
2.800000000000 1.200000000000 0.094805052948
3.000000000000 1.200000000000 0.089808528512
3.200000000000 1.200000000000 0.082822343886
3.400000000000 1.200000000000 0.074388781481
3.600000000000 1.200000000000 0.065130888491
3.800000000000 1.200000000000 0.055690254020
4.000000000000 1.200000000000 0.046672042422
4.200000000000 1.200000000000 0.038604274479
4.400000000000 1.200000000000 0.031914435996
4.600000000000 1.200000000000 0.026922337824
4.800000000000 1.200000000000 0.023844760700

0.000000000000 1.400000000000 0.026671572272
0.200000000000 1.400000000000 0.027886957076
0.400000000000 1.400000000000 0.031486245666
0.600000000000 1.400000000000 0.037324604523
0.800000000000 1.400000000000 0.045148503293
1.000000000000 1.400000000000 0.054583915879
1.200000000000 1.400000000000 0.065130888491
1.400000000000 1.400000000000 0.076171890245
1.600000000000 1.400000000000 0.086999169980
1.800000000000 1.400000000000 0.096862377693
2.000000000000 1.400000000000 0.105032848926
2.200000000000 1.400000000000 0.110876375326
2.400000000000 1.400000000000 0.113923191466
2.600000000000 1.400000000000 0.113923191466
2.800000000000 1.400000000000 0.110876375326
3.000000000000 1.400000000000 0.105032848926
3.200000000000 1.400000000000 0.096862377693
3.400000000000 1.400000000000 0.086999169980
3.600000000000 1.400000000000 0.076171890245
3.800000000000 1.400000000000 0.065130888491
4.000000000000 1.400000000000 0.054583915879
4.200000000000 1.400000000000 0.045148503293
4.400000000000 1.400000000000 0.037324604523
4.600000000000 1.400000000000 0.031486245666
4.800000000000 1.400000000000 0.027886957076

0.000000000000 1.600000000000 0.030462771701
0.200000000000 1.600000000000 0.031850914594
0.400000000000 1.600000000000 0.035961815578
0.600000000000 1.600000000000 0.042630053469
0.800000000000 1.600000000000 0.051566059573
1.000000000000 1.600000000000 0.062342641918
1.200000000000 1.600000000000 0.074388781481
1.400000000000 1.600000000000 0.086999169980
1.600000000000 1.600000000000 0.099365455375
1.800000000000 1.600000000000 0.110630632279
2.000000000000 1.600000000000 0.119962463680
2.200000000000 1.600000000000 0.126636594970
2.400000000000 1.600000000000 0.130116488495
2.600000000000 1.600000000000 0.130116488495
2.800000000000 1.600000000000 0.126636594970
3.000000000000 1.600000000000 0.119962463680
3.200000000000 1.600000000000 0.110630632279
3.400000000000 1.600000000000 0.099365455375
3.600000000000 1.600000000000 0.086999169980
3.800000000000 1.600000000000 0.074388781481
4.000000000000 1.600000000000 0.062342641918
4.200000000000 1.600000000000 0.051566059573
4.400000000000 1.600000000000 0.042630053469
4.600000000000 1.600000000000 0.035961815578
4.800000000000 1.600000000000 0.031850914594

0.000000000000 1.800000000000 0.033916404128
0.200000000000 1.800000000000 0.035461922495
0.400000000000 1.800000000000 0.040038881190
0.600000000000 1.800000000000 0.047463104452
0.800000000000 1.800000000000 0.057412194063
1.000000000000 1.800000000000 0.069410526060
1.200000000000 1.800000000000 0.082822343886
1.400000000000 1.800000000000 0.096862377693
1.600000000000 1.800000000000 0.110630632279
1.800000000000 1.800000000000 0.123172943752
2.000000000000 1.800000000000 0.133562724967
2.200000000000 1.800000000000 0.140993501986
2.400000000000 1.800000000000 0.144867910569
2.600000000000 1.800000000000 0.144867910569
2.800000000000 1.800000000000 0.140993501986
3.000000000000 1.800000000000 0.133562724967
3.200000000000 1.800000000000 0.123172943752
3.400000000000 1.800000000000 0.110630632279
3.600000000000 1.800000000000 0.096862377693
3.800000000000 1.800000000000 0.082822343886
4.000000000000 1.800000000000 0.069410526060
4.200000000000 1.800000000000 0.057412194063
4.400000000000 1.800000000000 0.047463104452
4.600000000000 1.800000000000 0.040038881190
4.800000000000 1.800000000000 0.035461922495

0.000000000000 2.000000000000 0.036777323280
0.200000000000 2.000000000000 0.038453208099
0.400000000000 2.000000000000 0.043416238943
0.600000000000 2.000000000000 0.051466704121
0.800000000000 2.000000000000 0.062255010087
1.000000000000 2.000000000000 0.075265412807
1.200000000000 2.000000000000 0.089808528512
1.400000000000 2.000000000000 0.105032848926
1.600000000000 2.000000000000 0.119962463680
1.800000000000 2.000000000000 0.133562724967
2.000000000000 2.000000000000 0.144828888144
2.200000000000 2.000000000000 0.152886453517
2.400000000000 2.000000000000 0.157087669512
2.600000000000 2.000000000000 0.157087669512
2.800000000000 2.000000000000 0.152886453517
3.000000000000 2.000000000000 0.144828888144
3.200000000000 2.000000000000 0.133562724967
3.400000000000 2.000000000000 0.119962463680
3.600000000000 2.000000000000 0.105032848926
3.800000000000 2.000000000000 0.089808528512
4.000000000000 2.000000000000 0.075265412807
4.200000000000 2.000000000000 0.062255010087
4.400000000000 2.000000000000 0.051466704121
4.600000000000 2.000000000000 0.043416238943
4.800000000000 2.000000000000 0.038453208099

0.000000000000 2.200000000000 0.038823456454
0.200000000000 2.200000000000 0.040592579424
0.400000000000 2.200000000000 0.045831729252
0.600000000000 2.200000000000 0.054330082918
0.800000000000 2.200000000000 0.065718596734
1.000000000000 2.200000000000 0.079452832741
1.200000000000 2.200000000000 0.094805052948
1.400000000000 2.200000000000 0.110876375326
1.600000000000 2.200000000000 0.126636594970
1.800000000000 2.200000000000 0.140993501986
2.000000000000 2.200000000000 0.152886453517
2.200000000000 2.200000000000 0.161392297877
2.400000000000 2.200000000000 0.165827246504
2.600000000000 2.200000000000 0.165827246504
2.800000000000 2.200000000000 0.161392297877
3.000000000000 2.200000000000 0.152886453517
3.200000000000 2.200000000000 0.140993501986
3.400000000000 2.200000000000 0.126636594970
3.600000000000 2.200000000000 0.110876375326
3.800000000000 2.200000000000 0.094805052948
4.000000000000 2.200000000000 0.079452832741
4.200000000000 2.200000000000 0.065718596734
4.400000000000 2.200000000000 0.054330082918
4.600000000000 2.200000000000 0.045831729252
4.800000000000 2.200000000000 0.040592579424

0.000000000000 2.400000000000 0.039890311421
0.200000000000 2.400000000000 0.041708048780
0.400000000000 2.400000000000 0.047091167093
0.600000000000 2.400000000000 0.055823049884
0.800000000000 2.400000000000 0.067524512148
1.000000000000 2.400000000000 0.081636154899
1.200000000000 2.400000000000 0.097410242242
1.400000000000 2.400000000000 0.113923191466
1.600000000000 2.400000000000 0.130116488495
1.800000000000 2.400000000000 0.144867910569
2.000000000000 2.400000000000 0.157087669512
2.200000000000 2.400000000000 0.165827246504
2.400000000000 2.400000000000 0.170384063304
2.600000000000 2.400000000000 0.170384063304
2.800000000000 2.400000000000 0.165827246504
3.000000000000 2.400000000000 0.157087669512
3.200000000000 2.400000000000 0.144867910569
3.400000000000 2.400000000000 0.130116488495
3.600000000000 2.400000000000 0.113923191466
3.800000000000 2.400000000000 0.097410242242
4.000000000000 2.400000000000 0.081636154899
4.200000000000 2.400000000000 0.067524512148
4.400000000000 2.400000000000 0.055823049884
4.600000000000 2.400000000000 0.047091167093
4.800000000000 2.400000000000 0.041708048780

0.000000000000 2.600000000000 0.039890311421
0.200000000000 2.600000000000 0.041708048780
0.400000000000 2.600000000000 0.047091167093
0.600000000000 2.600000000000 0.055823049884
0.800000000000 2.600000000000 0.067524512148
1.000000000000 2.600000000000 0.081636154899
1.200000000000 2.600000000000 0.097410242242
1.400000000000 2.600000000000 0.113923191466
1.600000000000 2.600000000000 0.130116488495
1.800000000000 2.600000000000 0.144867910569
2.000000000000 2.600000000000 0.157087669512
2.200000000000 2.600000000000 0.165827246504
2.400000000000 2.600000000000 0.170384063304
2.600000000000 2.600000000000 0.170384063304
2.800000000000 2.600000000000 0.165827246504
3.000000000000 2.600000000000 0.157087669512
3.200000000000 2.600000000000 0.144867910569
3.400000000000 2.600000000000 0.130116488495
3.600000000000 2.600000000000 0.113923191466
3.800000000000 2.600000000000 0.097410242242
4.000000000000 2.600000000000 0.081636154899
4.200000000000 2.600000000000 0.067524512148
4.400000000000 2.600000000000 0.055823049884
4.600000000000 2.600000000000 0.047091167093
4.800000000000 2.600000000000 0.041708048780

0.000000000000 2.800000000000 0.038823456454
0.200000000000 2.800000000000 0.040592579424
0.400000000000 2.800000000000 0.045831729252
0.600000000000 2.800000000000 0.054330082918
0.800000000000 2.800000000000 0.065718596734
1.000000000000 2.800000000000 0.079452832741
1.200000000000 2.800000000000 0.094805052948
1.400000000000 2.800000000000 0.110876375326
1.600000000000 2.800000000000 0.126636594970
1.800000000000 2.800000000000 0.140993501986
2.000000000000 2.800000000000 0.152886453517
2.200000000000 2.800000000000 0.161392297877
2.400000000000 2.800000000000 0.165827246504
2.600000000000 2.800000000000 0.165827246504
2.800000000000 2.800000000000 0.161392297877
3.000000000000 2.800000000000 0.152886453517
3.200000000000 2.800000000000 0.140993501986
3.400000000000 2.800000000000 0.126636594970
3.600000000000 2.800000000000 0.110876375326
3.800000000000 2.800000000000 0.094805052948
4.000000000000 2.800000000000 0.079452832741
4.200000000000 2.800000000000 0.065718596734
4.400000000000 2.800000000000 0.054330082918
4.600000000000 2.800000000000 0.045831729252
4.800000000000 2.800000000000 0.040592579424

0.000000000000 3.000000000000 0.036777323280
0.200000000000 3.000000000000 0.038453208099
0.400000000000 3.000000000000 0.043416238943
0.600000000000 3.000000000000 0.051466704121
0.800000000000 3.000000000000 0.062255010087
1.000000000000 3.000000000000 0.075265412807
1.200000000000 3.000000000000 0.089808528512
1.400000000000 3.000000000000 0.105032848926
1.600000000000 3.000000000000 0.119962463680
1.800000000000 3.000000000000 0.133562724967
2.000000000000 3.000000000000 0.144828888144
2.200000000000 3.000000000000 0.152886453517
2.400000000000 3.000000000000 0.157087669512
2.600000000000 3.000000000000 0.157087669512
2.800000000000 3.000000000000 0.152886453517
3.000000000000 3.000000000000 0.144828888144
3.200000000000 3.000000000000 0.133562724967
3.400000000000 3.000000000000 0.119962463680
3.600000000000 3.000000000000 0.105032848926
3.800000000000 3.000000000000 0.089808528512
4.000000000000 3.000000000000 0.075265412807
4.200000000000 3.000000000000 0.062255010087
4.400000000000 3.000000000000 0.051466704121
4.600000000000 3.000000000000 0.043416238943
4.800000000000 3.000000000000 0.038453208099

0.000000000000 3.200000000000 0.033916404128
0.200000000000 3.200000000000 0.035461922495
0.400000000000 3.200000000000 0.040038881190
0.600000000000 3.200000000000 0.047463104452
0.800000000000 3.200000000000 0.057412194063
1.000000000000 3.200000000000 0.069410526060
1.200000000000 3.200000000000 0.082822343886
1.400000000000 3.200000000000 0.096862377693
1.600000000000 3.200000000000 0.110630632279
1.800000000000 3.200000000000 0.123172943752
2.000000000000 3.200000000000 0.133562724967
2.200000000000 3.200000000000 0.140993501986
2.400000000000 3.200000000000 0.144867910569
2.600000000000 3.200000000000 0.144867910569
2.800000000000 3.200000000000 0.140993501986
3.000000000000 3.200000000000 0.133562724967
3.200000000000 3.200000000000 0.123172943752
3.400000000000 3.200000000000 0.110630632279
3.600000000000 3.200000000000 0.096862377693
3.800000000000 3.200000000000 0.082822343886
4.000000000000 3.200000000000 0.069410526060
4.200000000000 3.200000000000 0.057412194063
4.400000000000 3.200000000000 0.047463104452
4.600000000000 3.200000000000 0.040038881190
4.800000000000 3.200000000000 0.035461922495

0.000000000000 3.400000000000 0.030462771701
0.200000000000 3.400000000000 0.031850914594
0.400000000000 3.400000000000 0.035961815578
0.600000000000 3.400000000000 0.042630053469
0.800000000000 3.400000000000 0.051566059573
1.000000000000 3.400000000000 0.062342641918
1.200000000000 3.400000000000 0.074388781481
1.400000000000 3.400000000000 0.086999169980
1.600000000000 3.400000000000 0.099365455375
1.800000000000 3.400000000000 0.110630632279
2.000000000000 3.400000000000 0.119962463680
2.200000000000 3.400000000000 0.126636594970
2.400000000000 3.400000000000 0.130116488495
2.600000000000 3.400000000000 0.130116488495
2.800000000000 3.400000000000 0.126636594970
3.000000000000 3.400000000000 0.119962463680
3.200000000000 3.400000000000 0.110630632279
3.400000000000 3.400000000000 0.099365455375
3.600000000000 3.400000000000 0.086999169980
3.800000000000 3.400000000000 0.074388781481
4.000000000000 3.400000000000 0.062342641918
4.200000000000 3.400000000000 0.051566059573
4.400000000000 3.400000000000 0.042630053469
4.600000000000 3.400000000000 0.035961815578
4.800000000000 3.400000000000 0.031850914594

0.000000000000 3.600000000000 0.026671572272
0.200000000000 3.600000000000 0.027886957076
0.400000000000 3.600000000000 0.031486245666
0.600000000000 3.600000000000 0.037324604523
0.800000000000 3.600000000000 0.045148503293
1.000000000000 3.600000000000 0.054583915879
1.200000000000 3.600000000000 0.065130888491
1.400000000000 3.600000000000 0.076171890245
1.600000000000 3.600000000000 0.086999169980
1.800000000000 3.600000000000 0.096862377693
2.000000000000 3.600000000000 0.105032848926
2.200000000000 3.600000000000 0.110876375326
2.400000000000 3.600000000000 0.113923191466
2.600000000000 3.600000000000 0.113923191466
2.800000000000 3.600000000000 0.110876375326
3.000000000000 3.600000000000 0.105032848926
3.200000000000 3.600000000000 0.096862377693
3.400000000000 3.600000000000 0.086999169980
3.600000000000 3.600000000000 0.076171890245
3.800000000000 3.600000000000 0.065130888491
4.000000000000 3.600000000000 0.054583915879
4.200000000000 3.600000000000 0.045148503293
4.400000000000 3.600000000000 0.037324604523
4.600000000000 3.600000000000 0.031486245666
4.800000000000 3.600000000000 0.027886957076

0.000000000000 3.800000000000 0.022805544165
0.200000000000 3.800000000000 0.023844760700
0.400000000000 3.800000000000 0.026922337824
0.600000000000 3.800000000000 0.031914435996
0.800000000000 3.800000000000 0.038604274479
1.000000000000 3.800000000000 0.046672042422
1.200000000000 3.800000000000 0.055690254020
1.400000000000 3.800000000000 0.065130888491
1.600000000000 3.800000000000 0.074388781481
1.800000000000 3.800000000000 0.082822343886
2.000000000000 3.800000000000 0.089808528512
2.200000000000 3.800000000000 0.094805052948
2.400000000000 3.800000000000 0.097410242242
2.600000000000 3.800000000000 0.097410242242
2.800000000000 3.800000000000 0.094805052948
3.000000000000 3.800000000000 0.089808528512
3.200000000000 3.800000000000 0.082822343886
3.400000000000 3.800000000000 0.074388781481
3.600000000000 3.800000000000 0.065130888491
3.800000000000 3.800000000000 0.055690254020
4.000000000000 3.800000000000 0.046672042422
4.200000000000 3.800000000000 0.038604274479
4.400000000000 3.800000000000 0.031914435996
4.600000000000 3.800000000000 0.026922337824
4.800000000000 3.800000000000 0.023844760700

0.000000000000 4.000000000000 0.019112508015
0.200000000000 4.000000000000 0.019983438848
0.400000000000 4.000000000000 0.022562648217
0.600000000000 4.000000000000 0.026746351109
0.800000000000 4.000000000000 0.032352871948
1.000000000000 4.000000000000 0.039114189196
1.200000000000 4.000000000000 0.046672042422
1.400000000000 4.000000000000 0.054583915879
1.600000000000 4.000000000000 0.062342641918
1.800000000000 4.000000000000 0.069410526060
2.000000000000 4.000000000000 0.075265412807
2.200000000000 4.000000000000 0.079452832741
2.400000000000 4.000000000000 0.081636154899
2.600000000000 4.000000000000 0.081636154899
2.800000000000 4.000000000000 0.079452832741
3.000000000000 4.000000000000 0.075265412807
3.200000000000 4.000000000000 0.069410526060
3.400000000000 4.000000000000 0.062342641918
3.600000000000 4.000000000000 0.054583915879
3.800000000000 4.000000000000 0.046672042422
4.000000000000 4.000000000000 0.039114189196
4.200000000000 4.000000000000 0.032352871948
4.400000000000 4.000000000000 0.026746351109
4.600000000000 4.000000000000 0.022562648217
4.800000000000 4.000000000000 0.019983438848

0.000000000000 4.200000000000 0.015808691998
0.200000000000 4.200000000000 0.016529072930
0.400000000000 4.200000000000 0.018662437992
0.600000000000 4.200000000000 0.022122943064
0.800000000000 4.200000000000 0.026760317865
1.000000000000 4.200000000000 0.032352871948
1.200000000000 4.200000000000 0.038604274479
1.400000000000 4.200000000000 0.045148503293
1.600000000000 4.200000000000 0.051566059573
1.800000000000 4.200000000000 0.057412194063
2.000000000000 4.200000000000 0.062255010087
2.200000000000 4.200000000000 0.065718596734
2.400000000000 4.200000000000 0.067524512148
2.600000000000 4.200000000000 0.067524512148
2.800000000000 4.200000000000 0.065718596734
3.000000000000 4.200000000000 0.062255010087
3.200000000000 4.200000000000 0.057412194063
3.400000000000 4.200000000000 0.051566059573
3.600000000000 4.200000000000 0.045148503293
3.800000000000 4.200000000000 0.038604274479
4.000000000000 4.200000000000 0.032352871948
4.200000000000 4.200000000000 0.026760317865
4.400000000000 4.200000000000 0.022122943064
4.600000000000 4.200000000000 0.018662437992
4.800000000000 4.200000000000 0.016529072930

0.000000000000 4.400000000000 0.013069153175
0.200000000000 4.400000000000 0.013664697205
0.400000000000 4.400000000000 0.015428365421
0.600000000000 4.400000000000 0.018289190338
0.800000000000 4.400000000000 0.022122943064
1.000000000000 4.400000000000 0.026746351109
1.200000000000 4.400000000000 0.031914435996
1.400000000000 4.400000000000 0.037324604523
1.600000000000 4.400000000000 0.042630053469
1.800000000000 4.400000000000 0.047463104452
2.000000000000 4.400000000000 0.051466704121
2.200000000000 4.400000000000 0.054330082918
2.400000000000 4.400000000000 0.055823049884
2.600000000000 4.400000000000 0.055823049884
2.800000000000 4.400000000000 0.054330082918
3.000000000000 4.400000000000 0.051466704121
3.200000000000 4.400000000000 0.047463104452
3.400000000000 4.400000000000 0.042630053469
3.600000000000 4.400000000000 0.037324604523
3.800000000000 4.400000000000 0.031914435996
4.000000000000 4.400000000000 0.026746351109
4.200000000000 4.400000000000 0.022122943064
4.400000000000 4.400000000000 0.018289190338
4.600000000000 4.400000000000 0.015428365421
4.800000000000 4.400000000000 0.013664697205

0.000000000000 4.600000000000 0.011024854173
0.200000000000 4.600000000000 0.011527242236
0.400000000000 4.600000000000 0.013015034736
0.600000000000 4.600000000000 0.015428365421
0.800000000000 4.600000000000 0.018662437992
1.000000000000 4.600000000000 0.022562648217
1.200000000000 4.600000000000 0.026922337824
1.400000000000 4.600000000000 0.031486245666
1.600000000000 4.600000000000 0.035961815578
1.800000000000 4.600000000000 0.040038881190
2.000000000000 4.600000000000 0.043416238943
2.200000000000 4.600000000000 0.045831729252
2.400000000000 4.600000000000 0.047091167093
2.600000000000 4.600000000000 0.047091167093
2.800000000000 4.600000000000 0.045831729252
3.000000000000 4.600000000000 0.043416238943
3.200000000000 4.600000000000 0.040038881190
3.400000000000 4.600000000000 0.035961815578
3.600000000000 4.600000000000 0.031486245666
3.800000000000 4.600000000000 0.026922337824
4.000000000000 4.600000000000 0.022562648217
4.200000000000 4.600000000000 0.018662437992
4.400000000000 4.600000000000 0.015428365421
4.600000000000 4.600000000000 0.013015034736
4.800000000000 4.600000000000 0.011527242236

0.000000000000 4.800000000000 0.009764565995
0.200000000000 4.800000000000 0.010209524343
0.400000000000 4.800000000000 0.011527242236
0.600000000000 4.800000000000 0.013664697205
0.800000000000 4.800000000000 0.016529072930
1.000000000000 4.800000000000 0.019983438848
1.200000000000 4.800000000000 0.023844760700
1.400000000000 4.800000000000 0.027886957076
1.600000000000 4.800000000000 0.031850914594
1.800000000000 4.800000000000 0.035461922495
2.000000000000 4.800000000000 0.038453208099
2.200000000000 4.800000000000 0.040592579424
2.400000000000 4.800000000000 0.041708048780
2.600000000000 4.800000000000 0.041708048780
2.800000000000 4.800000000000 0.040592579424
3.000000000000 4.800000000000 0.038453208099
3.200000000000 4.800000000000 0.035461922495
3.400000000000 4.800000000000 0.031850914594
3.600000000000 4.800000000000 0.027886957076
3.800000000000 4.800000000000 0.023844760700
4.000000000000 4.800000000000 0.019983438848
4.200000000000 4.800000000000 0.016529072930
4.400000000000 4.800000000000 0.013664697205
4.600000000000 4.800000000000 0.011527242236
4.800000000000 4.800000000000 0.010209524343

