# x y u
0.000000000000 0.000000000000 0.000000000014
0.200000000000 0.000000000000 0.000000000095
0.400000000000 0.000000000000 0.000000000551
0.600000000000 0.000000000000 0.000000002727
0.800000000000 0.000000000000 0.000000011511
1.000000000000 0.000000000000 0.000000041399
1.200000000000 0.000000000000 0.000000126883
1.400000000000 0.000000000000 0.000000331380
1.600000000000 0.000000000000 0.000000737500
1.800000000000 0.000000000000 0.000001398654
2.000000000000 0.000000000000 0.000002260329
2.200000000000 0.000000000000 0.000003112762
2.400000000000 0.000000000000 0.000003652860
2.600000000000 0.000000000000 0.000003652860
2.800000000000 0.000000000000 0.000003112762
3.000000000000 0.000000000000 0.000002260329
3.200000000000 0.000000000000 0.000001398654
3.400000000000 0.000000000000 0.000000737500
3.600000000000 0.000000000000 0.000000331380
3.800000000000 0.000000000000 0.000000126883
4.000000000000 0.000000000000 0.000000041399
4.200000000000 0.000000000000 0.000000011511
4.400000000000 0.000000000000 0.000000002727
4.600000000000 0.000000000000 0.000000000551
4.800000000000 0.000000000000 0.000000000095

0.000000000000 0.200000000000 0.000000000095
0.200000000000 0.200000000000 0.000000000646
0.400000000000 0.200000000000 0.000000003756
0.600000000000 0.200000000000 0.000000018602
0.800000000000 0.200000000000 0.000000078513
1.000000000000 0.200000000000 0.000000282383
1.200000000000 0.200000000000 0.000000865464
1.400000000000 0.200000000000 0.000002260329
1.600000000000 0.200000000000 0.000005030456
1.800000000000 0.200000000000 0.000009540163
2.000000000000 0.200000000000 0.000015417613
2.200000000000 0.200000000000 0.000021232023
2.400000000000 0.200000000000 0.000024916010
2.600000000000 0.200000000000 0.000024916010
2.800000000000 0.200000000000 0.000021232023
3.000000000000 0.200000000000 0.000015417613
3.200000000000 0.200000000000 0.000009540163
3.400000000000 0.200000000000 0.000005030456
3.600000000000 0.200000000000 0.000002260329
3.800000000000 0.200000000000 0.000000865464
4.000000000000 0.200000000000 0.000000282383
4.200000000000 0.200000000000 0.000000078513
4.400000000000 0.200000000000 0.000000018602
4.600000000000 0.200000000000 0.000000003756
4.800000000000 0.200000000000 0.000000000646

0.000000000000 0.400000000000 0.000000000551
0.200000000000 0.400000000000 0.000000003756
0.400000000000 0.400000000000 0.000000021830
0.600000000000 0.400000000000 0.000000108123
0.800000000000 0.400000000000 0.000000456353
1.000000000000 0.400000000000 0.000001641336
1.200000000000 0.400000000000 0.000005030456
1.400000000000 0.400000000000 0.000013138023
1.600000000000 0.400000000000 0.000029239208
1.800000000000 0.400000000000 0.000055451599
2.000000000000 0.400000000000 0.000089613910
2.200000000000 0.400000000000 0.000123409804
2.400000000000 0.400000000000 0.000144822747
2.600000000000 0.400000000000 0.000144822747
2.800000000000 0.400000000000 0.000123409804
3.000000000000 0.400000000000 0.000089613910
3.200000000000 0.400000000000 0.000055451599
3.400000000000 0.400000000000 0.000029239208
3.600000000000 0.400000000000 0.000013138023
3.800000000000 0.400000000000 0.000005030456
4.000000000000 0.400000000000 0.000001641336
4.200000000000 0.400000000000 0.000000456353
4.400000000000 0.400000000000 0.000000108123
4.600000000000 0.400000000000 0.000000021830
4.800000000000 0.400000000000 0.000000003756

0.000000000000 0.600000000000 0.000000002727
0.200000000000 0.600000000000 0.000000018602
0.400000000000 0.600000000000 0.000000108123
0.600000000000 0.600000000000 0.000000535535
0.800000000000 0.600000000000 0.000002260329
1.000000000000 0.600000000000 0.000008129591
1.200000000000 0.600000000000 0.000024916010
1.400000000000 0.600000000000 0.000065073055
1.600000000000 0.600000000000 0.000144822747
1.800000000000 0.600000000000 0.000274653570
2.000000000000 0.600000000000 0.000443860604
2.200000000000 0.600000000000 0.000611252761
2.400000000000 0.600000000000 0.000717311760
2.600000000000 0.600000000000 0.000717311760
2.800000000000 0.600000000000 0.000611252761
3.000000000000 0.600000000000 0.000443860604
3.200000000000 0.600000000000 0.000274653570
3.400000000000 0.600000000000 0.000144822747
3.600000000000 0.600000000000 0.000065073055
3.800000000000 0.600000000000 0.000024916010
4.000000000000 0.600000000000 0.000008129591
4.200000000000 0.600000000000 0.000002260329
4.400000000000 0.600000000000 0.000000535535
4.600000000000 0.600000000000 0.000000108123
4.800000000000 0.600000000000 0.000000018602

0.000000000000 0.800000000000 0.000000011511
0.200000000000 0.800000000000 0.000000078513
0.400000000000 0.800000000000 0.000000456353
0.600000000000 0.800000000000 0.000002260329
0.800000000000 0.800000000000 0.000009540163
1.000000000000 0.800000000000 0.000034312529
1.200000000000 0.800000000000 0.000105162898
1.400000000000 0.800000000000 0.000274653570
1.600000000000 0.800000000000 0.000611252761
1.800000000000 0.800000000000 0.001159229174
2.000000000000 0.800000000000 0.001873400594
2.200000000000 0.800000000000 0.002579911972
2.400000000000 0.800000000000 0.003027554745
2.600000000000 0.800000000000 0.003027554745
2.800000000000 0.800000000000 0.002579911972
3.000000000000 0.800000000000 0.001873400594
3.200000000000 0.800000000000 0.001159229174
3.400000000000 0.800000000000 0.000611252761
3.600000000000 0.800000000000 0.000274653570
3.800000000000 0.800000000000 0.000105162898
4.000000000000 0.800000000000 0.000034312529
4.200000000000 0.800000000000 0.000009540163
4.400000000000 0.800000000000 0.000002260329
4.600000000000 0.800000000000 0.000000456353
4.800000000000 0.800000000000 0.000000078513

0.000000000000 1.000000000000 0.000000041399
0.200000000000 1.000000000000 0.000000282383
0.400000000000 1.000000000000 0.000001641336
0.600000000000 1.000000000000 0.000008129591
0.800000000000 1.000000000000 0.000034312529
1.000000000000 1.000000000000 0.000123409804
1.200000000000 1.000000000000 0.000378233057
1.400000000000 1.000000000000 0.000987829941
1.600000000000 1.000000000000 0.002198455963
1.800000000000 1.000000000000 0.004169329698
2.000000000000 1.000000000000 0.006737946999
2.200000000000 1.000000000000 0.009279013887
2.400000000000 1.000000000000 0.010889023669
2.600000000000 1.000000000000 0.010889023669
2.800000000000 1.000000000000 0.009279013887
3.000000000000 1.000000000000 0.006737946999
3.200000000000 1.000000000000 0.004169329698
3.400000000000 1.000000000000 0.002198455963
3.600000000000 1.000000000000 0.000987829941
3.800000000000 1.000000000000 0.000378233057
4.000000000000 1.000000000000 0.000123409804
4.200000000000 1.000000000000 0.000034312529
4.400000000000 1.000000000000 0.000008129591
4.600000000000 1.000000000000 0.000001641336
4.800000000000 1.000000000000 0.000000282383

0.000000000000 1.200000000000 0.000000126883
0.200000000000 1.200000000000 0.000000865464
0.400000000000 1.200000000000 0.000005030456
0.600000000000 1.200000000000 0.000024916010
0.800000000000 1.200000000000 0.000105162898
1.000000000000 1.200000000000 0.000378233057
1.200000000000 1.200000000000 0.001159229174
1.400000000000 1.200000000000 0.003027554745
1.600000000000 1.200000000000 0.006737946999
1.800000000000 1.200000000000 0.012778387650
2.000000000000 1.200000000000 0.020650825182
2.200000000000 1.200000000000 0.028438824714
2.400000000000 1.200000000000 0.033373269960
2.600000000000 1.200000000000 0.033373269960
2.800000000000 1.200000000000 0.028438824714
3.000000000000 1.200000000000 0.020650825182
3.200000000000 1.200000000000 0.012778387650
3.400000000000 1.200000000000 0.006737946999
3.600000000000 1.200000000000 0.003027554745
3.800000000000 1.200000000000 0.001159229174
4.000000000000 1.200000000000 0.000378233057
4.200000000000 1.200000000000 0.000105162898
4.400000000000 1.200000000000 0.000024916010
4.600000000000 1.200000000000 0.000005030456
4.800000000000 1.200000000000 0.000000865464

0.000000000000 1.400000000000 0.000000331380
0.200000000000 1.400000000000 0.000002260329
0.400000000000 1.400000000000 0.000013138023
0.600000000000 1.400000000000 0.000065073055
0.800000000000 1.400000000000 0.000274653570
1.000000000000 1.400000000000 0.000987829941
1.200000000000 1.400000000000 0.003027554745
1.400000000000 1.400000000000 0.007907054052
1.600000000000 1.400000000000 0.017597472416
1.800000000000 1.400000000000 0.033373269960
2.000000000000 1.400000000000 0.053933687300
2.200000000000 1.400000000000 0.074273578214
2.400000000000 1.400000000000 0.087160851462
2.600000000000 1.400000000000 0.087160851462
2.800000000000 1.400000000000 0.074273578214
3.000000000000 1.400000000000 0.053933687300
3.200000000000 1.400000000000 0.033373269960
3.400000000000 1.400000000000 0.017597472416
3.600000000000 1.400000000000 0.007907054052
3.800000000000 1.400000000000 0.003027554745
4.000000000000 1.400000000000 0.000987829941
4.200000000000 1.400000000000 0.000274653570
4.400000000000 1.400000000000 0.000065073055
4.600000000000 1.400000000000 0.000013138023
4.800000000000 1.400000000000 0.000002260329

0.000000000000 1.600000000000 0.000000737500
0.200000000000 1.600000000000 0.000005030456
0.400000000000 1.600000000000 0.000029239208
0.600000000000 1.600000000000 0.000144822747
0.800000000000 1.600000000000 0.000611252761
1.000000000000 1.600000000000 0.002198455963
1.200000000000 1.600000000000 0.006737946999
1.400000000000 1.600000000000 0.017597472416
1.600000000000 1.600000000000 0.039163895099
1.800000000000 1.600000000000 0.074273578214
2.000000000000 1.600000000000 0.120031628511
2.200000000000 1.600000000000 0.165298888222
2.400000000000 1.600000000000 0.193980042291
2.600000000000 1.600000000000 0.193980042291
2.800000000000 1.600000000000 0.165298888222
3.000000000000 1.600000000000 0.120031628511
3.200000000000 1.600000000000 0.074273578214
3.400000000000 1.600000000000 0.039163895099
3.600000000000 1.600000000000 0.017597472416
3.800000000000 1.600000000000 0.006737946999
4.000000000000 1.600000000000 0.002198455963
4.200000000000 1.600000000000 0.000611252761
4.400000000000 1.600000000000 0.000144822747
4.600000000000 1.600000000000 0.000029239208
4.800000000000 1.600000000000 0.000005030456

0.000000000000 1.800000000000 0.000001398654
0.200000000000 1.800000000000 0.000009540163
0.400000000000 1.800000000000 0.000055451599
0.600000000000 1.800000000000 0.000274653570
0.800000000000 1.800000000000 0.001159229174
1.000000000000 1.800000000000 0.004169329698
1.200000000000 1.800000000000 0.012778387650
1.400000000000 1.800000000000 0.033373269960
1.600000000000 1.800000000000 0.074273578214
1.800000000000 1.800000000000 0.140858420921
2.000000000000 1.800000000000 0.227637688384
2.200000000000 1.800000000000 0.313486180883
2.400000000000 1.800000000000 0.367879441171
2.600000000000 1.800000000000 0.367879441171
2.800000000000 1.800000000000 0.313486180883
3.000000000000 1.800000000000 0.227637688384
3.200000000000 1.800000000000 0.140858420921
3.400000000000 1.800000000000 0.074273578214
3.600000000000 1.800000000000 0.033373269960
3.800000000000 1.800000000000 0.012778387650
4.000000000000 1.800000000000 0.004169329698
4.200000000000 1.800000000000 0.001159229174
4.400000000000 1.800000000000 0.000274653570
4.600000000000 1.800000000000 0.000055451599
4.800000000000 1.800000000000 0.000009540163

0.000000000000 2.000000000000 0.000002260329
0.200000000000 2.000000000000 0.000015417613
0.400000000000 2.000000000000 0.000089613910
0.600000000000 2.000000000000 0.000443860604
0.800000000000 2.000000000000 0.001873400594
1.000000000000 2.000000000000 0.006737946999
1.200000000000 2.000000000000 0.020650825182
1.400000000000 2.000000000000 0.053933687300
1.600000000000 2.000000000000 0.120031628511
1.800000000000 2.000000000000 0.227637688384
2.000000000000 2.000000000000 0.367879441171
2.200000000000 2.000000000000 0.506616992366
2.400000000000 2.000000000000 0.594520547970
2.600000000000 2.000000000000 0.594520547970
2.800000000000 2.000000000000 0.506616992366
3.000000000000 2.000000000000 0.367879441171
3.200000000000 2.000000000000 0.227637688384
3.400000000000 2.000000000000 0.120031628511
3.600000000000 2.000000000000 0.053933687300
3.800000000000 2.000000000000 0.020650825182
4.000000000000 2.000000000000 0.006737946999
4.200000000000 2.000000000000 0.001873400594
4.400000000000 2.000000000000 0.000443860604
4.600000000000 2.000000000000 0.000089613910
4.800000000000 2.000000000000 0.000015417613

0.000000000000 2.200000000000 0.000003112762
0.200000000000 2.200000000000 0.000021232023
0.400000000000 2.200000000000 0.000123409804
0.600000000000 2.200000000000 0.000611252761
0.800000000000 2.200000000000 0.002579911972
1.000000000000 2.200000000000 0.009279013887
1.200000000000 2.200000000000 0.028438824714
1.400000000000 2.200000000000 0.074273578214
1.600000000000 2.200000000000 0.165298888222
1.800000000000 2.200000000000 0.313486180883
2.000000000000 2.200000000000 0.506616992366
2.200000000000 2.200000000000 0.697676326071
2.400000000000 2.200000000000 0.818730753078
2.600000000000 2.200000000000 0.818730753078
2.800000000000 2.200000000000 0.697676326071
3.000000000000 2.200000000000 0.506616992366
3.200000000000 2.200000000000 0.313486180883
3.400000000000 2.200000000000 0.165298888222
3.600000000000 2.200000000000 0.074273578214
3.800000000000 2.200000000000 0.028438824714
4.000000000000 2.200000000000 0.009279013887
4.200000000000 2.200000000000 0.002579911972
4.400000000000 2.200000000000 0.000611252761
4.600000000000 2.200000000000 0.000123409804
4.800000000000 2.200000000000 0.000021232023

0.000000000000 2.400000000000 0.000003652860
0.200000000000 2.400000000000 0.000024916010
0.400000000000 2.400000000000 0.000144822747
0.600000000000 2.400000000000 0.000717311760
0.800000000000 2.400000000000 0.003027554745
1.000000000000 2.400000000000 0.010889023669
1.200000000000 2.400000000000 0.033373269960
1.400000000000 2.400000000000 0.087160851462
1.600000000000 2.400000000000 0.193980042291
1.800000000000 2.400000000000 0.367879441171
2.000000000000 2.400000000000 0.594520547970
2.200000000000 2.400000000000 0.818730753078
2.400000000000 2.400000000000 0.960789439152
2.600000000000 2.400000000000 0.960789439152
2.800000000000 2.400000000000 0.818730753078
3.000000000000 2.400000000000 0.594520547970
3.200000000000 2.400000000000 0.367879441171
3.400000000000 2.400000000000 0.193980042291
3.600000000000 2.400000000000 0.087160851462
3.800000000000 2.400000000000 0.033373269960
4.000000000000 2.400000000000 0.010889023669
4.200000000000 2.400000000000 0.003027554745
4.400000000000 2.400000000000 0.000717311760
4.600000000000 2.400000000000 0.000144822747
4.800000000000 2.400000000000 0.000024916010

0.000000000000 2.600000000000 0.000003652860
0.200000000000 2.600000000000 0.000024916010
0.400000000000 2.600000000000 0.000144822747
0.600000000000 2.600000000000 0.000717311760
0.800000000000 2.600000000000 0.003027554745
1.000000000000 2.600000000000 0.010889023669
1.200000000000 2.600000000000 0.033373269960
1.400000000000 2.600000000000 0.087160851462
1.600000000000 2.600000000000 0.193980042291
1.800000000000 2.600000000000 0.367879441171
2.000000000000 2.600000000000 0.594520547970
2.200000000000 2.600000000000 0.818730753078
2.400000000000 2.600000000000 0.960789439152
2.600000000000 2.600000000000 0.960789439152
2.800000000000 2.600000000000 0.818730753078
3.000000000000 2.600000000000 0.594520547970
3.200000000000 2.600000000000 0.367879441171
3.400000000000 2.600000000000 0.193980042291
3.600000000000 2.600000000000 0.087160851462
3.800000000000 2.600000000000 0.033373269960
4.000000000000 2.600000000000 0.010889023669
4.200000000000 2.600000000000 0.003027554745
4.400000000000 2.600000000000 0.000717311760
4.600000000000 2.600000000000 0.000144822747
4.800000000000 2.600000000000 0.000024916010

0.000000000000 2.800000000000 0.000003112762
0.200000000000 2.800000000000 0.000021232023
0.400000000000 2.800000000000 0.000123409804
0.600000000000 2.800000000000 0.000611252761
0.800000000000 2.800000000000 0.002579911972
1.000000000000 2.800000000000 0.009279013887
1.200000000000 2.800000000000 0.028438824714
1.400000000000 2.800000000000 0.074273578214
1.600000000000 2.800000000000 0.165298888222
1.800000000000 2.800000000000 0.313486180883
2.000000000000 2.800000000000 0.506616992366
2.200000000000 2.800000000000 0.697676326071
2.400000000000 2.800000000000 0.818730753078
2.600000000000 2.800000000000 0.818730753078
2.800000000000 2.800000000000 0.697676326071
3.000000000000 2.800000000000 0.506616992366
3.200000000000 2.800000000000 0.313486180883
3.400000000000 2.800000000000 0.165298888222
3.600000000000 2.800000000000 0.074273578214
3.800000000000 2.800000000000 0.028438824714
4.000000000000 2.800000000000 0.009279013887
4.200000000000 2.800000000000 0.002579911972
4.400000000000 2.800000000000 0.000611252761
4.600000000000 2.800000000000 0.000123409804
4.800000000000 2.800000000000 0.000021232023

0.000000000000 3.000000000000 0.000002260329
0.200000000000 3.000000000000 0.000015417613
0.400000000000 3.000000000000 0.000089613910
0.600000000000 3.000000000000 0.000443860604
0.800000000000 3.000000000000 0.001873400594
1.000000000000 3.000000000000 0.006737946999
1.200000000000 3.000000000000 0.020650825182
1.400000000000 3.000000000000 0.053933687300
1.600000000000 3.000000000000 0.120031628511
1.800000000000 3.000000000000 0.227637688384
2.000000000000 3.000000000000 0.367879441171
2.200000000000 3.000000000000 0.506616992366
2.400000000000 3.000000000000 0.594520547970
2.600000000000 3.000000000000 0.594520547970
2.800000000000 3.000000000000 0.506616992366
3.000000000000 3.000000000000 0.367879441171
3.200000000000 3.000000000000 0.227637688384
3.400000000000 3.000000000000 0.120031628511
3.600000000000 3.000000000000 0.053933687300
3.800000000000 3.000000000000 0.020650825182
4.000000000000 3.000000000000 0.006737946999
4.200000000000 3.000000000000 0.001873400594
4.400000000000 3.000000000000 0.000443860604
4.600000000000 3.000000000000 0.000089613910
4.800000000000 3.000000000000 0.000015417613

0.000000000000 3.200000000000 0.000001398654
0.200000000000 3.200000000000 0.000009540163
0.400000000000 3.200000000000 0.000055451599
0.600000000000 3.200000000000 0.000274653570
0.800000000000 3.200000000000 0.001159229174
1.000000000000 3.200000000000 0.004169329698
1.200000000000 3.200000000000 0.012778387650
1.400000000000 3.200000000000 0.033373269960
1.600000000000 3.200000000000 0.074273578214
1.800000000000 3.200000000000 0.140858420921
2.000000000000 3.200000000000 0.227637688384
2.200000000000 3.200000000000 0.313486180883
2.400000000000 3.200000000000 0.367879441171
2.600000000000 3.200000000000 0.367879441171
2.800000000000 3.200000000000 0.313486180883
3.000000000000 3.200000000000 0.227637688384
3.200000000000 3.200000000000 0.140858420921
3.400000000000 3.200000000000 0.074273578214
3.600000000000 3.200000000000 0.033373269960
3.800000000000 3.200000000000 0.012778387650
4.000000000000 3.200000000000 0.004169329698
4.200000000000 3.200000000000 0.001159229174
4.400000000000 3.200000000000 0.000274653570
4.600000000000 3.200000000000 0.000055451599
4.800000000000 3.200000000000 0.000009540163

0.000000000000 3.400000000000 0.000000737500
0.200000000000 3.400000000000 0.000005030456
0.400000000000 3.400000000000 0.000029239208
0.600000000000 3.400000000000 0.000144822747
0.800000000000 3.400000000000 0.000611252761
1.000000000000 3.400000000000 0.002198455963
1.200000000000 3.400000000000 0.006737946999
1.400000000000 3.400000000000 0.017597472416
1.600000000000 3.400000000000 0.039163895099
1.800000000000 3.400000000000 0.074273578214
2.000000000000 3.400000000000 0.120031628511
2.200000000000 3.400000000000 0.165298888222
2.400000000000 3.400000000000 0.193980042291
2.600000000000 3.400000000000 0.193980042291
2.800000000000 3.400000000000 0.165298888222
3.000000000000 3.400000000000 0.120031628511
3.200000000000 3.400000000000 0.074273578214
3.400000000000 3.400000000000 0.039163895099
3.600000000000 3.400000000000 0.017597472416
3.800000000000 3.400000000000 0.006737946999
4.000000000000 3.400000000000 0.002198455963
4.200000000000 3.400000000000 0.000611252761
4.400000000000 3.400000000000 0.000144822747
4.600000000000 3.400000000000 0.000029239208
4.800000000000 3.400000000000 0.000005030456

0.000000000000 3.600000000000 0.000000331380
0.200000000000 3.600000000000 0.000002260329
0.400000000000 3.600000000000 0.000013138023
0.600000000000 3.600000000000 0.000065073055
0.800000000000 3.600000000000 0.000274653570
1.000000000000 3.600000000000 0.000987829941
1.200000000000 3.600000000000 0.003027554745
1.400000000000 3.600000000000 0.007907054052
1.600000000000 3.600000000000 0.017597472416
1.800000000000 3.600000000000 0.033373269960
2.000000000000 3.600000000000 0.053933687300
2.200000000000 3.600000000000 0.074273578214
2.400000000000 3.600000000000 0.087160851462
2.600000000000 3.600000000000 0.087160851462
2.800000000000 3.600000000000 0.074273578214
3.000000000000 3.600000000000 0.053933687300
3.200000000000 3.600000000000 0.033373269960
3.400000000000 3.600000000000 0.017597472416
3.600000000000 3.600000000000 0.007907054052
3.800000000000 3.600000000000 0.003027554745
4.000000000000 3.600000000000 0.000987829941
4.200000000000 3.600000000000 0.000274653570
4.400000000000 3.600000000000 0.000065073055
4.600000000000 3.600000000000 0.000013138023
4.800000000000 3.600000000000 0.000002260329

0.000000000000 3.800000000000 0.000000126883
0.200000000000 3.800000000000 0.000000865464
0.400000000000 3.800000000000 0.000005030456
0.600000000000 3.800000000000 0.000024916010
0.800000000000 3.800000000000 0.000105162898
1.000000000000 3.800000000000 0.000378233057
1.200000000000 3.800000000000 0.001159229174
1.400000000000 3.800000000000 0.003027554745
1.600000000000 3.800000000000 0.006737946999
1.800000000000 3.800000000000 0.012778387650
2.000000000000 3.800000000000 0.020650825182
2.200000000000 3.800000000000 0.028438824714
2.400000000000 3.800000000000 0.033373269960
2.600000000000 3.800000000000 0.033373269960
2.800000000000 3.800000000000 0.028438824714
3.000000000000 3.800000000000 0.020650825182
3.200000000000 3.800000000000 0.012778387650
3.400000000000 3.800000000000 0.006737946999
3.600000000000 3.800000000000 0.003027554745
3.800000000000 3.800000000000 0.001159229174
4.000000000000 3.800000000000 0.000378233057
4.200000000000 3.800000000000 0.000105162898
4.400000000000 3.800000000000 0.000024916010
4.600000000000 3.800000000000 0.000005030456
4.800000000000 3.800000000000 0.000000865464

0.000000000000 4.000000000000 0.000000041399
0.200000000000 4.000000000000 0.000000282383
0.400000000000 4.000000000000 0.000001641336
0.600000000000 4.000000000000 0.000008129591
0.800000000000 4.000000000000 0.000034312529
1.000000000000 4.000000000000 0.000123409804
1.200000000000 4.000000000000 0.000378233057
1.400000000000 4.000000000000 0.000987829941
1.600000000000 4.000000000000 0.002198455963
1.800000000000 4.000000000000 0.004169329698
2.000000000000 4.000000000000 0.006737946999
2.200000000000 4.000000000000 0.009279013887
2.400000000000 4.000000000000 0.010889023669
2.600000000000 4.000000000000 0.010889023669
2.800000000000 4.000000000000 0.009279013887
3.000000000000 4.000000000000 0.006737946999
3.200000000000 4.000000000000 0.004169329698
3.400000000000 4.000000000000 0.002198455963
3.600000000000 4.000000000000 0.000987829941
3.800000000000 4.000000000000 0.000378233057
4.000000000000 4.000000000000 0.000123409804
4.200000000000 4.000000000000 0.000034312529
4.400000000000 4.000000000000 0.000008129591
4.600000000000 4.000000000000 0.000001641336
4.800000000000 4.000000000000 0.000000282383

0.000000000000 4.200000000000 0.000000011511
0.200000000000 4.200000000000 0.000000078513
0.400000000000 4.200000000000 0.000000456353
0.600000000000 4.200000000000 0.000002260329
0.800000000000 4.200000000000 0.000009540163
1.000000000000 4.200000000000 0.000034312529
1.200000000000 4.200000000000 0.000105162898
1.400000000000 4.200000000000 0.000274653570
1.600000000000 4.200000000000 0.000611252761
1.800000000000 4.200000000000 0.001159229174
2.000000000000 4.200000000000 0.001873400594
2.200000000000 4.200000000000 0.002579911972
2.400000000000 4.200000000000 0.003027554745
2.600000000000 4.200000000000 0.003027554745
2.800000000000 4.200000000000 0.002579911972
3.000000000000 4.200000000000 0.001873400594
3.200000000000 4.200000000000 0.001159229174
3.400000000000 4.200000000000 0.000611252761
3.600000000000 4.200000000000 0.000274653570
3.800000000000 4.200000000000 0.000105162898
4.000000000000 4.200000000000 0.000034312529
4.200000000000 4.200000000000 0.000009540163
4.400000000000 4.200000000000 0.000002260329
4.600000000000 4.200000000000 0.000000456353
4.800000000000 4.200000000000 0.000000078513

0.000000000000 4.400000000000 0.000000002727
0.200000000000 4.400000000000 0.000000018602
0.400000000000 4.400000000000 0.000000108123
0.600000000000 4.400000000000 0.000000535535
0.800000000000 4.400000000000 0.000002260329
1.000000000000 4.400000000000 0.000008129591
1.200000000000 4.400000000000 0.000024916010
1.400000000000 4.400000000000 0.000065073055
1.600000000000 4.400000000000 0.000144822747
1.800000000000 4.400000000000 0.000274653570
2.000000000000 4.400000000000 0.000443860604
2.200000000000 4.400000000000 0.000611252761
2.400000000000 4.400000000000 0.000717311760
2.600000000000 4.400000000000 0.000717311760
2.800000000000 4.400000000000 0.000611252761
3.000000000000 4.400000000000 0.000443860604
3.200000000000 4.400000000000 0.000274653570
3.400000000000 4.400000000000 0.000144822747
3.600000000000 4.400000000000 0.000065073055
3.800000000000 4.400000000000 0.000024916010
4.000000000000 4.400000000000 0.000008129591
4.200000000000 4.400000000000 0.000002260329
4.400000000000 4.400000000000 0.000000535535
4.600000000000 4.400000000000 0.000000108123
4.800000000000 4.400000000000 0.000000018602

0.000000000000 4.600000000000 0.000000000551
0.200000000000 4.600000000000 0.000000003756
0.400000000000 4.600000000000 0.000000021830
0.600000000000 4.600000000000 0.000000108123
0.800000000000 4.600000000000 0.000000456353
1.000000000000 4.600000000000 0.000001641336
1.200000000000 4.600000000000 0.000005030456
1.400000000000 4.600000000000 0.000013138023
1.600000000000 4.600000000000 0.000029239208
1.800000000000 4.600000000000 0.000055451599
2.000000000000 4.600000000000 0.000089613910
2.200000000000 4.600000000000 0.000123409804
2.400000000000 4.600000000000 0.000144822747
2.600000000000 4.600000000000 0.000144822747
2.800000000000 4.600000000000 0.000123409804
3.000000000000 4.600000000000 0.000089613910
3.200000000000 4.600000000000 0.000055451599
3.400000000000 4.600000000000 0.000029239208
3.600000000000 4.600000000000 0.000013138023
3.800000000000 4.600000000000 0.000005030456
4.000000000000 4.600000000000 0.000001641336
4.200000000000 4.600000000000 0.000000456353
4.400000000000 4.600000000000 0.000000108123
4.600000000000 4.600000000000 0.000000021830
4.800000000000 4.600000000000 0.000000003756

0.000000000000 4.800000000000 0.000000000095
0.200000000000 4.800000000000 0.000000000646
0.400000000000 4.800000000000 0.000000003756
0.600000000000 4.800000000000 0.000000018602
0.800000000000 4.800000000000 0.000000078513
1.000000000000 4.800000000000 0.000000282383
1.200000000000 4.800000000000 0.000000865464
1.400000000000 4.800000000000 0.000002260329
1.600000000000 4.800000000000 0.000005030456
1.800000000000 4.800000000000 0.000009540163
2.000000000000 4.800000000000 0.000015417613
2.200000000000 4.800000000000 0.000021232023
2.400000000000 4.800000000000 0.000024916010
2.600000000000 4.800000000000 0.000024916010
2.800000000000 4.800000000000 0.000021232023
3.000000000000 4.800000000000 0.000015417613
3.200000000000 4.800000000000 0.000009540163
3.400000000000 4.800000000000 0.000005030456
3.600000000000 4.800000000000 0.000002260329
3.800000000000 4.800000000000 0.000000865464
4.000000000000 4.800000000000 0.000000282383
4.200000000000 4.800000000000 0.000000078513
4.400000000000 4.800000000000 0.000000018602
4.600000000000 4.800000000000 0.000000003756
4.800000000000 4.800000000000 0.000000000646

