# x y u
0.000000000000 0.000000000000 0.039385724259
0.200000000000 0.000000000000 0.039710264374
0.400000000000 0.000000000000 0.040663727838
0.600000000000 0.000000000000 0.042186852368
0.800000000000 0.000000000000 0.044184833809
1.000000000000 0.000000000000 0.046533060543
1.200000000000 0.000000000000 0.049084713503
1.400000000000 0.000000000000 0.051679811090
1.600000000000 0.000000000000 0.054155175280
1.800000000000 0.000000000000 0.056354714001
2.000000000000 0.000000000000 0.058139366478
2.200000000000 0.000000000000 0.059396052615
2.400000000000 0.000000000000 0.060045011724
2.600000000000 0.000000000000 0.060045011724
2.800000000000 0.000000000000 0.059396052615
3.000000000000 0.000000000000 0.058139366478
3.200000000000 0.000000000000 0.056354714001
3.400000000000 0.000000000000 0.054155175280
3.600000000000 0.000000000000 0.051679811090
3.800000000000 0.000000000000 0.049084713503
4.000000000000 0.000000000000 0.046533060543
4.200000000000 0.000000000000 0.044184833809
4.400000000000 0.000000000000 0.042186852368
4.600000000000 0.000000000000 0.040663727838
4.800000000000 0.000000000000 0.039710264374

0.000000000000 0.200000000000 0.039710264374
0.200000000000 0.200000000000 0.040037478672
0.400000000000 0.200000000000 0.040998798595
0.600000000000 0.200000000000 0.042534473542
0.800000000000 0.200000000000 0.044548918179
1.000000000000 0.200000000000 0.046916494099
1.200000000000 0.200000000000 0.049489172456
1.400000000000 0.200000000000 0.052105653420
1.600000000000 0.200000000000 0.054601414390
1.800000000000 0.200000000000 0.056819077112
2.000000000000 0.200000000000 0.058618434963
2.200000000000 0.200000000000 0.059885476079
2.400000000000 0.200000000000 0.060539782552
2.600000000000 0.200000000000 0.060539782552
2.800000000000 0.200000000000 0.059885476079
3.000000000000 0.200000000000 0.058618434963
3.200000000000 0.200000000000 0.056819077112
3.400000000000 0.200000000000 0.054601414390
3.600000000000 0.200000000000 0.052105653420
3.800000000000 0.200000000000 0.049489172456
4.000000000000 0.200000000000 0.046916494099
4.200000000000 0.200000000000 0.044548918179
4.400000000000 0.200000000000 0.042534473542
4.600000000000 0.200000000000 0.040998798595
4.800000000000 0.200000000000 0.040037478672

0.000000000000 0.400000000000 0.040663727838
0.200000000000 0.400000000000 0.040998798595
0.400000000000 0.400000000000 0.041983199935
0.600000000000 0.400000000000 0.043555746638
0.800000000000 0.400000000000 0.045618558350
1.000000000000 0.400000000000 0.048042980066
1.200000000000 0.400000000000 0.050677428747
1.400000000000 0.400000000000 0.053356731734
1.600000000000 0.400000000000 0.055912416218
1.800000000000 0.400000000000 0.058183325277
2.000000000000 0.400000000000 0.060025885914
2.200000000000 0.400000000000 0.061323348828
2.400000000000 0.400000000000 0.061993365271
2.600000000000 0.400000000000 0.061993365271
2.800000000000 0.400000000000 0.061323348828
3.000000000000 0.400000000000 0.060025885914
3.200000000000 0.400000000000 0.058183325277
3.400000000000 0.400000000000 0.055912416218
3.600000000000 0.400000000000 0.053356731734
3.800000000000 0.400000000000 0.050677428747
4.000000000000 0.400000000000 0.048042980066
4.200000000000 0.400000000000 0.045618558350
4.400000000000 0.400000000000 0.043555746638
4.600000000000 0.400000000000 0.041983199935
4.800000000000 0.400000000000 0.040998798595

0.000000000000 0.600000000000 0.042186852368
0.200000000000 0.600000000000 0.042534473542
0.400000000000 0.600000000000 0.043555746638
0.600000000000 0.600000000000 0.045187194678
0.800000000000 0.600000000000 0.047327271094
1.000000000000 0.600000000000 0.049842501974
1.200000000000 0.600000000000 0.052575626583
1.400000000000 0.600000000000 0.055355285547
1.600000000000 0.600000000000 0.058006695744
1.800000000000 0.600000000000 0.060362663959
2.000000000000 0.600000000000 0.062274239530
2.200000000000 0.600000000000 0.063620300200
2.400000000000 0.600000000000 0.064315412770
2.600000000000 0.600000000000 0.064315412770
2.800000000000 0.600000000000 0.063620300200
3.000000000000 0.600000000000 0.062274239530
3.200000000000 0.600000000000 0.060362663959
3.400000000000 0.600000000000 0.058006695744
3.600000000000 0.600000000000 0.055355285547
3.800000000000 0.600000000000 0.052575626583
4.000000000000 0.600000000000 0.049842501974
4.200000000000 0.600000000000 0.047327271094
4.400000000000 0.600000000000 0.045187194678
4.600000000000 0.600000000000 0.043555746638
4.800000000000 0.600000000000 0.042534473542

0.000000000000 0.800000000000 0.044184833809
0.200000000000 0.800000000000 0.044548918179
0.400000000000 0.800000000000 0.045618558350
0.600000000000 0.800000000000 0.047327271094
0.800000000000 0.800000000000 0.049568700636
1.000000000000 0.800000000000 0.052203051791
1.200000000000 0.800000000000 0.055065616015
1.400000000000 0.800000000000 0.057976918428
1.600000000000 0.800000000000 0.060753898253
1.800000000000 0.800000000000 0.063221444082
2.000000000000 0.800000000000 0.065223551020
2.200000000000 0.800000000000 0.066633360518
2.400000000000 0.800000000000 0.067361393306
2.600000000000 0.800000000000 0.067361393306
2.800000000000 0.800000000000 0.066633360518
3.000000000000 0.800000000000 0.065223551020
3.200000000000 0.800000000000 0.063221444082
3.400000000000 0.800000000000 0.060753898253
3.600000000000 0.800000000000 0.057976918428
3.800000000000 0.800000000000 0.055065616015
4.000000000000 0.800000000000 0.052203051791
4.200000000000 0.800000000000 0.049568700636
4.400000000000 0.800000000000 0.047327271094
4.600000000000 0.800000000000 0.045618558350
4.800000000000 0.800000000000 0.044548918179

0.000000000000 1.000000000000 0.046533060543
0.200000000000 1.000000000000 0.046916494099
0.400000000000 1.000000000000 0.048042980066
0.600000000000 1.000000000000 0.049842501974
0.800000000000 1.000000000000 0.052203051791
1.000000000000 1.000000000000 0.054977404940
1.200000000000 1.000000000000 0.057992099473
1.400000000000 1.000000000000 0.061058122358
1.600000000000 1.000000000000 0.063982684099
1.800000000000 1.000000000000 0.066581367036
2.000000000000 1.000000000000 0.068689875440
2.200000000000 1.000000000000 0.070174608902
2.400000000000 1.000000000000 0.070941332804
2.600000000000 1.000000000000 0.070941332804
2.800000000000 1.000000000000 0.070174608902
3.000000000000 1.000000000000 0.068689875440
3.200000000000 1.000000000000 0.066581367036
3.400000000000 1.000000000000 0.063982684099
3.600000000000 1.000000000000 0.061058122358
3.800000000000 1.000000000000 0.057992099473
4.000000000000 1.000000000000 0.054977404940
4.200000000000 1.000000000000 0.052203051791
4.400000000000 1.000000000000 0.049842501974
4.600000000000 1.000000000000 0.048042980066
4.800000000000 1.000000000000 0.046916494099

0.000000000000 1.200000000000 0.049084713503
0.200000000000 1.200000000000 0.049489172456
0.400000000000 1.200000000000 0.050677428747
0.600000000000 1.200000000000 0.052575626583
0.800000000000 1.200000000000 0.055065616015
1.000000000000 1.200000000000 0.057992099473
1.200000000000 1.200000000000 0.061172103303
1.400000000000 1.200000000000 0.064406250033
1.600000000000 1.200000000000 0.067491178651
1.800000000000 1.200000000000 0.070232359051
2.000000000000 1.200000000000 0.072456486436
2.200000000000 1.200000000000 0.074022634495
2.400000000000 1.200000000000 0.074831401306
2.600000000000 1.200000000000 0.074831401306
2.800000000000 1.200000000000 0.074022634495
3.000000000000 1.200000000000 0.072456486436
3.200000000000 1.200000000000 0.070232359051
3.400000000000 1.200000000000 0.067491178651
3.600000000000 1.200000000000 0.064406250033
3.800000000000 1.200000000000 0.061172103303
4.000000000000 1.200000000000 0.057992099473
4.200000000000 1.200000000000 0.055065616015
4.400000000000 1.200000000000 0.052575626583
4.600000000000 1.200000000000 0.050677428747
4.800000000000 1.200000000000 0.049489172456

0.000000000000 1.400000000000 0.051679811090
0.200000000000 1.400000000000 0.052105653420
0.400000000000 1.400000000000 0.053356731734
0.600000000000 1.400000000000 0.055355285547
0.800000000000 1.400000000000 0.057976918428
1.000000000000 1.400000000000 0.061058122358
1.200000000000 1.400000000000 0.064406250033
1.400000000000 1.400000000000 0.067811383076
1.600000000000 1.400000000000 0.071059408969
1.800000000000 1.400000000000 0.073945512986
2.000000000000 1.400000000000 0.076287227876
2.200000000000 1.400000000000 0.077936176692
2.400000000000 1.400000000000 0.078787702233
2.600000000000 1.400000000000 0.078787702233
2.800000000000 1.400000000000 0.077936176692
3.000000000000 1.400000000000 0.076287227876
3.200000000000 1.400000000000 0.073945512986
3.400000000000 1.400000000000 0.071059408969
3.600000000000 1.400000000000 0.067811383076
3.800000000000 1.400000000000 0.064406250033
4.000000000000 1.400000000000 0.061058122358
4.200000000000 1.400000000000 0.057976918428
4.400000000000 1.400000000000 0.055355285547
4.600000000000 1.400000000000 0.053356731734
4.800000000000 1.400000000000 0.052105653420

0.000000000000 1.600000000000 0.054155175280
0.200000000000 1.600000000000 0.054601414390
0.400000000000 1.600000000000 0.055912416218
0.600000000000 1.600000000000 0.058006695744
0.800000000000 1.600000000000 0.060753898253
1.000000000000 1.600000000000 0.063982684099
1.200000000000 1.600000000000 0.067491178651
1.400000000000 1.600000000000 0.071059408969
1.600000000000 1.600000000000 0.074463007087
1.800000000000 1.600000000000 0.077487348176
2.000000000000 1.600000000000 0.079941225268
2.200000000000 1.600000000000 0.081669154546
2.400000000000 1.600000000000 0.082561465997
2.600000000000 1.600000000000 0.082561465997
2.800000000000 1.600000000000 0.081669154546
3.000000000000 1.600000000000 0.079941225268
3.200000000000 1.600000000000 0.077487348176
3.400000000000 1.600000000000 0.074463007087
3.600000000000 1.600000000000 0.071059408969
3.800000000000 1.600000000000 0.067491178651
4.000000000000 1.600000000000 0.063982684099
4.200000000000 1.600000000000 0.060753898253
4.400000000000 1.600000000000 0.058006695744
4.600000000000 1.600000000000 0.055912416218
4.800000000000 1.600000000000 0.054601414390

0.000000000000 1.800000000000 0.056354714001
0.200000000000 1.800000000000 0.056819077112
0.400000000000 1.800000000000 0.058183325277
0.600000000000 1.800000000000 0.060362663959
0.800000000000 1.800000000000 0.063221444082
1.000000000000 1.800000000000 0.066581367036
1.200000000000 1.800000000000 0.070232359051
1.400000000000 1.800000000000 0.073945512986
1.600000000000 1.800000000000 0.077487348176
1.800000000000 1.800000000000 0.080634522810
2.000000000000 1.800000000000 0.083188064058
2.200000000000 1.800000000000 0.084986173135
2.400000000000 1.800000000000 0.085914725790
2.600000000000 1.800000000000 0.085914725790
2.800000000000 1.800000000000 0.084986173135
3.000000000000 1.800000000000 0.083188064058
3.200000000000 1.800000000000 0.080634522810
3.400000000000 1.800000000000 0.077487348176
3.600000000000 1.800000000000 0.073945512986
3.800000000000 1.800000000000 0.070232359051
4.000000000000 1.800000000000 0.066581367036
4.200000000000 1.800000000000 0.063221444082
4.400000000000 1.800000000000 0.060362663959
4.600000000000 1.800000000000 0.058183325277
4.800000000000 1.800000000000 0.056819077112

0.000000000000 2.000000000000 0.058139366478
0.200000000000 2.000000000000 0.058618434963
0.400000000000 2.000000000000 0.060025885914
0.600000000000 2.000000000000 0.062274239530
0.800000000000 2.000000000000 0.065223551020
1.000000000000 2.000000000000 0.068689875440
1.200000000000 2.000000000000 0.072456486436
1.400000000000 2.000000000000 0.076287227876
1.600000000000 2.000000000000 0.079941225268
1.800000000000 2.000000000000 0.083188064058
2.000000000000 2.000000000000 0.085822470382
2.200000000000 2.000000000000 0.087677521645
2.400000000000 2.000000000000 0.088635479533
2.600000000000 2.000000000000 0.088635479533
2.800000000000 2.000000000000 0.087677521645
3.000000000000 2.000000000000 0.085822470382
3.200000000000 2.000000000000 0.083188064058
3.400000000000 2.000000000000 0.079941225268
3.600000000000 2.000000000000 0.076287227876
3.800000000000 2.000000000000 0.072456486436
4.000000000000 2.000000000000 0.068689875440
4.200000000000 2.000000000000 0.065223551020
4.400000000000 2.000000000000 0.062274239530
4.600000000000 2.000000000000 0.060025885914
4.800000000000 2.000000000000 0.058618434963

0.000000000000 2.200000000000 0.059396052615
0.200000000000 2.200000000000 0.059885476079
0.400000000000 2.200000000000 0.061323348828
0.600000000000 2.200000000000 0.063620300200
0.800000000000 2.200000000000 0.066633360518
1.000000000000 2.200000000000 0.070174608902
1.200000000000 2.200000000000 0.074022634495
1.400000000000 2.200000000000 0.077936176692
1.600000000000 2.200000000000 0.081669154546
1.800000000000 2.200000000000 0.084986173135
2.000000000000 2.200000000000 0.087677521645
2.200000000000 2.200000000000 0.089572669481
2.400000000000 2.200000000000 0.090551333443
2.600000000000 2.200000000000 0.090551333443
2.800000000000 2.200000000000 0.089572669481
3.000000000000 2.200000000000 0.087677521645
3.200000000000 2.200000000000 0.084986173135
3.400000000000 2.200000000000 0.081669154546
3.600000000000 2.200000000000 0.077936176692
3.800000000000 2.200000000000 0.074022634495
4.000000000000 2.200000000000 0.070174608902
4.200000000000 2.200000000000 0.066633360518
4.400000000000 2.200000000000 0.063620300200
4.600000000000 2.200000000000 0.061323348828
4.800000000000 2.200000000000 0.059885476079

0.000000000000 2.400000000000 0.060045011724
0.200000000000 2.400000000000 0.060539782552
0.400000000000 2.400000000000 0.061993365271
0.600000000000 2.400000000000 0.064315412770
0.800000000000 2.400000000000 0.067361393306
1.000000000000 2.400000000000 0.070941332804
1.200000000000 2.400000000000 0.074831401306
1.400000000000 2.400000000000 0.078787702233
1.600000000000 2.400000000000 0.082561465997
1.800000000000 2.400000000000 0.085914725790
2.000000000000 2.400000000000 0.088635479533
2.200000000000 2.400000000000 0.090551333443
2.400000000000 2.400000000000 0.091540690126
2.600000000000 2.400000000000 0.091540690126
2.800000000000 2.400000000000 0.090551333443
3.000000000000 2.400000000000 0.088635479533
3.200000000000 2.400000000000 0.085914725790
3.400000000000 2.400000000000 0.082561465997
3.600000000000 2.400000000000 0.078787702233
3.800000000000 2.400000000000 0.074831401306
4.000000000000 2.400000000000 0.070941332804
4.200000000000 2.400000000000 0.067361393306
4.400000000000 2.400000000000 0.064315412770
4.600000000000 2.400000000000 0.061993365271
4.800000000000 2.400000000000 0.060539782552

0.000000000000 2.600000000000 0.060045011724
0.200000000000 2.600000000000 0.060539782552
0.400000000000 2.600000000000 0.061993365271
0.600000000000 2.600000000000 0.064315412770
0.800000000000 2.600000000000 0.067361393306
1.000000000000 2.600000000000 0.070941332804
1.200000000000 2.600000000000 0.074831401306
1.400000000000 2.600000000000 0.078787702233
1.600000000000 2.600000000000 0.082561465997
1.800000000000 2.600000000000 0.085914725790
2.000000000000 2.600000000000 0.088635479533
2.200000000000 2.600000000000 0.090551333443
2.400000000000 2.600000000000 0.091540690126
2.600000000000 2.600000000000 0.091540690126
2.800000000000 2.600000000000 0.090551333443
3.000000000000 2.600000000000 0.088635479533
3.200000000000 2.600000000000 0.085914725790
3.400000000000 2.600000000000 0.082561465997
3.600000000000 2.600000000000 0.078787702233
3.800000000000 2.600000000000 0.074831401306
4.000000000000 2.600000000000 0.070941332804
4.200000000000 2.600000000000 0.067361393306
4.400000000000 2.600000000000 0.064315412770
4.600000000000 2.600000000000 0.061993365271
4.800000000000 2.600000000000 0.060539782552

0.000000000000 2.800000000000 0.059396052615
0.200000000000 2.800000000000 0.059885476079
0.400000000000 2.800000000000 0.061323348828
0.600000000000 2.800000000000 0.063620300200
0.800000000000 2.800000000000 0.066633360518
1.000000000000 2.800000000000 0.070174608902
1.200000000000 2.800000000000 0.074022634495
1.400000000000 2.800000000000 0.077936176692
1.600000000000 2.800000000000 0.081669154546
1.800000000000 2.800000000000 0.084986173135
2.000000000000 2.800000000000 0.087677521645
2.200000000000 2.800000000000 0.089572669481
2.400000000000 2.800000000000 0.090551333443
2.600000000000 2.800000000000 0.090551333443
2.800000000000 2.800000000000 0.089572669481
3.000000000000 2.800000000000 0.087677521645
3.200000000000 2.800000000000 0.084986173135
3.400000000000 2.800000000000 0.081669154546
3.600000000000 2.800000000000 0.077936176692
3.800000000000 2.800000000000 0.074022634495
4.000000000000 2.800000000000 0.070174608902
4.200000000000 2.800000000000 0.066633360518
4.400000000000 2.800000000000 0.063620300200
4.600000000000 2.800000000000 0.061323348828
4.800000000000 2.800000000000 0.059885476079

0.000000000000 3.000000000000 0.058139366478
0.200000000000 3.000000000000 0.058618434963
0.400000000000 3.000000000000 0.060025885914
0.600000000000 3.000000000000 0.062274239530
0.800000000000 3.000000000000 0.065223551020
1.000000000000 3.000000000000 0.068689875440
1.200000000000 3.000000000000 0.072456486436
1.400000000000 3.000000000000 0.076287227876
1.600000000000 3.000000000000 0.079941225268
1.800000000000 3.000000000000 0.083188064058
2.000000000000 3.000000000000 0.085822470382
2.200000000000 3.000000000000 0.087677521645
2.400000000000 3.000000000000 0.088635479533
2.600000000000 3.000000000000 0.088635479533
2.800000000000 3.000000000000 0.087677521645
3.000000000000 3.000000000000 0.085822470382
3.200000000000 3.000000000000 0.083188064058
3.400000000000 3.000000000000 0.079941225268
3.600000000000 3.000000000000 0.076287227876
3.800000000000 3.000000000000 0.072456486436
4.000000000000 3.000000000000 0.068689875440
4.200000000000 3.000000000000 0.065223551020
4.400000000000 3.000000000000 0.062274239530
4.600000000000 3.000000000000 0.060025885914
4.800000000000 3.000000000000 0.058618434963

0.000000000000 3.200000000000 0.056354714001
0.200000000000 3.200000000000 0.056819077112
0.400000000000 3.200000000000 0.058183325277
0.600000000000 3.200000000000 0.060362663959
0.800000000000 3.200000000000 0.063221444082
1.000000000000 3.200000000000 0.066581367036
1.200000000000 3.200000000000 0.070232359051
1.400000000000 3.200000000000 0.073945512986
1.600000000000 3.200000000000 0.077487348176
1.800000000000 3.200000000000 0.080634522810
2.000000000000 3.200000000000 0.083188064058
2.200000000000 3.200000000000 0.084986173135
2.400000000000 3.200000000000 0.085914725790
2.600000000000 3.200000000000 0.085914725790
2.800000000000 3.200000000000 0.084986173135
3.000000000000 3.200000000000 0.083188064058
3.200000000000 3.200000000000 0.080634522810
3.400000000000 3.200000000000 0.077487348176
3.600000000000 3.200000000000 0.073945512986
3.800000000000 3.200000000000 0.070232359051
4.000000000000 3.200000000000 0.066581367036
4.200000000000 3.200000000000 0.063221444082
4.400000000000 3.200000000000 0.060362663959
4.600000000000 3.200000000000 0.058183325277
4.800000000000 3.200000000000 0.056819077112

0.000000000000 3.400000000000 0.054155175280
0.200000000000 3.400000000000 0.054601414390
0.400000000000 3.400000000000 0.055912416218
0.600000000000 3.400000000000 0.058006695744
0.800000000000 3.400000000000 0.060753898253
1.000000000000 3.400000000000 0.063982684099
1.200000000000 3.400000000000 0.067491178651
1.400000000000 3.400000000000 0.071059408969
1.600000000000 3.400000000000 0.074463007087
1.800000000000 3.400000000000 0.077487348176
2.000000000000 3.400000000000 0.079941225268
2.200000000000 3.400000000000 0.081669154546
2.400000000000 3.400000000000 0.082561465997
2.600000000000 3.400000000000 0.082561465997
2.800000000000 3.400000000000 0.081669154546
3.000000000000 3.400000000000 0.079941225268
3.200000000000 3.400000000000 0.077487348176
3.400000000000 3.400000000000 0.074463007087
3.600000000000 3.400000000000 0.071059408969
3.800000000000 3.400000000000 0.067491178651
4.000000000000 3.400000000000 0.063982684099
4.200000000000 3.400000000000 0.060753898253
4.400000000000 3.400000000000 0.058006695744
4.600000000000 3.400000000000 0.055912416218
4.800000000000 3.400000000000 0.054601414390

0.000000000000 3.600000000000 0.051679811090
0.200000000000 3.600000000000 0.052105653420
0.400000000000 3.600000000000 0.053356731734
0.600000000000 3.600000000000 0.055355285547
0.800000000000 3.600000000000 0.057976918428
1.000000000000 3.600000000000 0.061058122358
1.200000000000 3.600000000000 0.064406250033
1.400000000000 3.600000000000 0.067811383076
1.600000000000 3.600000000000 0.071059408969
1.800000000000 3.600000000000 0.073945512986
2.000000000000 3.600000000000 0.076287227876
2.200000000000 3.600000000000 0.077936176692
2.400000000000 3.600000000000 0.078787702233
2.600000000000 3.600000000000 0.078787702233
2.800000000000 3.600000000000 0.077936176692
3.000000000000 3.600000000000 0.076287227876
3.200000000000 3.600000000000 0.073945512986
3.400000000000 3.600000000000 0.071059408969
3.600000000000 3.600000000000 0.067811383076
3.800000000000 3.600000000000 0.064406250033
4.000000000000 3.600000000000 0.061058122358
4.200000000000 3.600000000000 0.057976918428
4.400000000000 3.600000000000 0.055355285547
4.600000000000 3.600000000000 0.053356731734
4.800000000000 3.600000000000 0.052105653420

0.000000000000 3.800000000000 0.049084713503
0.200000000000 3.800000000000 0.049489172456
0.400000000000 3.800000000000 0.050677428747
0.600000000000 3.800000000000 0.052575626583
0.800000000000 3.800000000000 0.055065616015
1.000000000000 3.800000000000 0.057992099473
1.200000000000 3.800000000000 0.061172103303
1.400000000000 3.800000000000 0.064406250033
1.600000000000 3.800000000000 0.067491178651
1.800000000000 3.800000000000 0.070232359051
2.000000000000 3.800000000000 0.072456486436
2.200000000000 3.800000000000 0.074022634495
2.400000000000 3.800000000000 0.074831401306
2.600000000000 3.800000000000 0.074831401306
2.800000000000 3.800000000000 0.074022634495
3.000000000000 3.800000000000 0.072456486436
3.200000000000 3.800000000000 0.070232359051
3.400000000000 3.800000000000 0.067491178651
3.600000000000 3.800000000000 0.064406250033
3.800000000000 3.800000000000 0.061172103303
4.000000000000 3.800000000000 0.057992099473
4.200000000000 3.800000000000 0.055065616015
4.400000000000 3.800000000000 0.052575626583
4.600000000000 3.800000000000 0.050677428747
4.800000000000 3.800000000000 0.049489172456

0.000000000000 4.000000000000 0.046533060543
0.200000000000 4.000000000000 0.046916494099
0.400000000000 4.000000000000 0.048042980066
0.600000000000 4.000000000000 0.049842501974
0.800000000000 4.000000000000 0.052203051791
1.000000000000 4.000000000000 0.054977404940
1.200000000000 4.000000000000 0.057992099473
1.400000000000 4.000000000000 0.061058122358
1.600000000000 4.000000000000 0.063982684099
1.800000000000 4.000000000000 0.066581367036
2.000000000000 4.000000000000 0.068689875440
2.200000000000 4.000000000000 0.070174608902
2.400000000000 4.000000000000 0.070941332804
2.600000000000 4.000000000000 0.070941332804
2.800000000000 4.000000000000 0.070174608902
3.000000000000 4.000000000000 0.068689875440
3.200000000000 4.000000000000 0.066581367036
3.400000000000 4.000000000000 0.063982684099
3.600000000000 4.000000000000 0.061058122358
3.800000000000 4.000000000000 0.057992099473
4.000000000000 4.000000000000 0.054977404940
4.200000000000 4.000000000000 0.052203051791
4.400000000000 4.000000000000 0.049842501974
4.600000000000 4.000000000000 0.048042980066
4.800000000000 4.000000000000 0.046916494099

0.000000000000 4.200000000000 0.044184833809
0.200000000000 4.200000000000 0.044548918179
0.400000000000 4.200000000000 0.045618558350
0.600000000000 4.200000000000 0.047327271094
0.800000000000 4.200000000000 0.049568700636
1.000000000000 4.200000000000 0.052203051791
1.200000000000 4.200000000000 0.055065616015
1.400000000000 4.200000000000 0.057976918428
1.600000000000 4.200000000000 0.060753898253
1.800000000000 4.200000000000 0.063221444082
2.000000000000 4.200000000000 0.065223551020
2.200000000000 4.200000000000 0.066633360518
2.400000000000 4.200000000000 0.067361393306
2.600000000000 4.200000000000 0.067361393306
2.800000000000 4.200000000000 0.066633360518
3.000000000000 4.200000000000 0.065223551020
3.200000000000 4.200000000000 0.063221444082
3.400000000000 4.200000000000 0.060753898253
3.600000000000 4.200000000000 0.057976918428
3.800000000000 4.200000000000 0.055065616015
4.000000000000 4.200000000000 0.052203051791
4.200000000000 4.200000000000 0.049568700636
4.400000000000 4.200000000000 0.047327271094
4.600000000000 4.200000000000 0.045618558350
4.800000000000 4.200000000000 0.044548918179

0.000000000000 4.400000000000 0.042186852368
0.200000000000 4.400000000000 0.042534473542
0.400000000000 4.400000000000 0.043555746638
0.600000000000 4.400000000000 0.045187194678
0.800000000000 4.400000000000 0.047327271094
1.000000000000 4.400000000000 0.049842501974
1.200000000000 4.400000000000 0.052575626583
1.400000000000 4.400000000000 0.055355285547
1.600000000000 4.400000000000 0.058006695744
1.800000000000 4.400000000000 0.060362663959
2.000000000000 4.400000000000 0.062274239530
2.200000000000 4.400000000000 0.063620300200
2.400000000000 4.400000000000 0.064315412770
2.600000000000 4.400000000000 0.064315412770
2.800000000000 4.400000000000 0.063620300200
3.000000000000 4.400000000000 0.062274239530
3.200000000000 4.400000000000 0.060362663959
3.400000000000 4.400000000000 0.058006695744
3.600000000000 4.400000000000 0.055355285547
3.800000000000 4.400000000000 0.052575626583
4.000000000000 4.400000000000 0.049842501974
4.200000000000 4.400000000000 0.047327271094
4.400000000000 4.400000000000 0.045187194678
4.600000000000 4.400000000000 0.043555746638
4.800000000000 4.400000000000 0.042534473542

0.000000000000 4.600000000000 0.040663727838
0.200000000000 4.600000000000 0.040998798595
0.400000000000 4.600000000000 0.041983199935
0.600000000000 4.600000000000 0.043555746638
0.800000000000 4.600000000000 0.045618558350
1.000000000000 4.600000000000 0.048042980066
1.200000000000 4.600000000000 0.050677428747
1.400000000000 4.600000000000 0.053356731734
1.600000000000 4.600000000000 0.055912416218
1.800000000000 4.600000000000 0.058183325277
2.000000000000 4.600000000000 0.060025885914
2.200000000000 4.600000000000 0.061323348828
2.400000000000 4.600000000000 0.061993365271
2.600000000000 4.600000000000 0.061993365271
2.800000000000 4.600000000000 0.061323348828
3.000000000000 4.600000000000 0.060025885914
3.200000000000 4.600000000000 0.058183325277
3.400000000000 4.600000000000 0.055912416218
3.600000000000 4.600000000000 0.053356731734
3.800000000000 4.600000000000 0.050677428747
4.000000000000 4.600000000000 0.048042980066
4.200000000000 4.600000000000 0.045618558350
4.400000000000 4.600000000000 0.043555746638
4.600000000000 4.600000000000 0.041983199935
4.800000000000 4.600000000000 0.040998798595

0.000000000000 4.800000000000 0.039710264374
0.200000000000 4.800000000000 0.040037478672
0.400000000000 4.800000000000 0.040998798595
0.600000000000 4.800000000000 0.042534473542
0.800000000000 4.800000000000 0.044548918179
1.000000000000 4.800000000000 0.046916494099
1.200000000000 4.800000000000 0.049489172456
1.400000000000 4.800000000000 0.052105653420
1.600000000000 4.800000000000 0.054601414390
1.800000000000 4.800000000000 0.056819077112
2.000000000000 4.800000000000 0.058618434963
2.200000000000 4.800000000000 0.059885476079
2.400000000000 4.800000000000 0.060539782552
2.600000000000 4.800000000000 0.060539782552
2.800000000000 4.800000000000 0.059885476079
3.000000000000 4.800000000000 0.058618434963
3.200000000000 4.800000000000 0.056819077112
3.400000000000 4.800000000000 0.054601414390
3.600000000000 4.800000000000 0.052105653420
3.800000000000 4.800000000000 0.049489172456
4.000000000000 4.800000000000 0.046916494099
4.200000000000 4.800000000000 0.044548918179
4.400000000000 4.800000000000 0.042534473542
4.600000000000 4.800000000000 0.040998798595
4.800000000000 4.800000000000 0.040037478672

