# x y u
0.000000000000 0.000000000000 0.993715287249
0.200000000000 0.000000000000 0.904209233685
0.400000000000 0.000000000000 0.707980794666
0.600000000000 0.000000000000 0.478275194255
0.800000000000 0.000000000000 0.278399228385
1.000000000000 0.000000000000 0.138775333914
1.200000000000 0.000000000000 0.058483904280
1.400000000000 0.000000000000 0.020289616186
1.600000000000 0.000000000000 0.005436480747
1.800000000000 0.000000000000 0.000971528790
2.000000000000 0.000000000000 0.000088653410
2.200000000000 0.000000000000 -0.000070189525
2.400000000000 0.000000000000 -0.000107069126
2.600000000000 0.000000000000 0.000117863065
2.800000000000 0.000000000000 0.000296259276
3.000000000000 0.000000000000 0.000350801655
3.200000000000 0.000000000000 0.001815733854
3.400000000000 0.000000000000 0.007244892225
3.600000000000 0.000000000000 0.020420773537
3.800000000000 0.000000000000 0.052554588098
4.000000000000 0.000000000000 0.128411205302
4.200000000000 0.000000000000 0.275921944375
4.400000000000 0.000000000000 0.496875201343
4.600000000000 0.000000000000 0.744026730625
4.800000000000 0.000000000000 0.934012626730

0.000000000000 0.200000000000 0.904209233685
0.200000000000 0.200000000000 0.823574956788
0.400000000000 0.200000000000 0.645833051516
0.600000000000 0.200000000000 0.437197269588
0.800000000000 0.200000000000 0.255172155784
1.000000000000 0.200000000000 0.127636462893
1.200000000000 0.200000000000 0.054032112794
1.400000000000 0.200000000000 0.018862555224
1.600000000000 0.200000000000 0.005106723275
1.800000000000 0.200000000000 0.000932740711
2.000000000000 0.200000000000 0.000088593258
2.200000000000 0.200000000000 -0.000062657798
2.400000000000 0.200000000000 -0.000094325119
2.600000000000 0.200000000000 0.000105545648
2.800000000000 0.200000000000 0.000267560157
3.000000000000 0.200000000000 0.000336957472
3.200000000000 0.200000000000 0.001697272119
3.400000000000 0.200000000000 0.006676842228
3.600000000000 0.200000000000 0.018803323542
3.800000000000 0.200000000000 0.048355426297
4.000000000000 0.200000000000 0.117740473584
4.200000000000 0.200000000000 0.252052537206
4.400000000000 0.200000000000 0.452728627225
4.600000000000 0.200000000000 0.677011849809
4.800000000000 0.200000000000 0.849567429584

0.000000000000 0.400000000000 0.707980794666
0.200000000000 0.400000000000 0.645833051516
0.400000000000 0.400000000000 0.507485322207
0.600000000000 0.400000000000 0.344423601213
0.800000000000 0.400000000000 0.201660645708
1.000000000000 0.400000000000 0.101266747472
1.200000000000 0.400000000000 0.043083509288
1.400000000000 0.400000000000 0.015142747774
1.600000000000 0.400000000000 0.004144764549
1.800000000000 0.400000000000 0.000773924603
2.000000000000 0.400000000000 0.000076645393
2.200000000000 0.400000000000 -0.000047798384
2.400000000000 0.400000000000 -0.000071838164
2.600000000000 0.400000000000 0.000080689650
2.800000000000 0.400000000000 0.000208040268
3.000000000000 0.400000000000 0.000275992014
3.200000000000 0.400000000000 0.001354552810
3.400000000000 0.400000000000 0.005268968321
3.600000000000 0.400000000000 0.014835197914
3.800000000000 0.400000000000 0.038125654753
4.000000000000 0.400000000000 0.092556892931
4.200000000000 0.400000000000 0.197563396878
4.400000000000 0.400000000000 0.354240543924
4.600000000000 0.400000000000 0.529419429802
4.800000000000 0.400000000000 0.664551530766

0.000000000000 0.600000000000 0.478275194255
0.200000000000 0.600000000000 0.437197269588
0.400000000000 0.600000000000 0.344423601213
0.600000000000 0.600000000000 0.234474614068
0.800000000000 0.600000000000 0.137790129804
1.000000000000 0.600000000000 0.069501728173
1.200000000000 0.600000000000 0.029733645046
1.400000000000 0.600000000000 0.010528277121
1.600000000000 0.600000000000 0.002915533406
1.800000000000 0.600000000000 0.000556845115
2.000000000000 0.600000000000 0.000057602231
2.200000000000 0.600000000000 -0.000031218104
2.400000000000 0.600000000000 -0.000047383954
2.600000000000 0.600000000000 0.000052792617
2.800000000000 0.600000000000 0.000139563547
3.000000000000 0.600000000000 0.000193657737
3.200000000000 0.600000000000 0.000926599907
3.400000000000 0.600000000000 0.003571816278
3.600000000000 0.600000000000 0.010060266507
3.800000000000 0.600000000000 0.025839918161
4.000000000000 0.600000000000 0.062570956434
4.200000000000 0.600000000000 0.133258361403
4.400000000000 0.600000000000 0.238695094570
4.600000000000 0.600000000000 0.356766352227
4.800000000000 0.600000000000 0.448241254016

0.000000000000 0.800000000000 0.278399228385
0.200000000000 0.800000000000 0.255172155784
0.400000000000 0.800000000000 0.201660645708
0.600000000000 0.800000000000 0.137790129804
0.800000000000 0.800000000000 0.081320717619
1.000000000000 0.800000000000 0.041227843583
1.200000000000 0.800000000000 0.017748244762
1.400000000000 0.800000000000 0.006336195698
1.600000000000 0.800000000000 0.001776962119
1.800000000000 0.800000000000 0.000347503287
2.000000000000 0.800000000000 0.000037631901
2.200000000000 0.800000000000 -0.000017396354
2.400000000000 0.800000000000 -0.000027014490
2.600000000000 0.800000000000 0.000029476917
2.800000000000 0.800000000000 0.000080627947
3.000000000000 0.800000000000 0.000116415136
3.200000000000 0.800000000000 0.000542869033
3.400000000000 0.800000000000 0.002077390501
3.600000000000 0.800000000000 0.005856540085
3.800000000000 0.800000000000 0.015035906951
4.000000000000 0.800000000000 0.036328788301
4.200000000000 0.800000000000 0.077242766838
4.400000000000 0.800000000000 0.138313161689
4.600000000000 0.800000000000 0.206890840076
4.800000000000 0.800000000000 0.260348316545

0.000000000000 1.000000000000 0.138775333914
0.200000000000 1.000000000000 0.127636462893
0.400000000000 1.000000000000 0.101266747472
0.600000000000 1.000000000000 0.069501728173
0.800000000000 1.000000000000 0.041227843583
1.000000000000 1.000000000000 0.021026457156
1.200000000000 1.000000000000 0.009117062142
1.400000000000 1.000000000000 0.003285270214
1.600000000000 1.000000000000 0.000934352810
1.800000000000 1.000000000000 0.000187412800
2.000000000000 1.000000000000 0.000021313451
2.200000000000 1.000000000000 -0.000008185377
2.400000000000 1.000000000000 -0.000013224233
2.600000000000 1.000000000000 0.000013913785
2.800000000000 1.000000000000 0.000039838183
3.000000000000 1.000000000000 0.000059629377
3.200000000000 1.000000000000 0.000270644660
3.400000000000 1.000000000000 0.001029686031
3.600000000000 1.000000000000 0.002907506949
3.800000000000 1.000000000000 0.007462384343
4.000000000000 1.000000000000 0.017995949551
4.200000000000 1.000000000000 0.038223497575
4.400000000000 1.000000000000 0.068472913135
4.600000000000 1.000000000000 0.102583238449
4.800000000000 1.000000000000 0.129394679239

0.000000000000 1.200000000000 0.058483904280
0.200000000000 1.200000000000 0.054032112794
0.400000000000 1.200000000000 0.043083509288
0.600000000000 1.200000000000 0.029733645046
0.800000000000 1.200000000000 0.017748244762
1.000000000000 1.200000000000 0.009117062142
1.200000000000 1.200000000000 0.003987168548
1.400000000000 1.200000000000 0.001452522791
1.600000000000 1.200000000000 0.000419804190
1.800000000000 1.200000000000 0.000086604352
2.000000000000 1.200000000000 0.000010390565
2.200000000000 1.200000000000 -0.000003183219
2.400000000000 1.200000000000 -0.000005483896
2.600000000000 1.200000000000 0.000005446392
2.800000000000 1.200000000000 0.000016601035
3.000000000000 1.200000000000 0.000025706261
3.200000000000 1.200000000000 0.000113234640
3.400000000000 1.200000000000 0.000428897545
3.600000000000 1.200000000000 0.001214068226
3.800000000000 1.200000000000 0.003115686955
4.000000000000 1.200000000000 0.007501640745
4.200000000000 1.200000000000 0.015927626089
4.400000000000 1.200000000000 0.028570351946
4.600000000000 1.200000000000 0.042913023585
4.800000000000 1.200000000000 0.054313150452

0.000000000000 1.400000000000 0.020289616186
0.200000000000 1.400000000000 0.018862555224
0.400000000000 1.400000000000 0.015142747774
0.600000000000 1.400000000000 0.010528277121
0.800000000000 1.400000000000 0.006336195698
1.000000000000 1.400000000000 0.003285270214
1.200000000000 1.400000000000 0.001452522791
1.400000000000 1.400000000000 0.000536439387
1.600000000000 1.400000000000 0.000158114780
1.800000000000 1.400000000000 0.000033714991
2.000000000000 1.400000000000 0.000004300029
2.200000000000 1.400000000000 -0.000000974265
2.400000000000 1.400000000000 -0.000001872982
2.600000000000 1.400000000000 0.000001692953
2.800000000000 1.400000000000 0.000005668355
3.000000000000 1.400000000000 0.000009094595
3.200000000000 1.400000000000 0.000038613851
3.400000000000 1.400000000000 0.000145767879
3.600000000000 1.400000000000 0.000414222718
3.800000000000 1.400000000000 0.001063206573
4.000000000000 1.400000000000 0.002556335736
4.200000000000 1.400000000000 0.005430017119
4.400000000000 1.400000000000 0.009765640038
4.600000000000 1.400000000000 0.014728473232
4.800000000000 1.400000000000 0.018735540287

0.000000000000 1.600000000000 0.005436480747
0.200000000000 1.600000000000 0.005106723275
0.400000000000 1.600000000000 0.004144764549
0.600000000000 1.600000000000 0.002915533406
0.800000000000 1.600000000000 0.001776962119
1.000000000000 1.600000000000 0.000934352810
1.200000000000 1.600000000000 0.000419804190
1.400000000000 1.600000000000 0.000158114780
1.600000000000 1.600000000000 0.000047890285
1.800000000000 1.600000000000 0.000010666733
2.000000000000 1.600000000000 0.000001469337
2.200000000000 1.600000000000 -0.000000202040
2.400000000000 1.600000000000 -0.000000494852
2.600000000000 1.600000000000 0.000000367822
2.800000000000 1.600000000000 0.000001479051
3.000000000000 1.600000000000 0.000002472201
3.200000000000 1.600000000000 0.000009928190
3.400000000000 1.600000000000 0.000037448953
3.600000000000 1.600000000000 0.000107208862
3.800000000000 1.600000000000 0.000275386788
4.000000000000 1.600000000000 0.000661484635
4.200000000000 1.600000000000 0.001408435859
4.400000000000 1.600000000000 0.002547703890
4.600000000000 1.600000000000 0.003872806343
4.800000000000 1.600000000000 0.004971224604

0.000000000000 1.800000000000 0.000971528790
0.200000000000 1.800000000000 0.000932740711
0.400000000000 1.800000000000 0.000773924603
0.600000000000 1.800000000000 0.000556845115
0.800000000000 1.800000000000 0.000347503287
1.000000000000 1.800000000000 0.000187412800
1.200000000000 1.800000000000 0.000086604352
1.400000000000 1.800000000000 0.000033714991
1.600000000000 1.800000000000 0.000010666733
1.800000000000 1.800000000000 0.000002536779
2.000000000000 1.800000000000 0.000000390238
2.200000000000 1.800000000000 -0.000000013315
2.400000000000 1.800000000000 -0.000000088898
2.600000000000 1.800000000000 0.000000034997
2.800000000000 1.800000000000 0.000000247654
3.000000000000 1.800000000000 0.000000426195
3.200000000000 1.800000000000 0.000001542824
3.400000000000 1.800000000000 0.000005919432
3.600000000000 1.800000000000 0.000017296824
3.800000000000 1.800000000000 0.000044627756
4.000000000000 1.800000000000 0.000107604864
4.200000000000 1.800000000000 0.000231864571
4.400000000000 1.800000000000 0.000427046348
4.600000000000 1.800000000000 0.000662745966
4.800000000000 1.800000000000 0.000869266160

0.000000000000 2.000000000000 0.000088653410
0.200000000000 2.000000000000 0.000088593258
0.400000000000 2.000000000000 0.000076645393
0.600000000000 2.000000000000 0.000057602231
0.800000000000 2.000000000000 0.000037631901
1.000000000000 2.000000000000 0.000021313451
1.200000000000 2.000000000000 0.000010390565
1.400000000000 2.000000000000 0.000004300029
1.600000000000 2.000000000000 0.000001469337
1.800000000000 2.000000000000 0.000000390238
2.000000000000 2.000000000000 0.000000070372
2.200000000000 2.000000000000 0.000000003926
2.400000000000 2.000000000000 -0.000000006093
2.600000000000 2.000000000000 -0.000000000997
2.800000000000 2.000000000000 0.000000015886
3.000000000000 2.000000000000 0.000000037693
3.200000000000 2.000000000000 0.000000119618
3.400000000000 2.000000000000 0.000000441005
3.600000000000 2.000000000000 0.000001337375
3.800000000000 2.000000000000 0.000003537576
4.000000000000 2.000000000000 0.000008595291
4.200000000000 2.000000000000 0.000018714116
4.400000000000 2.000000000000 0.000035191396
4.600000000000 2.000000000000 0.000056240305
4.800000000000 2.000000000000 0.000076369669

0.000000000000 2.200000000000 -0.000070189525
0.200000000000 2.200000000000 -0.000062657798
0.400000000000 2.200000000000 -0.000047798384
0.600000000000 2.200000000000 -0.000031218104
0.800000000000 2.200000000000 -0.000017396354
1.000000000000 2.200000000000 -0.000008185377
1.200000000000 2.200000000000 -0.000003183219
1.400000000000 2.200000000000 -0.000000974265
1.600000000000 2.200000000000 -0.000000202040
1.800000000000 2.200000000000 -0.000000013315
2.000000000000 2.200000000000 0.000000003926
2.200000000000 2.200000000000 0.000000007532
2.400000000000 2.200000000000 0.000000009851
2.600000000000 2.200000000000 -0.000000011403
2.800000000000 2.200000000000 -0.000000021052
3.000000000000 2.200000000000 -0.000000005658
3.200000000000 2.200000000000 -0.000000090854
3.400000000000 2.200000000000 -0.000000443504
3.600000000000 2.200000000000 -0.000001252086
3.800000000000 2.200000000000 -0.000003288360
4.000000000000 2.200000000000 -0.000008491327
4.200000000000 2.200000000000 -0.000019119288
4.400000000000 2.200000000000 -0.000035322943
4.600000000000 2.200000000000 -0.000053352482
4.800000000000 2.200000000000 -0.000066762262

0.000000000000 2.400000000000 -0.000107069126
0.200000000000 2.400000000000 -0.000094325119
0.400000000000 2.400000000000 -0.000071838164
0.600000000000 2.400000000000 -0.000047383954
0.800000000000 2.400000000000 -0.000027014490
1.000000000000 2.400000000000 -0.000013224233
1.200000000000 2.400000000000 -0.000005483896
1.400000000000 2.400000000000 -0.000001872982
1.600000000000 2.400000000000 -0.000000494852
1.800000000000 2.400000000000 -0.000000088898
2.000000000000 2.400000000000 -0.000000006093
2.200000000000 2.400000000000 0.000000009851
2.400000000000 2.400000000000 0.000000005110
2.600000000000 2.400000000000 -0.000000018135
2.800000000000 2.400000000000 -0.000000027927
3.000000000000 2.400000000000 -0.000000064032
3.200000000000 2.400000000000 -0.000000319012
3.400000000000 2.400000000000 -0.000001077726
3.600000000000 2.400000000000 -0.000002936014
3.800000000000 2.400000000000 -0.000007536572
4.000000000000 2.400000000000 -0.000017783526
4.200000000000 2.400000000000 -0.000036095232
4.400000000000 2.400000000000 -0.000061291491
4.600000000000 2.400000000000 -0.000087090872
4.800000000000 2.400000000000 -0.000104536139

0.000000000000 2.600000000000 0.000117863065
0.200000000000 2.600000000000 0.000105545648
0.400000000000 2.600000000000 0.000080689650
0.600000000000 2.600000000000 0.000052792617
0.800000000000 2.600000000000 0.000029476917
1.000000000000 2.600000000000 0.000013913785
1.200000000000 2.600000000000 0.000005446392
1.400000000000 2.600000000000 0.000001692953
1.600000000000 2.600000000000 0.000000367822
1.800000000000 2.600000000000 0.000000034997
2.000000000000 2.600000000000 -0.000000000997
2.200000000000 2.600000000000 -0.000000011403
2.400000000000 2.600000000000 -0.000000018135
2.600000000000 2.600000000000 0.000000018946
2.800000000000 2.600000000000 0.000000035073
3.000000000000 2.600000000000 -0.000000002832
3.200000000000 2.600000000000 0.000000115267
3.400000000000 2.600000000000 0.000000659513
3.600000000000 2.600000000000 0.000001888347
3.800000000000 2.600000000000 0.000005021843
4.000000000000 2.600000000000 0.000013338205
4.200000000000 2.600000000000 0.000030814136
4.400000000000 2.600000000000 0.000057940882
4.600000000000 2.600000000000 0.000088514962
4.800000000000 2.600000000000 0.000111576144

0.000000000000 2.800000000000 0.000296259276
0.200000000000 2.800000000000 0.000267560157
0.400000000000 2.800000000000 0.000208040268
0.600000000000 2.800000000000 0.000139563547
0.800000000000 2.800000000000 0.000080627947
1.000000000000 2.800000000000 0.000039838183
1.200000000000 2.800000000000 0.000016601035
1.400000000000 2.800000000000 0.000005668355
1.600000000000 2.800000000000 0.000001479051
1.800000000000 2.800000000000 0.000000247654
2.000000000000 2.800000000000 0.000000015886
2.200000000000 2.800000000000 -0.000000021052
2.400000000000 2.800000000000 -0.000000027927
2.600000000000 2.800000000000 0.000000035073
2.800000000000 2.800000000000 0.000000089343
3.000000000000 2.800000000000 0.000000134391
3.200000000000 2.800000000000 0.000000632779
3.400000000000 2.800000000000 0.000002381989
3.600000000000 2.800000000000 0.000006677645
3.800000000000 2.800000000000 0.000017110104
4.000000000000 2.800000000000 0.000041094527
4.200000000000 2.800000000000 0.000086507149
4.400000000000 2.800000000000 0.000153085094
4.600000000000 2.800000000000 0.000226138221
4.800000000000 2.800000000000 0.000280882512

0.000000000000 3.000000000000 0.000350801655
0.200000000000 3.000000000000 0.000336957472
0.400000000000 3.000000000000 0.000275992014
0.600000000000 3.000000000000 0.000193657737
0.800000000000 3.000000000000 0.000116415136
1.000000000000 3.000000000000 0.000059629377
1.200000000000 3.000000000000 0.000025706261
1.400000000000 3.000000000000 0.000009094595
1.600000000000 3.000000000000 0.000002472201
1.800000000000 3.000000000000 0.000000426195
2.000000000000 3.000000000000 0.000000037693
2.200000000000 3.000000000000 -0.000000005658
2.400000000000 3.000000000000 -0.000000064032
2.600000000000 3.000000000000 -0.000000002832
2.800000000000 3.000000000000 0.000000134391
3.000000000000 3.000000000000 0.000000081408
3.200000000000 3.000000000000 0.000000168519
3.400000000000 3.000000000000 0.000001372209
3.600000000000 3.000000000000 0.000004443923
3.800000000000 3.000000000000 0.000011184971
4.000000000000 3.000000000000 0.000028380379
4.200000000000 3.000000000000 0.000067868534
4.400000000000 3.000000000000 0.000137152012
4.600000000000 3.000000000000 0.000226795713
4.800000000000 3.000000000000 0.000308713710

0.000000000000 3.200000000000 0.001815733854
0.200000000000 3.200000000000 0.001697272119
0.400000000000 3.200000000000 0.001354552810
0.600000000000 3.200000000000 0.000926599907
0.800000000000 3.200000000000 0.000542869033
1.000000000000 3.200000000000 0.000270644660
1.200000000000 3.200000000000 0.000113234640
1.400000000000 3.200000000000 0.000038613851
1.600000000000 3.200000000000 0.000009928190
1.800000000000 3.200000000000 0.000001542824
2.000000000000 3.200000000000 0.000000119618
2.200000000000 3.200000000000 -0.000000090854
2.400000000000 3.200000000000 -0.000000319012
2.600000000000 3.200000000000 0.000000115267
2.800000000000 3.200000000000 0.000000632779
3.000000000000 3.200000000000 0.000000168519
3.200000000000 3.200000000000 0.000001075928
3.400000000000 3.200000000000 0.000007984544
3.600000000000 3.200000000000 0.000024489511
3.800000000000 3.200000000000 0.000063406365
4.000000000000 3.200000000000 0.000166317178
4.200000000000 3.200000000000 0.000395455115
4.400000000000 3.200000000000 0.000778003184
4.600000000000 3.200000000000 0.001246378276
4.800000000000 3.200000000000 0.001644884345

0.000000000000 3.400000000000 0.007244892225
0.200000000000 3.400000000000 0.006676842228
0.400000000000 3.400000000000 0.005268968321
0.600000000000 3.400000000000 0.003571816278
0.800000000000 3.400000000000 0.002077390501
1.000000000000 3.400000000000 0.001029686031
1.200000000000 3.400000000000 0.000428897545
1.400000000000 3.400000000000 0.000145767879
1.600000000000 3.400000000000 0.000037448953
1.800000000000 3.400000000000 0.000005919432
2.000000000000 3.400000000000 0.000000441005
2.200000000000 3.400000000000 -0.000000443504
2.400000000000 3.400000000000 -0.000001077726
2.600000000000 3.400000000000 0.000000659513
2.800000000000 3.400000000000 0.000002381989
3.000000000000 3.400000000000 0.000001372209
3.200000000000 3.400000000000 0.000007984544
3.400000000000 3.400000000000 0.000040768253
3.600000000000 3.400000000000 0.000119400607
3.800000000000 3.400000000000 0.000308511298
4.000000000000 3.400000000000 0.000782253129
4.200000000000 3.400000000000 0.001771575119
4.400000000000 3.400000000000 0.003342264951
4.600000000000 3.400000000000 0.005186711975
4.800000000000 3.400000000000 0.006683719683

0.000000000000 3.600000000000 0.020420773537
0.200000000000 3.600000000000 0.018803323542
0.400000000000 3.600000000000 0.014835197914
0.600000000000 3.600000000000 0.010060266507
0.800000000000 3.600000000000 0.005856540085
1.000000000000 3.600000000000 0.002907506949
1.200000000000 3.600000000000 0.001214068226
1.400000000000 3.600000000000 0.000414222718
1.600000000000 3.600000000000 0.000107208862
1.800000000000 3.600000000000 0.000017296824
2.000000000000 3.600000000000 0.000001337375
2.200000000000 3.600000000000 -0.000001252086
2.400000000000 3.600000000000 -0.000002936014
2.600000000000 3.600000000000 0.000001888347
2.800000000000 3.600000000000 0.000006677645
3.000000000000 3.600000000000 0.000004443923
3.200000000000 3.600000000000 0.000024489511
3.400000000000 3.600000000000 0.000119400607
3.600000000000 3.600000000000 0.000347782946
3.800000000000 3.600000000000 0.000896871260
4.000000000000 3.600000000000 0.002257442598
4.200000000000 3.600000000000 0.005069765943
4.400000000000 3.600000000000 0.009503608578
4.600000000000 3.600000000000 0.014684695984
4.800000000000 3.600000000000 0.018870655401

0.000000000000 3.800000000000 0.052554588098
0.200000000000 3.800000000000 0.048355426297
0.400000000000 3.800000000000 0.038125654753
0.600000000000 3.800000000000 0.025839918161
0.800000000000 3.800000000000 0.015035906951
1.000000000000 3.800000000000 0.007462384343
1.200000000000 3.800000000000 0.003115686955
1.400000000000 3.800000000000 0.001063206573
1.600000000000 3.800000000000 0.000275386788
1.800000000000 3.800000000000 0.000044627756
2.000000000000 3.800000000000 0.000003537576
2.200000000000 3.800000000000 -0.000003288360
2.400000000000 3.800000000000 -0.000007536572
2.600000000000 3.800000000000 0.000005021843
2.800000000000 3.800000000000 0.000017110104
3.000000000000 3.800000000000 0.000011184971
3.200000000000 3.800000000000 0.000063406365
3.400000000000 3.800000000000 0.000308511298
3.600000000000 3.800000000000 0.000896871260
3.800000000000 3.800000000000 0.002313962787
4.000000000000 3.800000000000 0.005829161388
4.200000000000 3.800000000000 0.013090353264
4.400000000000 3.800000000000 0.024522320525
4.600000000000 3.800000000000 0.037857903524
4.800000000000 3.800000000000 0.048605977656

0.000000000000 4.000000000000 0.128411205302
0.200000000000 4.000000000000 0.117740473584
0.400000000000 4.000000000000 0.092556892931
0.600000000000 4.000000000000 0.062570956434
0.800000000000 4.000000000000 0.036328788301
1.000000000000 4.000000000000 0.017995949551
1.200000000000 4.000000000000 0.007501640745
1.400000000000 4.000000000000 0.002556335736
1.600000000000 4.000000000000 0.000661484635
1.800000000000 4.000000000000 0.000107604864
2.000000000000 4.000000000000 0.000008595291
2.200000000000 4.000000000000 -0.000008491327
2.400000000000 4.000000000000 -0.000017783526
2.600000000000 4.000000000000 0.000013338205
2.800000000000 4.000000000000 0.000041094527
3.000000000000 4.000000000000 0.000028380379
3.200000000000 4.000000000000 0.000166317178
3.400000000000 4.000000000000 0.000782253129
3.600000000000 4.000000000000 0.002257442598
3.800000000000 4.000000000000 0.005829161388
4.000000000000 4.000000000000 0.014644747895
4.200000000000 4.000000000000 0.032682739834
4.400000000000 4.000000000000 0.060818347766
4.600000000000 4.000000000000 0.093342800249
4.800000000000 4.000000000000 0.119254094995

0.000000000000 4.200000000000 0.275921944375
0.200000000000 4.200000000000 0.252052537206
0.400000000000 4.200000000000 0.197563396878
0.600000000000 4.200000000000 0.133258361403
0.800000000000 4.200000000000 0.077242766838
1.000000000000 4.200000000000 0.038223497575
1.200000000000 4.200000000000 0.015927626089
1.400000000000 4.200000000000 0.005430017119
1.600000000000 4.200000000000 0.001408435859
1.800000000000 4.200000000000 0.000231864571
2.000000000000 4.200000000000 0.000018714116
2.200000000000 4.200000000000 -0.000019119288
2.400000000000 4.200000000000 -0.000036095232
2.600000000000 4.200000000000 0.000030814136
2.800000000000 4.200000000000 0.000086507149
3.000000000000 4.200000000000 0.000067868534
3.200000000000 4.200000000000 0.000395455115
3.400000000000 4.200000000000 0.001771575119
3.600000000000 4.200000000000 0.005069765943
3.800000000000 4.200000000000 0.013090353264
4.000000000000 4.200000000000 0.032682739834
4.200000000000 4.200000000000 0.072213025696
4.400000000000 4.200000000000 0.133117496783
4.600000000000 4.200000000000 0.202742843460
4.800000000000 4.200000000000 0.257462846715

0.000000000000 4.400000000000 0.496875201343
0.200000000000 4.400000000000 0.452728627225
0.400000000000 4.400000000000 0.354240543924
0.600000000000 4.400000000000 0.238695094570
0.800000000000 4.400000000000 0.138313161689
1.000000000000 4.400000000000 0.068472913135
1.200000000000 4.400000000000 0.028570351946
1.400000000000 4.400000000000 0.009765640038
1.600000000000 4.400000000000 0.002547703890
1.800000000000 4.400000000000 0.000427046348
2.000000000000 4.400000000000 0.000035191396
2.200000000000 4.400000000000 -0.000035322943
2.400000000000 4.400000000000 -0.000061291491
2.600000000000 4.400000000000 0.000057940882
2.800000000000 4.400000000000 0.000153085094
3.000000000000 4.400000000000 0.000137152012
3.200000000000 4.400000000000 0.000778003184
3.400000000000 4.400000000000 0.003342264951
3.600000000000 4.400000000000 0.009503608578
3.800000000000 4.400000000000 0.024522320525
4.000000000000 4.400000000000 0.060818347766
4.200000000000 4.400000000000 0.133117496783
4.400000000000 4.400000000000 0.243334307533
4.600000000000 4.400000000000 0.368195049208
4.800000000000 4.400000000000 0.465296818164

0.000000000000 4.600000000000 0.744026730625
0.200000000000 4.600000000000 0.677011849809
0.400000000000 4.600000000000 0.529419429802
0.600000000000 4.600000000000 0.356766352227
0.800000000000 4.600000000000 0.206890840076
1.000000000000 4.600000000000 0.102583238449
1.200000000000 4.600000000000 0.042913023585
1.400000000000 4.600000000000 0.014728473232
1.600000000000 4.600000000000 0.003872806343
1.800000000000 4.600000000000 0.000662745966
2.000000000000 4.600000000000 0.000056240305
2.200000000000 4.600000000000 -0.000053352482
2.400000000000 4.600000000000 -0.000087090872
2.600000000000 4.600000000000 0.000088514962
2.800000000000 4.600000000000 0.000226138221
3.000000000000 4.600000000000 0.000226795713
3.200000000000 4.600000000000 0.001246378276
3.400000000000 4.600000000000 0.005186711975
3.600000000000 4.600000000000 0.014684695984
3.800000000000 4.600000000000 0.037857903524
4.000000000000 4.600000000000 0.093342800249
4.200000000000 4.600000000000 0.202742843460
4.400000000000 4.600000000000 0.368195049208
4.600000000000 4.600000000000 0.554442555569
4.800000000000 4.600000000000 0.698303072871

0.000000000000 4.800000000000 0.934012626730
0.200000000000 4.800000000000 0.849567429584
0.400000000000 4.800000000000 0.664551530766
0.600000000000 4.800000000000 0.448241254016
0.800000000000 4.800000000000 0.260348316545
1.000000000000 4.800000000000 0.129394679239
1.200000000000 4.800000000000 0.054313150452
1.400000000000 4.800000000000 0.018735540287
1.600000000000 4.800000000000 0.004971224604
1.800000000000 4.800000000000 0.000869266160
2.000000000000 4.800000000000 0.000076369669
2.200000000000 4.800000000000 -0.000066762262
2.400000000000 4.800000000000 -0.000104536139
2.600000000000 4.800000000000 0.000111576144
2.800000000000 4.800000000000 0.000280882512
3.000000000000 4.800000000000 0.000308713710
3.200000000000 4.800000000000 0.001644884345
3.400000000000 4.800000000000 0.006683719683
3.600000000000 4.800000000000 0.018870655401
3.800000000000 4.800000000000 0.048605977656
4.000000000000 4.800000000000 0.119254094995
4.200000000000 4.800000000000 0.257462846715
4.400000000000 4.800000000000 0.465296818164
4.600000000000 4.800000000000 0.698303072871
4.800000000000 4.800000000000 0.877624737843

