# x y u
0.000000000000 0.000000000000 0.023329633454
0.200000000000 0.000000000000 0.023789872629
0.400000000000 0.000000000000 0.025144058536
0.600000000000 0.000000000000 0.027313673648
0.800000000000 0.000000000000 0.030171524346
1.000000000000 0.000000000000 0.033547475929
1.200000000000 0.000000000000 0.037236809789
1.400000000000 0.000000000000 0.041011254274
1.600000000000 0.000000000000 0.044632449694
1.800000000000 0.000000000000 0.047867219582
2.000000000000 0.000000000000 0.050503616956
2.200000000000 0.000000000000 0.052366392876
2.400000000000 0.000000000000 0.053330383072
2.600000000000 0.000000000000 0.053330383072
2.800000000000 0.000000000000 0.052366392876
3.000000000000 0.000000000000 0.050503616956
3.200000000000 0.000000000000 0.047867219582
3.400000000000 0.000000000000 0.044632449694
3.600000000000 0.000000000000 0.041011254274
3.800000000000 0.000000000000 0.037236809789
4.000000000000 0.000000000000 0.033547475929
4.200000000000 0.000000000000 0.030171524346
4.400000000000 0.000000000000 0.027313673648
4.600000000000 0.000000000000 0.025144058536
4.800000000000 0.000000000000 0.023789872629

0.000000000000 0.200000000000 0.023789872629
0.200000000000 0.200000000000 0.024259191134
0.400000000000 0.200000000000 0.025640091624
0.600000000000 0.200000000000 0.027852507613
0.800000000000 0.200000000000 0.030766736262
1.000000000000 0.200000000000 0.034209286538
1.200000000000 0.200000000000 0.037971401256
1.400000000000 0.200000000000 0.041820305557
1.600000000000 0.200000000000 0.045512937546
1.800000000000 0.200000000000 0.048811520816
2.000000000000 0.200000000000 0.051499927251
2.200000000000 0.200000000000 0.053399450738
2.400000000000 0.200000000000 0.054382457867
2.600000000000 0.200000000000 0.054382457867
2.800000000000 0.200000000000 0.053399450738
3.000000000000 0.200000000000 0.051499927251
3.200000000000 0.200000000000 0.048811520816
3.400000000000 0.200000000000 0.045512937546
3.600000000000 0.200000000000 0.041820305557
3.800000000000 0.200000000000 0.037971401256
4.000000000000 0.200000000000 0.034209286538
4.200000000000 0.200000000000 0.030766736262
4.400000000000 0.200000000000 0.027852507613
4.600000000000 0.200000000000 0.025640091624
4.800000000000 0.200000000000 0.024259191134

0.000000000000 0.400000000000 0.025144058536
0.200000000000 0.400000000000 0.025640091624
0.400000000000 0.400000000000 0.027099595821
0.600000000000 0.400000000000 0.029437947054
0.800000000000 0.400000000000 0.032518059482
1.000000000000 0.400000000000 0.036156566555
1.200000000000 0.400000000000 0.040132828173
1.400000000000 0.400000000000 0.044200819459
1.600000000000 0.400000000000 0.048103642978
1.800000000000 0.400000000000 0.051589987673
2.000000000000 0.400000000000 0.054431423069
2.200000000000 0.400000000000 0.056439070831
2.400000000000 0.400000000000 0.057478032471
2.600000000000 0.400000000000 0.057478032471
2.800000000000 0.400000000000 0.056439070831
3.000000000000 0.400000000000 0.054431423069
3.200000000000 0.400000000000 0.051589987673
3.400000000000 0.400000000000 0.048103642978
3.600000000000 0.400000000000 0.044200819459
3.800000000000 0.400000000000 0.040132828173
4.000000000000 0.400000000000 0.036156566555
4.200000000000 0.400000000000 0.032518059482
4.400000000000 0.400000000000 0.029437947054
4.600000000000 0.400000000000 0.027099595821
4.800000000000 0.400000000000 0.025640091624

0.000000000000 0.600000000000 0.027313673648
0.200000000000 0.600000000000 0.027852507613
0.400000000000 0.600000000000 0.029437947054
0.600000000000 0.600000000000 0.031978065942
0.800000000000 0.600000000000 0.035323949725
1.000000000000 0.600000000000 0.039276409758
1.200000000000 0.600000000000 0.043595767681
1.400000000000 0.600000000000 0.048014770044
1.600000000000 0.600000000000 0.052254352747
1.800000000000 0.600000000000 0.056041520147
2.000000000000 0.600000000000 0.059128131491
2.200000000000 0.600000000000 0.061309010982
2.400000000000 0.600000000000 0.062437620360
2.600000000000 0.600000000000 0.062437620360
2.800000000000 0.600000000000 0.061309010982
3.000000000000 0.600000000000 0.059128131491
3.200000000000 0.600000000000 0.056041520147
3.400000000000 0.600000000000 0.052254352747
3.600000000000 0.600000000000 0.048014770044
3.800000000000 0.600000000000 0.043595767681
4.000000000000 0.600000000000 0.039276409758
4.200000000000 0.600000000000 0.035323949725
4.400000000000 0.600000000000 0.031978065942
4.600000000000 0.600000000000 0.029437947054
4.800000000000 0.600000000000 0.027852507613

0.000000000000 0.800000000000 0.030171524346
0.200000000000 0.800000000000 0.030766736262
0.400000000000 0.800000000000 0.032518059482
0.600000000000 0.800000000000 0.035323949725
0.800000000000 0.800000000000 0.039019911487
1.000000000000 0.800000000000 0.043385915020
1.200000000000 0.800000000000 0.048157204483
1.400000000000 0.800000000000 0.053038563839
1.600000000000 0.800000000000 0.057721730724
1.800000000000 0.800000000000 0.061905146239
2.000000000000 0.800000000000 0.065314706966
2.200000000000 0.800000000000 0.067723769848
2.400000000000 0.800000000000 0.068970464549
2.600000000000 0.800000000000 0.068970464549
2.800000000000 0.800000000000 0.067723769848
3.000000000000 0.800000000000 0.065314706966
3.200000000000 0.800000000000 0.061905146239
3.400000000000 0.800000000000 0.057721730724
3.600000000000 0.800000000000 0.053038563839
3.800000000000 0.800000000000 0.048157204483
4.000000000000 0.800000000000 0.043385915020
4.200000000000 0.800000000000 0.039019911487
4.400000000000 0.800000000000 0.035323949725
4.600000000000 0.800000000000 0.032518059482
4.800000000000 0.800000000000 0.030766736262

0.000000000000 1.000000000000 0.033547475929
0.200000000000 1.000000000000 0.034209286538
0.400000000000 1.000000000000 0.036156566555
0.600000000000 1.000000000000 0.039276409758
0.800000000000 1.000000000000 0.043385915020
1.000000000000 1.000000000000 0.048240433215
1.200000000000 1.000000000000 0.053545584726
1.400000000000 1.000000000000 0.058973121599
1.600000000000 1.000000000000 0.064180289869
1.800000000000 1.000000000000 0.068831789159
2.000000000000 1.000000000000 0.072622846627
2.200000000000 1.000000000000 0.075301460170
2.400000000000 1.000000000000 0.076687647832
2.600000000000 1.000000000000 0.076687647832
2.800000000000 1.000000000000 0.075301460170
3.000000000000 1.000000000000 0.072622846627
3.200000000000 1.000000000000 0.068831789159
3.400000000000 1.000000000000 0.064180289869
3.600000000000 1.000000000000 0.058973121599
3.800000000000 1.000000000000 0.053545584726
4.000000000000 1.000000000000 0.048240433215
4.200000000000 1.000000000000 0.043385915020
4.400000000000 1.000000000000 0.039276409758
4.600000000000 1.000000000000 0.036156566555
4.800000000000 1.000000000000 0.034209286538

0.000000000000 1.200000000000 0.037236809789
0.200000000000 1.200000000000 0.037971401256
0.400000000000 1.200000000000 0.040132828173
0.600000000000 1.200000000000 0.043595767681
0.800000000000 1.200000000000 0.048157204483
1.000000000000 1.200000000000 0.053545584726
1.200000000000 1.200000000000 0.059434155128
1.400000000000 1.200000000000 0.065458569562
1.600000000000 1.200000000000 0.071238380707
1.800000000000 1.200000000000 0.076401414588
2.000000000000 1.200000000000 0.080609381994
2.200000000000 1.200000000000 0.083582567774
2.400000000000 1.200000000000 0.085121197106
2.600000000000 1.200000000000 0.085121197106
2.800000000000 1.200000000000 0.083582567774
3.000000000000 1.200000000000 0.080609381994
3.200000000000 1.200000000000 0.076401414588
3.400000000000 1.200000000000 0.071238380707
3.600000000000 1.200000000000 0.065458569562
3.800000000000 1.200000000000 0.059434155128
4.000000000000 1.200000000000 0.053545584726
4.200000000000 1.200000000000 0.048157204483
4.400000000000 1.200000000000 0.043595767681
4.600000000000 1.200000000000 0.040132828173
4.800000000000 1.200000000000 0.037971401256

0.000000000000 1.400000000000 0.041011254274
0.200000000000 1.400000000000 0.041820305557
0.400000000000 1.400000000000 0.044200819459
0.600000000000 1.400000000000 0.048014770044
0.800000000000 1.400000000000 0.053038563839
1.000000000000 1.400000000000 0.058973121599
1.200000000000 1.400000000000 0.065458569562
1.400000000000 1.400000000000 0.072093630689
1.600000000000 1.400000000000 0.078459294771
1.800000000000 1.400000000000 0.084145663618
2.000000000000 1.400000000000 0.088780158474
2.200000000000 1.400000000000 0.092054711844
2.400000000000 1.400000000000 0.093749299455
2.600000000000 1.400000000000 0.093749299455
2.800000000000 1.400000000000 0.092054711844
3.000000000000 1.400000000000 0.088780158474
3.200000000000 1.400000000000 0.084145663618
3.400000000000 1.400000000000 0.078459294771
3.600000000000 1.400000000000 0.072093630689
3.800000000000 1.400000000000 0.065458569562
4.000000000000 1.400000000000 0.058973121599
4.200000000000 1.400000000000 0.053038563839
4.400000000000 1.400000000000 0.048014770044
4.600000000000 1.400000000000 0.044200819459
4.800000000000 1.400000000000 0.041820305557

0.000000000000 1.600000000000 0.044632449694
0.200000000000 1.600000000000 0.045512937546
0.400000000000 1.600000000000 0.048103642978
0.600000000000 1.600000000000 0.052254352747
0.800000000000 1.600000000000 0.057721730724
1.000000000000 1.600000000000 0.064180289869
1.200000000000 1.600000000000 0.071238380707
1.400000000000 1.600000000000 0.078459294771
1.600000000000 1.600000000000 0.085387024715
1.800000000000 1.600000000000 0.091575479826
2.000000000000 1.600000000000 0.096619184053
2.200000000000 1.600000000000 0.100182868735
2.400000000000 1.600000000000 0.102027082328
2.600000000000 1.600000000000 0.102027082328
2.800000000000 1.600000000000 0.100182868735
3.000000000000 1.600000000000 0.096619184053
3.200000000000 1.600000000000 0.091575479826
3.400000000000 1.600000000000 0.085387024715
3.600000000000 1.600000000000 0.078459294771
3.800000000000 1.600000000000 0.071238380707
4.000000000000 1.600000000000 0.064180289869
4.200000000000 1.600000000000 0.057721730724
4.400000000000 1.600000000000 0.052254352747
4.600000000000 1.600000000000 0.048103642978
4.800000000000 1.600000000000 0.045512937546

0.000000000000 1.800000000000 0.047867219582
0.200000000000 1.800000000000 0.048811520816
0.400000000000 1.800000000000 0.051589987673
0.600000000000 1.800000000000 0.056041520147
0.800000000000 1.800000000000 0.061905146239
1.000000000000 1.800000000000 0.068831789159
1.200000000000 1.800000000000 0.076401414588
1.400000000000 1.800000000000 0.084145663618
1.600000000000 1.800000000000 0.091575479826
1.800000000000 1.800000000000 0.098212442189
2.000000000000 1.800000000000 0.103621687920
2.200000000000 1.800000000000 0.107443649907
2.400000000000 1.800000000000 0.109421522476
2.600000000000 1.800000000000 0.109421522476
2.800000000000 1.800000000000 0.107443649907
3.000000000000 1.800000000000 0.103621687920
3.200000000000 1.800000000000 0.098212442189
3.400000000000 1.800000000000 0.091575479826
3.600000000000 1.800000000000 0.084145663618
3.800000000000 1.800000000000 0.076401414588
4.000000000000 1.800000000000 0.068831789159
4.200000000000 1.800000000000 0.061905146239
4.400000000000 1.800000000000 0.056041520147
4.600000000000 1.800000000000 0.051589987673
4.800000000000 1.800000000000 0.048811520816

0.000000000000 2.000000000000 0.050503616956
0.200000000000 2.000000000000 0.051499927251
0.400000000000 2.000000000000 0.054431423069
0.600000000000 2.000000000000 0.059128131491
0.800000000000 2.000000000000 0.065314706966
1.000000000000 2.000000000000 0.072622846627
1.200000000000 2.000000000000 0.080609381994
1.400000000000 2.000000000000 0.088780158474
1.600000000000 2.000000000000 0.096619184053
1.800000000000 2.000000000000 0.103621687920
2.000000000000 2.000000000000 0.109328856569
2.200000000000 2.000000000000 0.113361319218
2.400000000000 2.000000000000 0.115448126261
2.600000000000 2.000000000000 0.115448126261
2.800000000000 2.000000000000 0.113361319218
3.000000000000 2.000000000000 0.109328856569
3.200000000000 2.000000000000 0.103621687920
3.400000000000 2.000000000000 0.096619184053
3.600000000000 2.000000000000 0.088780158474
3.800000000000 2.000000000000 0.080609381994
4.000000000000 2.000000000000 0.072622846627
4.200000000000 2.000000000000 0.065314706966
4.400000000000 2.000000000000 0.059128131491
4.600000000000 2.000000000000 0.054431423069
4.800000000000 2.000000000000 0.051499927251

0.000000000000 2.200000000000 0.052366392876
0.200000000000 2.200000000000 0.053399450738
0.400000000000 2.200000000000 0.056439070831
0.600000000000 2.200000000000 0.061309010982
0.800000000000 2.200000000000 0.067723769848
1.000000000000 2.200000000000 0.075301460170
1.200000000000 2.200000000000 0.083582567774
1.400000000000 2.200000000000 0.092054711844
1.600000000000 2.200000000000 0.100182868735
1.800000000000 2.200000000000 0.107443649907
2.000000000000 2.200000000000 0.113361319218
2.200000000000 2.200000000000 0.117542513386
2.400000000000 2.200000000000 0.119706289260
2.600000000000 2.200000000000 0.119706289260
2.800000000000 2.200000000000 0.117542513386
3.000000000000 2.200000000000 0.113361319218
3.200000000000 2.200000000000 0.107443649907
3.400000000000 2.200000000000 0.100182868735
3.600000000000 2.200000000000 0.092054711844
3.800000000000 2.200000000000 0.083582567774
4.000000000000 2.200000000000 0.075301460170
4.200000000000 2.200000000000 0.067723769848
4.400000000000 2.200000000000 0.061309010982
4.600000000000 2.200000000000 0.056439070831
4.800000000000 2.200000000000 0.053399450738

0.000000000000 2.400000000000 0.053330383072
0.200000000000 2.400000000000 0.054382457867
0.400000000000 2.400000000000 0.057478032471
0.600000000000 2.400000000000 0.062437620360
0.800000000000 2.400000000000 0.068970464549
1.000000000000 2.400000000000 0.076687647832
1.200000000000 2.400000000000 0.085121197106
1.400000000000 2.400000000000 0.093749299455
1.600000000000 2.400000000000 0.102027082328
1.800000000000 2.400000000000 0.109421522476
2.000000000000 2.400000000000 0.115448126261
2.200000000000 2.400000000000 0.119706289260
2.400000000000 2.400000000000 0.121909896644
2.600000000000 2.400000000000 0.121909896644
2.800000000000 2.400000000000 0.119706289260
3.000000000000 2.400000000000 0.115448126261
3.200000000000 2.400000000000 0.109421522476
3.400000000000 2.400000000000 0.102027082328
3.600000000000 2.400000000000 0.093749299455
3.800000000000 2.400000000000 0.085121197106
4.000000000000 2.400000000000 0.076687647832
4.200000000000 2.400000000000 0.068970464549
4.400000000000 2.400000000000 0.062437620360
4.600000000000 2.400000000000 0.057478032471
4.800000000000 2.400000000000 0.054382457867

0.000000000000 2.600000000000 0.053330383072
0.200000000000 2.600000000000 0.054382457867
0.400000000000 2.600000000000 0.057478032471
0.600000000000 2.600000000000 0.062437620360
0.800000000000 2.600000000000 0.068970464549
1.000000000000 2.600000000000 0.076687647832
1.200000000000 2.600000000000 0.085121197106
1.400000000000 2.600000000000 0.093749299455
1.600000000000 2.600000000000 0.102027082328
1.800000000000 2.600000000000 0.109421522476
2.000000000000 2.600000000000 0.115448126261
2.200000000000 2.600000000000 0.119706289260
2.400000000000 2.600000000000 0.121909896644
2.600000000000 2.600000000000 0.121909896644
2.800000000000 2.600000000000 0.119706289260
3.000000000000 2.600000000000 0.115448126261
3.200000000000 2.600000000000 0.109421522476
3.400000000000 2.600000000000 0.102027082328
3.600000000000 2.600000000000 0.093749299455
3.800000000000 2.600000000000 0.085121197106
4.000000000000 2.600000000000 0.076687647832
4.200000000000 2.600000000000 0.068970464549
4.400000000000 2.600000000000 0.062437620360
4.600000000000 2.600000000000 0.057478032471
4.800000000000 2.600000000000 0.054382457867

0.000000000000 2.800000000000 0.052366392876
0.200000000000 2.800000000000 0.053399450738
0.400000000000 2.800000000000 0.056439070831
0.600000000000 2.800000000000 0.061309010982
0.800000000000 2.800000000000 0.067723769848
1.000000000000 2.800000000000 0.075301460170
1.200000000000 2.800000000000 0.083582567774
1.400000000000 2.800000000000 0.092054711844
1.600000000000 2.800000000000 0.100182868735
1.800000000000 2.800000000000 0.107443649907
2.000000000000 2.800000000000 0.113361319218
2.200000000000 2.800000000000 0.117542513386
2.400000000000 2.800000000000 0.119706289260
2.600000000000 2.800000000000 0.119706289260
2.800000000000 2.800000000000 0.117542513386
3.000000000000 2.800000000000 0.113361319218
3.200000000000 2.800000000000 0.107443649907
3.400000000000 2.800000000000 0.100182868735
3.600000000000 2.800000000000 0.092054711844
3.800000000000 2.800000000000 0.083582567774
4.000000000000 2.800000000000 0.075301460170
4.200000000000 2.800000000000 0.067723769848
4.400000000000 2.800000000000 0.061309010982
4.600000000000 2.800000000000 0.056439070831
4.800000000000 2.800000000000 0.053399450738

0.000000000000 3.000000000000 0.050503616956
0.200000000000 3.000000000000 0.051499927251
0.400000000000 3.000000000000 0.054431423069
0.600000000000 3.000000000000 0.059128131491
0.800000000000 3.000000000000 0.065314706966
1.000000000000 3.000000000000 0.072622846627
1.200000000000 3.000000000000 0.080609381994
1.400000000000 3.000000000000 0.088780158474
1.600000000000 3.000000000000 0.096619184053
1.800000000000 3.000000000000 0.103621687920
2.000000000000 3.000000000000 0.109328856569
2.200000000000 3.000000000000 0.113361319218
2.400000000000 3.000000000000 0.115448126261
2.600000000000 3.000000000000 0.115448126261
2.800000000000 3.000000000000 0.113361319218
3.000000000000 3.000000000000 0.109328856569
3.200000000000 3.000000000000 0.103621687920
3.400000000000 3.000000000000 0.096619184053
3.600000000000 3.000000000000 0.088780158474
3.800000000000 3.000000000000 0.080609381994
4.000000000000 3.000000000000 0.072622846627
4.200000000000 3.000000000000 0.065314706966
4.400000000000 3.000000000000 0.059128131491
4.600000000000 3.000000000000 0.054431423069
4.800000000000 3.000000000000 0.051499927251

0.000000000000 3.200000000000 0.047867219582
0.200000000000 3.200000000000 0.048811520816
0.400000000000 3.200000000000 0.051589987673
0.600000000000 3.200000000000 0.056041520147
0.800000000000 3.200000000000 0.061905146239
1.000000000000 3.200000000000 0.068831789159
1.200000000000 3.200000000000 0.076401414588
1.400000000000 3.200000000000 0.084145663618
1.600000000000 3.200000000000 0.091575479826
1.800000000000 3.200000000000 0.098212442189
2.000000000000 3.200000000000 0.103621687920
2.200000000000 3.200000000000 0.107443649907
2.400000000000 3.200000000000 0.109421522476
2.600000000000 3.200000000000 0.109421522476
2.800000000000 3.200000000000 0.107443649907
3.000000000000 3.200000000000 0.103621687920
3.200000000000 3.200000000000 0.098212442189
3.400000000000 3.200000000000 0.091575479826
3.600000000000 3.200000000000 0.084145663618
3.800000000000 3.200000000000 0.076401414588
4.000000000000 3.200000000000 0.068831789159
4.200000000000 3.200000000000 0.061905146239
4.400000000000 3.200000000000 0.056041520147
4.600000000000 3.200000000000 0.051589987673
4.800000000000 3.200000000000 0.048811520816

0.000000000000 3.400000000000 0.044632449694
0.200000000000 3.400000000000 0.045512937546
0.400000000000 3.400000000000 0.048103642978
0.600000000000 3.400000000000 0.052254352747
0.800000000000 3.400000000000 0.057721730724
1.000000000000 3.400000000000 0.064180289869
1.200000000000 3.400000000000 0.071238380707
1.400000000000 3.400000000000 0.078459294771
1.600000000000 3.400000000000 0.085387024715
1.800000000000 3.400000000000 0.091575479826
2.000000000000 3.400000000000 0.096619184053
2.200000000000 3.400000000000 0.100182868735
2.400000000000 3.400000000000 0.102027082328
2.600000000000 3.400000000000 0.102027082328
2.800000000000 3.400000000000 0.100182868735
3.000000000000 3.400000000000 0.096619184053
3.200000000000 3.400000000000 0.091575479826
3.400000000000 3.400000000000 0.085387024715
3.600000000000 3.400000000000 0.078459294771
3.800000000000 3.400000000000 0.071238380707
4.000000000000 3.400000000000 0.064180289869
4.200000000000 3.400000000000 0.057721730724
4.400000000000 3.400000000000 0.052254352747
4.600000000000 3.400000000000 0.048103642978
4.800000000000 3.400000000000 0.045512937546

0.000000000000 3.600000000000 0.041011254274
0.200000000000 3.600000000000 0.041820305557
0.400000000000 3.600000000000 0.044200819459
0.600000000000 3.600000000000 0.048014770044
0.800000000000 3.600000000000 0.053038563839
1.000000000000 3.600000000000 0.058973121599
1.200000000000 3.600000000000 0.065458569562
1.400000000000 3.600000000000 0.072093630689
1.600000000000 3.600000000000 0.078459294771
1.800000000000 3.600000000000 0.084145663618
2.000000000000 3.600000000000 0.088780158474
2.200000000000 3.600000000000 0.092054711844
2.400000000000 3.600000000000 0.093749299455
2.600000000000 3.600000000000 0.093749299455
2.800000000000 3.600000000000 0.092054711844
3.000000000000 3.600000000000 0.088780158474
3.200000000000 3.600000000000 0.084145663618
3.400000000000 3.600000000000 0.078459294771
3.600000000000 3.600000000000 0.072093630689
3.800000000000 3.600000000000 0.065458569562
4.000000000000 3.600000000000 0.058973121599
4.200000000000 3.600000000000 0.053038563839
4.400000000000 3.600000000000 0.048014770044
4.600000000000 3.600000000000 0.044200819459
4.800000000000 3.600000000000 0.041820305557

0.000000000000 3.800000000000 0.037236809789
0.200000000000 3.800000000000 0.037971401256
0.400000000000 3.800000000000 0.040132828173
0.600000000000 3.800000000000 0.043595767681
0.800000000000 3.800000000000 0.048157204483
1.000000000000 3.800000000000 0.053545584726
1.200000000000 3.800000000000 0.059434155128
1.400000000000 3.800000000000 0.065458569562
1.600000000000 3.800000000000 0.071238380707
1.800000000000 3.800000000000 0.076401414588
2.000000000000 3.800000000000 0.080609381994
2.200000000000 3.800000000000 0.083582567774
2.400000000000 3.800000000000 0.085121197106
2.600000000000 3.800000000000 0.085121197106
2.800000000000 3.800000000000 0.083582567774
3.000000000000 3.800000000000 0.080609381994
3.200000000000 3.800000000000 0.076401414588
3.400000000000 3.800000000000 0.071238380707
3.600000000000 3.800000000000 0.065458569562
3.800000000000 3.800000000000 0.059434155128
4.000000000000 3.800000000000 0.053545584726
4.200000000000 3.800000000000 0.048157204483
4.400000000000 3.800000000000 0.043595767681
4.600000000000 3.800000000000 0.040132828173
4.800000000000 3.800000000000 0.037971401256

0.000000000000 4.000000000000 0.033547475929
0.200000000000 4.000000000000 0.034209286538
0.400000000000 4.000000000000 0.036156566555
0.600000000000 4.000000000000 0.039276409758
0.800000000000 4.000000000000 0.043385915020
1.000000000000 4.000000000000 0.048240433215
1.200000000000 4.000000000000 0.053545584726
1.400000000000 4.000000000000 0.058973121599
1.600000000000 4.000000000000 0.064180289869
1.800000000000 4.000000000000 0.068831789159
2.000000000000 4.000000000000 0.072622846627
2.200000000000 4.000000000000 0.075301460170
2.400000000000 4.000000000000 0.076687647832
2.600000000000 4.000000000000 0.076687647832
2.800000000000 4.000000000000 0.075301460170
3.000000000000 4.000000000000 0.072622846627
3.200000000000 4.000000000000 0.068831789159
3.400000000000 4.000000000000 0.064180289869
3.600000000000 4.000000000000 0.058973121599
3.800000000000 4.000000000000 0.053545584726
4.000000000000 4.000000000000 0.048240433215
4.200000000000 4.000000000000 0.043385915020
4.400000000000 4.000000000000 0.039276409758
4.600000000000 4.000000000000 0.036156566555
4.800000000000 4.000000000000 0.034209286538

0.000000000000 4.200000000000 0.030171524346
0.200000000000 4.200000000000 0.030766736262
0.400000000000 4.200000000000 0.032518059482
0.600000000000 4.200000000000 0.035323949725
0.800000000000 4.200000000000 0.039019911487
1.000000000000 4.200000000000 0.043385915020
1.200000000000 4.200000000000 0.048157204483
1.400000000000 4.200000000000 0.053038563839
1.600000000000 4.200000000000 0.057721730724
1.800000000000 4.200000000000 0.061905146239
2.000000000000 4.200000000000 0.065314706966
2.200000000000 4.200000000000 0.067723769848
2.400000000000 4.200000000000 0.068970464549
2.600000000000 4.200000000000 0.068970464549
2.800000000000 4.200000000000 0.067723769848
3.000000000000 4.200000000000 0.065314706966
3.200000000000 4.200000000000 0.061905146239
3.400000000000 4.200000000000 0.057721730724
3.600000000000 4.200000000000 0.053038563839
3.800000000000 4.200000000000 0.048157204483
4.000000000000 4.200000000000 0.043385915020
4.200000000000 4.200000000000 0.039019911487
4.400000000000 4.200000000000 0.035323949725
4.600000000000 4.200000000000 0.032518059482
4.800000000000 4.200000000000 0.030766736262

0.000000000000 4.400000000000 0.027313673648
0.200000000000 4.400000000000 0.027852507613
0.400000000000 4.400000000000 0.029437947054
0.600000000000 4.400000000000 0.031978065942
0.800000000000 4.400000000000 0.035323949725
1.000000000000 4.400000000000 0.039276409758
1.200000000000 4.400000000000 0.043595767681
1.400000000000 4.400000000000 0.048014770044
1.600000000000 4.400000000000 0.052254352747
1.800000000000 4.400000000000 0.056041520147
2.000000000000 4.400000000000 0.059128131491
2.200000000000 4.400000000000 0.061309010982
2.400000000000 4.400000000000 0.062437620360
2.600000000000 4.400000000000 0.062437620360
2.800000000000 4.400000000000 0.061309010982
3.000000000000 4.400000000000 0.059128131491
3.200000000000 4.400000000000 0.056041520147
3.400000000000 4.400000000000 0.052254352747
3.600000000000 4.400000000000 0.048014770044
3.800000000000 4.400000000000 0.043595767681
4.000000000000 4.400000000000 0.039276409758
4.200000000000 4.400000000000 0.035323949725
4.400000000000 4.400000000000 0.031978065942
4.600000000000 4.400000000000 0.029437947054
4.800000000000 4.400000000000 0.027852507613

0.000000000000 4.600000000000 0.025144058536
0.200000000000 4.600000000000 0.025640091624
0.400000000000 4.600000000000 0.027099595821
0.600000000000 4.600000000000 0.029437947054
0.800000000000 4.600000000000 0.032518059482
1.000000000000 4.600000000000 0.036156566555
1.200000000000 4.600000000000 0.040132828173
1.400000000000 4.600000000000 0.044200819459
1.600000000000 4.600000000000 0.048103642978
1.800000000000 4.600000000000 0.051589987673
2.000000000000 4.600000000000 0.054431423069
2.200000000000 4.600000000000 0.056439070831
2.400000000000 4.600000000000 0.057478032471
2.600000000000 4.600000000000 0.057478032471
2.800000000000 4.600000000000 0.056439070831
3.000000000000 4.600000000000 0.054431423069
3.200000000000 4.600000000000 0.051589987673
3.400000000000 4.600000000000 0.048103642978
3.600000000000 4.600000000000 0.044200819459
3.800000000000 4.600000000000 0.040132828173
4.000000000000 4.600000000000 0.036156566555
4.200000000000 4.600000000000 0.032518059482
4.400000000000 4.600000000000 0.029437947054
4.600000000000 4.600000000000 0.027099595821
4.800000000000 4.600000000000 0.025640091624

0.000000000000 4.800000000000 0.023789872629
0.200000000000 4.800000000000 0.024259191134
0.400000000000 4.800000000000 0.025640091624
0.600000000000 4.800000000000 0.027852507613
0.800000000000 4.800000000000 0.030766736262
1.000000000000 4.800000000000 0.034209286538
1.200000000000 4.800000000000 0.037971401256
1.400000000000 4.800000000000 0.041820305557
1.600000000000 4.800000000000 0.045512937546
1.800000000000 4.800000000000 0.048811520816
2.000000000000 4.800000000000 0.051499927251
2.200000000000 4.800000000000 0.053399450738
2.400000000000 4.800000000000 0.054382457867
2.600000000000 4.800000000000 0.054382457867
2.800000000000 4.800000000000 0.053399450738
3.000000000000 4.800000000000 0.051499927251
3.200000000000 4.800000000000 0.048811520816
3.400000000000 4.800000000000 0.045512937546
3.600000000000 4.800000000000 0.041820305557
3.800000000000 4.800000000000 0.037971401256
4.000000000000 4.800000000000 0.034209286538
4.200000000000 4.800000000000 0.030766736262
4.400000000000 4.800000000000 0.027852507613
4.600000000000 4.800000000000 0.025640091624
4.800000000000 4.800000000000 0.024259191134

