# x y u
0.000000000000 0.000000000000 0.000127868790
0.200000000000 0.000000000000 0.000035011843
0.400000000000 0.000000000000 0.000007990764
0.600000000000 0.000000000000 0.000001501248
0.800000000000 0.000000000000 0.000000215687
1.000000000000 0.000000000000 0.000000061351
1.200000000000 0.000000000000 0.000000350362
1.400000000000 0.000000000000 0.000001888280
1.600000000000 0.000000000000 0.000008748514
1.800000000000 0.000000000000 0.000035268647
2.000000000000 0.000000000000 0.000123512053
2.200000000000 0.000000000000 0.000373809020
2.400000000000 0.000000000000 0.000973373833
2.600000000000 0.000000000000 0.002170897781
2.800000000000 0.000000000000 0.004132028107
3.000000000000 0.000000000000 0.006696616329
3.200000000000 0.000000000000 0.009234185168
3.400000000000 0.000000000000 0.010839379049
3.600000000000 0.000000000000 0.010843990855
3.800000000000 0.000000000000 0.009258328317
4.000000000000 0.000000000000 0.006752671924
4.200000000000 0.000000000000 0.004208922510
4.400000000000 0.000000000000 0.002240536821
4.600000000000 0.000000000000 0.001016792733
4.800000000000 0.000000000000 0.000392124303

0.000000000000 0.200000000000 0.000035011843
0.200000000000 0.200000000000 0.000009605754
0.400000000000 0.200000000000 0.000002197075
0.600000000000 0.200000000000 0.000000413773
0.800000000000 0.200000000000 0.000000059700
1.000000000000 0.200000000000 0.000000016742
1.200000000000 0.200000000000 0.000000094647
1.400000000000 0.200000000000 0.000000510055
1.600000000000 0.200000000000 0.000002362891
1.800000000000 0.200000000000 0.000009525077
2.000000000000 0.200000000000 0.000033357669
2.200000000000 0.200000000000 0.000100967914
2.400000000000 0.200000000000 0.000262970806
2.600000000000 0.200000000000 0.000586696069
2.800000000000 0.200000000000 0.001117215589
3.000000000000 0.200000000000 0.001811682174
3.200000000000 0.200000000000 0.002499930948
3.400000000000 0.200000000000 0.002936861696
3.600000000000 0.200000000000 0.002940780375
3.800000000000 0.200000000000 0.002513301583
4.000000000000 0.200000000000 0.001835150643
4.200000000000 0.200000000000 0.001145247572
4.400000000000 0.200000000000 0.000610471963
4.600000000000 0.200000000000 0.000277453295
4.800000000000 0.200000000000 0.000107174274

0.000000000000 0.400000000000 0.000007990764
0.200000000000 0.400000000000 0.000002197075
0.400000000000 0.400000000000 0.000000503703
0.600000000000 0.400000000000 0.000000095111
0.800000000000 0.400000000000 0.000000013785
1.000000000000 0.400000000000 0.000000003802
1.200000000000 0.400000000000 0.000000021256
1.400000000000 0.400000000000 0.000000114557
1.600000000000 0.400000000000 0.000000530709
1.800000000000 0.400000000000 0.000002139436
2.000000000000 0.400000000000 0.000007493495
2.200000000000 0.400000000000 0.000022686797
2.400000000000 0.400000000000 0.000059108213
2.600000000000 0.400000000000 0.000131934272
2.800000000000 0.400000000000 0.000251385932
3.000000000000 0.400000000000 0.000407942763
3.200000000000 0.400000000000 0.000563389410
3.400000000000 0.400000000000 0.000662482497
3.600000000000 0.400000000000 0.000664061687
3.800000000000 0.400000000000 0.000568184956
4.000000000000 0.400000000000 0.000415395770
4.200000000000 0.400000000000 0.000259587725
4.400000000000 0.400000000000 0.000138579521
4.600000000000 0.400000000000 0.000063085890
4.800000000000 0.400000000000 0.000024412361

0.000000000000 0.600000000000 0.000001501248
0.200000000000 0.600000000000 0.000000413773
0.400000000000 0.600000000000 0.000000095111
0.600000000000 0.600000000000 0.000000018012
0.800000000000 0.600000000000 0.000000002624
1.000000000000 0.600000000000 0.000000000710
1.200000000000 0.600000000000 0.000000003921
1.400000000000 0.600000000000 0.000000021133
1.600000000000 0.600000000000 0.000000097907
1.800000000000 0.600000000000 0.000000394716
2.000000000000 0.600000000000 0.000001382747
2.200000000000 0.600000000000 0.000004187480
2.400000000000 0.600000000000 0.000010914503
2.600000000000 0.600000000000 0.000024375320
2.800000000000 0.600000000000 0.000046476372
3.000000000000 0.600000000000 0.000075482986
3.200000000000 0.600000000000 0.000104345371
3.400000000000 0.600000000000 0.000122830378
3.600000000000 0.600000000000 0.000123269724
3.800000000000 0.600000000000 0.000105609673
4.000000000000 0.600000000000 0.000077320208
4.200000000000 0.600000000000 0.000048393456
4.400000000000 0.600000000000 0.000025878139
4.600000000000 0.600000000000 0.000011802244
4.800000000000 0.600000000000 0.000004576310

0.000000000000 0.800000000000 0.000000215687
0.200000000000 0.800000000000 0.000000059700
0.400000000000 0.800000000000 0.000000013785
0.600000000000 0.800000000000 0.000000002624
0.800000000000 0.800000000000 0.000000000385
1.000000000000 0.800000000000 0.000000000101
1.200000000000 0.800000000000 0.000000000542
1.400000000000 0.800000000000 0.000000002923
1.600000000000 0.800000000000 0.000000013549
1.800000000000 0.800000000000 0.000000054647
2.000000000000 0.800000000000 0.000000191564
2.200000000000 0.800000000000 0.000000580646
2.400000000000 0.800000000000 0.000001515159
2.600000000000 0.800000000000 0.000003388545
2.800000000000 0.800000000000 0.000006471643
3.000000000000 0.800000000000 0.000010530598
3.200000000000 0.800000000000 0.000014587785
3.400000000000 0.800000000000 0.000017211340
3.600000000000 0.800000000000 0.000017315388
3.800000000000 0.800000000000 0.000014873683
4.000000000000 0.800000000000 0.000010919955
4.200000000000 0.800000000000 0.000006854987
4.400000000000 0.800000000000 0.000003677328
4.600000000000 0.800000000000 0.000001682831
4.800000000000 0.800000000000 0.000000654903

0.000000000000 1.000000000000 0.000000061351
0.200000000000 1.000000000000 0.000000016742
0.400000000000 1.000000000000 0.000000003802
0.600000000000 1.000000000000 0.000000000710
0.800000000000 1.000000000000 0.000000000101
1.000000000000 1.000000000000 0.000000000023
1.200000000000 1.000000000000 0.000000000137
1.400000000000 1.000000000000 0.000000000755
1.600000000000 1.000000000000 0.000000003565
1.800000000000 1.000000000000 0.000000014639
2.000000000000 1.000000000000 0.000000052221
2.200000000000 1.000000000000 0.000000160919
2.400000000000 1.000000000000 0.000000426345
2.600000000000 1.000000000000 0.000000966474
2.800000000000 1.000000000000 0.000001867169
3.000000000000 1.000000000000 0.000003066484
3.200000000000 1.000000000000 0.000004277608
3.400000000000 1.000000000000 0.000005070857
3.600000000000 1.000000000000 0.000005114824
3.800000000000 1.000000000000 0.000004396120
4.000000000000 1.000000000000 0.000003223110
4.200000000000 1.000000000000 0.000002016629
4.400000000000 1.000000000000 0.000001076139
4.600000000000 1.000000000000 0.000000488893
4.800000000000 1.000000000000 0.000000188478

0.000000000000 1.200000000000 0.000000350362
0.200000000000 1.200000000000 0.000000094647
0.400000000000 1.200000000000 0.000000021256
0.600000000000 1.200000000000 0.000000003921
0.800000000000 1.200000000000 0.000000000542
1.000000000000 1.200000000000 0.000000000137
1.200000000000 1.200000000000 0.000000000853
1.400000000000 1.200000000000 0.000000004697
1.600000000000 1.200000000000 0.000000022141
1.800000000000 1.200000000000 0.000000090776
2.000000000000 1.200000000000 0.000000323159
2.200000000000 1.200000000000 0.000000993384
2.400000000000 1.200000000000 0.000002624293
2.600000000000 1.200000000000 0.000005929067
2.800000000000 1.200000000000 0.000011411354
3.000000000000 1.200000000000 0.000018663055
3.200000000000 1.200000000000 0.000025916767
3.400000000000 1.200000000000 0.000030574558
3.600000000000 1.200000000000 0.000030681143
3.800000000000 1.200000000000 0.000026225705
4.000000000000 1.200000000000 0.000019115540
4.200000000000 1.200000000000 0.000011885071
4.400000000000 1.200000000000 0.000006299175
4.600000000000 1.200000000000 0.000002840531
4.800000000000 1.200000000000 0.000001086163

0.000000000000 1.400000000000 0.000001888280
0.200000000000 1.400000000000 0.000000510055
0.400000000000 1.400000000000 0.000000114557
0.600000000000 1.400000000000 0.000000021133
0.800000000000 1.400000000000 0.000000002923
1.000000000000 1.400000000000 0.000000000755
1.200000000000 1.400000000000 0.000000004697
1.400000000000 1.400000000000 0.000000025814
1.600000000000 1.400000000000 0.000000121475
1.800000000000 1.400000000000 0.000000497208
2.000000000000 1.400000000000 0.000001767062
2.200000000000 1.400000000000 0.000005422899
2.400000000000 1.400000000000 0.000014302891
2.600000000000 1.400000000000 0.000032264586
2.800000000000 1.400000000000 0.000062008042
3.000000000000 1.400000000000 0.000101278313
3.200000000000 1.400000000000 0.000140473175
3.400000000000 1.400000000000 0.000165541765
3.600000000000 1.400000000000 0.000165961463
3.800000000000 1.400000000000 0.000141742894
4.000000000000 1.400000000000 0.000103239537
4.200000000000 1.400000000000 0.000064149186
4.400000000000 1.400000000000 0.000033981790
4.600000000000 1.400000000000 0.000015317173
4.800000000000 1.400000000000 0.000005855114

0.000000000000 1.600000000000 0.000008748514
0.200000000000 1.600000000000 0.000002362891
0.400000000000 1.600000000000 0.000000530709
0.600000000000 1.600000000000 0.000000097907
0.800000000000 1.600000000000 0.000000013549
1.000000000000 1.600000000000 0.000000003565
1.200000000000 1.600000000000 0.000000022141
1.400000000000 1.600000000000 0.000000121475
1.600000000000 1.600000000000 0.000000570886
1.800000000000 1.600000000000 0.000002333680
2.000000000000 1.600000000000 0.000008283060
2.200000000000 1.600000000000 0.000025386960
2.400000000000 1.600000000000 0.000066873461
2.600000000000 1.600000000000 0.000150670143
2.800000000000 1.600000000000 0.000289234607
3.000000000000 1.600000000000 0.000471908248
3.200000000000 1.600000000000 0.000653905666
3.400000000000 1.600000000000 0.000769931773
3.600000000000 1.600000000000 0.000771286637
3.800000000000 1.600000000000 0.000658282638
4.000000000000 1.600000000000 0.000479177225
4.200000000000 1.600000000000 0.000297587793
4.400000000000 1.600000000000 0.000157571657
4.600000000000 1.600000000000 0.000070999077
4.800000000000 1.600000000000 0.000027132343

0.000000000000 1.800000000000 0.000035268647
0.200000000000 1.800000000000 0.000009525077
0.400000000000 1.800000000000 0.000002139436
0.600000000000 1.800000000000 0.000000394716
0.800000000000 1.800000000000 0.000000054647
1.000000000000 1.800000000000 0.000000014639
1.200000000000 1.800000000000 0.000000090776
1.400000000000 1.800000000000 0.000000497208
1.600000000000 1.800000000000 0.000002333680
1.800000000000 1.800000000000 0.000009527589
2.000000000000 1.800000000000 0.000033773469
2.200000000000 1.800000000000 0.000103381610
2.400000000000 1.800000000000 0.000271985186
2.600000000000 1.800000000000 0.000612065934
2.800000000000 1.800000000000 0.001173629840
3.000000000000 1.800000000000 0.001912873747
3.200000000000 1.800000000000 0.002648095004
3.400000000000 1.800000000000 0.003115321648
3.600000000000 1.800000000000 0.003118456472
3.800000000000 1.800000000000 0.002659795814
4.000000000000 1.800000000000 0.001934998879
4.200000000000 1.800000000000 0.001201111620
4.400000000000 1.800000000000 0.000635717806
4.600000000000 1.800000000000 0.000286346352
4.800000000000 1.800000000000 0.000109399399

0.000000000000 2.000000000000 0.000123512053
0.200000000000 2.000000000000 0.000033357669
0.400000000000 2.000000000000 0.000007493495
0.600000000000 2.000000000000 0.000001382747
0.800000000000 2.000000000000 0.000000191564
1.000000000000 2.000000000000 0.000000052221
1.200000000000 2.000000000000 0.000000323159
1.400000000000 2.000000000000 0.000001767062
1.600000000000 2.000000000000 0.000008283060
1.800000000000 2.000000000000 0.000033773469
2.000000000000 2.000000000000 0.000119565837
2.200000000000 2.000000000000 0.000365527457
2.400000000000 2.000000000000 0.000960463148
2.600000000000 2.000000000000 0.002158816308
2.800000000000 2.000000000000 0.004134887176
3.000000000000 2.000000000000 0.006732470568
3.200000000000 2.000000000000 0.009311543666
3.400000000000 2.000000000000 0.010945503233
3.600000000000 2.000000000000 0.010948646846
3.800000000000 2.000000000000 0.009332497636
4.000000000000 2.000000000000 0.006785751124
4.200000000000 2.000000000000 0.004210227042
4.400000000000 2.000000000000 0.002227553893
4.600000000000 2.000000000000 0.001003077644
4.800000000000 2.000000000000 0.000383156209

0.000000000000 2.200000000000 0.000373809020
0.200000000000 2.200000000000 0.000100967914
0.400000000000 2.200000000000 0.000022686797
0.600000000000 2.200000000000 0.000004187480
0.800000000000 2.200000000000 0.000000580646
1.000000000000 2.200000000000 0.000000160919
1.200000000000 2.200000000000 0.000000993384
1.400000000000 2.200000000000 0.000005422899
1.600000000000 2.200000000000 0.000025386960
1.800000000000 2.200000000000 0.000103381610
2.000000000000 2.200000000000 0.000365527457
2.200000000000 2.200000000000 0.001116057796
2.400000000000 2.200000000000 0.002928983215
2.600000000000 2.200000000000 0.006575775574
2.800000000000 2.200000000000 0.012581295737
3.000000000000 2.200000000000 0.020464882799
3.200000000000 2.200000000000 0.028279761520
3.400000000000 2.200000000000 0.033216621662
3.600000000000 2.200000000000 0.033204015235
3.800000000000 2.200000000000 0.028286612941
4.000000000000 2.200000000000 0.020557690737
4.200000000000 2.200000000000 0.012750123285
4.400000000000 2.200000000000 0.006743856756
4.600000000000 2.200000000000 0.003036166335
4.800000000000 2.200000000000 0.001159629703

0.000000000000 2.400000000000 0.000973373833
0.200000000000 2.400000000000 0.000262970806
0.400000000000 2.400000000000 0.000059108213
0.600000000000 2.400000000000 0.000010914503
0.800000000000 2.400000000000 0.000001515159
1.000000000000 2.400000000000 0.000000426345
1.200000000000 2.400000000000 0.000002624293
1.400000000000 2.400000000000 0.000014302891
1.600000000000 2.400000000000 0.000066873461
1.800000000000 2.400000000000 0.000271985186
2.000000000000 2.400000000000 0.000960463148
2.200000000000 2.400000000000 0.002928983215
2.400000000000 2.400000000000 0.007677763580
2.600000000000 2.400000000000 0.017217914882
2.800000000000 2.400000000000 0.032908815543
3.000000000000 2.400000000000 0.053480332875
3.200000000000 2.400000000000 0.073842497687
3.400000000000 2.400000000000 0.086672185971
3.600000000000 2.400000000000 0.086587394809
3.800000000000 2.400000000000 0.073727355156
4.000000000000 2.400000000000 0.053560869953
4.200000000000 2.400000000000 0.033208869762
4.400000000000 2.400000000000 0.017561241326
4.600000000000 2.400000000000 0.007905357308
4.800000000000 2.400000000000 0.003019315478

0.000000000000 2.600000000000 0.002170897781
0.200000000000 2.600000000000 0.000586696069
0.400000000000 2.600000000000 0.000131934272
0.600000000000 2.600000000000 0.000024375320
0.800000000000 2.600000000000 0.000003388545
1.000000000000 2.600000000000 0.000000966474
1.200000000000 2.600000000000 0.000005929067
1.400000000000 2.600000000000 0.000032264586
1.600000000000 2.600000000000 0.000150670143
1.800000000000 2.600000000000 0.000612065934
2.000000000000 2.600000000000 0.002158816308
2.200000000000 2.600000000000 0.006575775574
2.400000000000 2.600000000000 0.017217914882
2.600000000000 2.600000000000 0.038572027636
2.800000000000 2.600000000000 0.073652895876
3.000000000000 2.600000000000 0.119592388893
3.200000000000 2.600000000000 0.165004839296
3.400000000000 2.600000000000 0.193552911377
3.600000000000 2.600000000000 0.193264135371
3.800000000000 2.600000000000 0.164492716107
4.000000000000 2.600000000000 0.119462088390
4.200000000000 2.600000000000 0.074053092212
4.400000000000 2.600000000000 0.039155548081
4.600000000000 2.600000000000 0.017625946504
4.800000000000 2.600000000000 0.006732536523

0.000000000000 2.800000000000 0.004132028107
0.200000000000 2.800000000000 0.001117215589
0.400000000000 2.800000000000 0.000251385932
0.600000000000 2.800000000000 0.000046476372
0.800000000000 2.800000000000 0.000006471643
1.000000000000 2.800000000000 0.000001867169
1.200000000000 2.800000000000 0.000011411354
1.400000000000 2.800000000000 0.000062008042
1.600000000000 2.800000000000 0.000289234607
1.800000000000 2.800000000000 0.001173629840
2.000000000000 2.800000000000 0.004134887176
2.200000000000 2.800000000000 0.012581295737
2.400000000000 2.800000000000 0.032908815543
2.600000000000 2.800000000000 0.073652895876
2.800000000000 2.800000000000 0.140518641483
3.000000000000 2.800000000000 0.227993036282
3.200000000000 2.800000000000 0.314367887653
3.400000000000 2.800000000000 0.368564701621
3.600000000000 2.800000000000 0.367862115346
3.800000000000 2.800000000000 0.313000746539
4.000000000000 2.800000000000 0.227267490863
4.200000000000 2.800000000000 0.140864618904
4.400000000000 2.800000000000 0.074481270625
4.600000000000 2.800000000000 0.033531007832
4.800000000000 2.800000000000 0.012810365762

0.000000000000 3.000000000000 0.006696616329
0.200000000000 3.000000000000 0.001811682174
0.400000000000 3.000000000000 0.000407942763
0.600000000000 3.000000000000 0.000075482986
0.800000000000 3.000000000000 0.000010530598
1.000000000000 3.000000000000 0.000003066484
1.200000000000 3.000000000000 0.000018663055
1.400000000000 3.000000000000 0.000101278313
1.600000000000 3.000000000000 0.000471908248
1.800000000000 3.000000000000 0.001912873747
2.000000000000 3.000000000000 0.006732470568
2.200000000000 3.000000000000 0.020464882799
2.400000000000 3.000000000000 0.053480332875
2.600000000000 3.000000000000 0.119592388893
2.800000000000 3.000000000000 0.227993036282
3.000000000000 3.000000000000 0.369683997105
3.200000000000 3.000000000000 0.509469363344
3.400000000000 3.000000000000 0.597053417352
3.600000000000 3.000000000000 0.595731996468
3.800000000000 3.000000000000 0.506783617830
4.000000000000 3.000000000000 0.367933613703
4.200000000000 3.000000000000 0.228051186459
4.400000000000 3.000000000000 0.120592393569
4.600000000000 3.000000000000 0.054301043556
4.800000000000 3.000000000000 0.020752066992

0.000000000000 3.200000000000 0.009234185168
0.200000000000 3.200000000000 0.002499930948
0.400000000000 3.200000000000 0.000563389410
0.600000000000 3.200000000000 0.000104345371
0.800000000000 3.200000000000 0.000014587785
1.000000000000 3.200000000000 0.000004277608
1.200000000000 3.200000000000 0.000025916767
1.400000000000 3.200000000000 0.000140473175
1.600000000000 3.200000000000 0.000653905666
1.800000000000 3.200000000000 0.002648095004
2.000000000000 3.200000000000 0.009311543666
2.200000000000 3.200000000000 0.028279761520
2.400000000000 3.200000000000 0.073842497687
2.600000000000 3.200000000000 0.165004839296
2.800000000000 3.200000000000 0.314367887653
3.000000000000 3.200000000000 0.509469363344
3.200000000000 3.200000000000 0.701819008972
3.400000000000 3.200000000000 0.822219551470
3.600000000000 3.200000000000 0.820236638794
3.800000000000 3.200000000000 0.697700001008
4.000000000000 3.200000000000 0.506543544221
4.200000000000 3.200000000000 0.313995944940
4.400000000000 3.200000000000 0.166073521616
4.600000000000 3.200000000000 0.074803903725
4.800000000000 3.200000000000 0.028599826192

0.000000000000 3.400000000000 0.010839379049
0.200000000000 3.400000000000 0.002936861696
0.400000000000 3.400000000000 0.000662482497
0.600000000000 3.400000000000 0.000122830378
0.800000000000 3.400000000000 0.000017211340
1.000000000000 3.400000000000 0.000005070857
1.200000000000 3.400000000000 0.000030574558
1.400000000000 3.400000000000 0.000165541765
1.600000000000 3.400000000000 0.000769931773
1.800000000000 3.400000000000 0.003115321648
2.000000000000 3.400000000000 0.010945503233
2.200000000000 3.400000000000 0.033216621662
2.400000000000 3.400000000000 0.086672185971
2.600000000000 3.400000000000 0.193552911377
2.800000000000 3.400000000000 0.368564701621
3.000000000000 3.400000000000 0.597053417352
3.200000000000 3.400000000000 0.822219551470
3.400000000000 3.400000000000 0.963085762729
3.600000000000 3.400000000000 0.960673733229
3.800000000000 3.400000000000 0.817162725830
4.000000000000 3.400000000000 0.593338276256
4.200000000000 3.400000000000 0.367873341095
4.400000000000 3.400000000000 0.194629099912
4.600000000000 3.400000000000 0.087702478086
4.800000000000 3.400000000000 0.033549194946

0.000000000000 3.600000000000 0.010843990855
0.200000000000 3.600000000000 0.002940780375
0.400000000000 3.600000000000 0.000664061687
0.600000000000 3.600000000000 0.000123269724
0.800000000000 3.600000000000 0.000017315388
1.000000000000 3.600000000000 0.000005114824
1.200000000000 3.600000000000 0.000030681143
1.400000000000 3.600000000000 0.000165961463
1.600000000000 3.600000000000 0.000771286637
1.800000000000 3.600000000000 0.003118456472
2.000000000000 3.600000000000 0.010948646846
2.200000000000 3.600000000000 0.033204015235
2.400000000000 3.600000000000 0.086587394809
2.600000000000 3.600000000000 0.193264135371
2.800000000000 3.600000000000 0.367862115346
3.000000000000 3.600000000000 0.595731996468
3.200000000000 3.600000000000 0.820236638794
3.400000000000 3.600000000000 0.960673733229
3.600000000000 3.600000000000 0.958275983433
3.800000000000 3.600000000000 0.815210302733
4.000000000000 3.600000000000 0.592041323329
4.200000000000 3.600000000000 0.367180120108
4.400000000000 3.600000000000 0.194340892869
4.600000000000 3.600000000000 0.087617574504
4.800000000000 3.600000000000 0.033537893046

0.000000000000 3.800000000000 0.009258328317
0.200000000000 3.800000000000 0.002513301583
0.400000000000 3.800000000000 0.000568184956
0.600000000000 3.800000000000 0.000105609673
0.800000000000 3.800000000000 0.000014873683
1.000000000000 3.800000000000 0.000004396120
1.200000000000 3.800000000000 0.000026225705
1.400000000000 3.800000000000 0.000141742894
1.600000000000 3.800000000000 0.000658282638
1.800000000000 3.800000000000 0.002659795814
2.000000000000 3.800000000000 0.009332497636
2.200000000000 3.800000000000 0.028286612941
2.400000000000 3.800000000000 0.073727355156
2.600000000000 3.800000000000 0.164492716107
2.800000000000 3.800000000000 0.313000746539
3.000000000000 3.800000000000 0.506783617830
3.200000000000 3.800000000000 0.697700001008
3.400000000000 3.800000000000 0.817162725830
3.600000000000 3.800000000000 0.815210302733
3.800000000000 3.800000000000 0.693644871709
4.000000000000 3.800000000000 0.503906192003
4.200000000000 3.800000000000 0.312643538387
4.400000000000 3.800000000000 0.165558544828
4.600000000000 3.800000000000 0.074686732969
4.800000000000 3.800000000000 0.028609139972

0.000000000000 4.000000000000 0.006752671924
0.200000000000 4.000000000000 0.001835150643
0.400000000000 4.000000000000 0.000415395770
0.600000000000 4.000000000000 0.000077320208
0.800000000000 4.000000000000 0.000010919955
1.000000000000 4.000000000000 0.000003223110
1.200000000000 4.000000000000 0.000019115540
1.400000000000 4.000000000000 0.000103239537
1.600000000000 4.000000000000 0.000479177225
1.800000000000 4.000000000000 0.001934998879
2.000000000000 4.000000000000 0.006785751124
2.200000000000 4.000000000000 0.020557690737
2.400000000000 4.000000000000 0.053560869953
2.600000000000 4.000000000000 0.119462088390
2.800000000000 4.000000000000 0.227267490863
3.000000000000 4.000000000000 0.367933613703
3.200000000000 4.000000000000 0.506543544221
3.400000000000 4.000000000000 0.593338276256
3.600000000000 4.000000000000 0.592041323329
3.800000000000 4.000000000000 0.503906192003
4.000000000000 4.000000000000 0.366213064963
4.200000000000 4.000000000000 0.227325272160
4.400000000000 4.000000000000 0.120450546723
4.600000000000 4.000000000000 0.054376072872
4.800000000000 4.000000000000 0.020846308707

0.000000000000 4.200000000000 0.004208922510
0.200000000000 4.200000000000 0.001145247572
0.400000000000 4.200000000000 0.000259587725
0.600000000000 4.200000000000 0.000048393456
0.800000000000 4.200000000000 0.000006854987
1.000000000000 4.200000000000 0.000002016629
1.200000000000 4.200000000000 0.000011885071
1.400000000000 4.200000000000 0.000064149186
1.600000000000 4.200000000000 0.000297587793
1.800000000000 4.200000000000 0.001201111620
2.000000000000 4.200000000000 0.004210227042
2.200000000000 4.200000000000 0.012750123285
2.400000000000 4.200000000000 0.033208869762
2.600000000000 4.200000000000 0.074053092212
2.800000000000 4.200000000000 0.140864618904
3.000000000000 4.200000000000 0.228051186459
3.200000000000 4.200000000000 0.313995944940
3.400000000000 4.200000000000 0.367873341095
3.600000000000 4.200000000000 0.367180120108
3.800000000000 4.200000000000 0.312643538387
4.000000000000 4.200000000000 0.227325272160
4.200000000000 4.200000000000 0.141194738172
4.400000000000 4.200000000000 0.074865517783
4.600000000000 4.200000000000 0.033824571325
4.800000000000 4.200000000000 0.012979529449

0.000000000000 4.400000000000 0.002240536821
0.200000000000 4.400000000000 0.000610471963
0.400000000000 4.400000000000 0.000138579521
0.600000000000 4.400000000000 0.000025878139
0.800000000000 4.400000000000 0.000003677328
1.000000000000 4.400000000000 0.000001076139
1.200000000000 4.400000000000 0.000006299175
1.400000000000 4.400000000000 0.000033981790
1.600000000000 4.400000000000 0.000157571657
1.800000000000 4.400000000000 0.000635717806
2.000000000000 4.400000000000 0.002227553893
2.200000000000 4.400000000000 0.006743856756
2.400000000000 4.400000000000 0.017561241326
2.600000000000 4.400000000000 0.039155548081
2.800000000000 4.400000000000 0.074481270625
3.000000000000 4.400000000000 0.120592393569
3.200000000000 4.400000000000 0.166073521616
3.400000000000 4.400000000000 0.194629099912
3.600000000000 4.400000000000 0.194340892869
3.800000000000 4.400000000000 0.165558544828
4.000000000000 4.400000000000 0.120450546723
4.200000000000 4.400000000000 0.074865517783
4.400000000000 4.400000000000 0.039727720492
4.600000000000 4.400000000000 0.017965650069
4.800000000000 4.400000000000 0.006901187410

0.000000000000 4.600000000000 0.001016792733
0.200000000000 4.600000000000 0.000277453295
0.400000000000 4.600000000000 0.000063085890
0.600000000000 4.600000000000 0.000011802244
0.800000000000 4.600000000000 0.000001682831
1.000000000000 4.600000000000 0.000000488893
1.200000000000 4.600000000000 0.000002840531
1.400000000000 4.600000000000 0.000015317173
1.600000000000 4.600000000000 0.000070999077
1.800000000000 4.600000000000 0.000286346352
2.000000000000 4.600000000000 0.001003077644
2.200000000000 4.600000000000 0.003036166335
2.400000000000 4.600000000000 0.007905357308
2.600000000000 4.600000000000 0.017625946504
2.800000000000 4.600000000000 0.033531007832
3.000000000000 4.600000000000 0.054301043556
3.200000000000 4.600000000000 0.074803903725
3.400000000000 4.600000000000 0.087702478086
3.600000000000 4.600000000000 0.087617574504
3.800000000000 4.600000000000 0.074686732969
4.000000000000 4.600000000000 0.054376072872
4.200000000000 4.600000000000 0.033824571325
4.400000000000 4.600000000000 0.017965650069
4.600000000000 4.600000000000 0.008132852798
4.800000000000 4.600000000000 0.003127748317

0.000000000000 4.800000000000 0.000392124303
0.200000000000 4.800000000000 0.000107174274
0.400000000000 4.800000000000 0.000024412361
0.600000000000 4.800000000000 0.000004576310
0.800000000000 4.800000000000 0.000000654903
1.000000000000 4.800000000000 0.000000188478
1.200000000000 4.800000000000 0.000001086163
1.400000000000 4.800000000000 0.000005855114
1.600000000000 4.800000000000 0.000027132343
1.800000000000 4.800000000000 0.000109399399
2.000000000000 4.800000000000 0.000383156209
2.200000000000 4.800000000000 0.001159629703
2.400000000000 4.800000000000 0.003019315478
2.600000000000 4.800000000000 0.006732536523
2.800000000000 4.800000000000 0.012810365762
3.000000000000 4.800000000000 0.020752066992
3.200000000000 4.800000000000 0.028599826192
3.400000000000 4.800000000000 0.033549194946
3.600000000000 4.800000000000 0.033537893046
3.800000000000 4.800000000000 0.028609139972
4.000000000000 4.800000000000 0.020846308707
4.200000000000 4.800000000000 0.012979529449
4.400000000000 4.800000000000 0.006901187410
4.600000000000 4.800000000000 0.003127748317
4.800000000000 4.800000000000 0.001204448733

