# x y u
0.000000000000 0.000000000000 0.045214039900
0.200000000000 0.000000000000 0.045467791530
0.400000000000 0.000000000000 0.046213171624
0.600000000000 0.000000000000 0.047403536107
0.800000000000 0.000000000000 0.048964355219
1.000000000000 0.000000000000 0.050797830883
1.200000000000 0.000000000000 0.052788973954
1.400000000000 0.000000000000 0.054812776248
1.600000000000 0.000000000000 0.056742039875
1.800000000000 0.000000000000 0.058455378190
2.000000000000 0.000000000000 0.059844883519
2.200000000000 0.000000000000 0.060822969811
2.400000000000 0.000000000000 0.061327944850
2.600000000000 0.000000000000 0.061327944850
2.800000000000 0.000000000000 0.060822969811
3.000000000000 0.000000000000 0.059844883519
3.200000000000 0.000000000000 0.058455378190
3.400000000000 0.000000000000 0.056742039875
3.600000000000 0.000000000000 0.054812776248
3.800000000000 0.000000000000 0.052788973954
4.000000000000 0.000000000000 0.050797830883
4.200000000000 0.000000000000 0.048964355219
4.400000000000 0.000000000000 0.047403536107
4.600000000000 0.000000000000 0.046213171624
4.800000000000 0.000000000000 0.045467791530

0.000000000000 0.200000000000 0.045467791530
0.200000000000 0.200000000000 0.045722967250
0.400000000000 0.200000000000 0.046472530521
0.600000000000 0.200000000000 0.047669575495
0.800000000000 0.200000000000 0.049239154141
1.000000000000 0.200000000000 0.051082919525
1.200000000000 0.200000000000 0.053085237167
1.400000000000 0.200000000000 0.055120397320
1.600000000000 0.200000000000 0.057060488240
1.800000000000 0.200000000000 0.058783442047
2.000000000000 0.200000000000 0.060180745470
2.200000000000 0.200000000000 0.061164320917
2.400000000000 0.200000000000 0.061672129946
2.600000000000 0.200000000000 0.061672129946
2.800000000000 0.200000000000 0.061164320917
3.000000000000 0.200000000000 0.060180745470
3.200000000000 0.200000000000 0.058783442047
3.400000000000 0.200000000000 0.057060488240
3.600000000000 0.200000000000 0.055120397320
3.800000000000 0.200000000000 0.053085237167
4.000000000000 0.200000000000 0.051082919525
4.200000000000 0.200000000000 0.049239154141
4.400000000000 0.200000000000 0.047669575495
4.600000000000 0.200000000000 0.046472530521
4.800000000000 0.200000000000 0.045722967250

0.000000000000 0.400000000000 0.046213171624
0.200000000000 0.400000000000 0.046472530521
0.400000000000 0.400000000000 0.047234381622
0.600000000000 0.400000000000 0.048451050135
0.800000000000 0.400000000000 0.050046359383
1.000000000000 0.400000000000 0.051920350199
1.200000000000 0.400000000000 0.053955492468
1.400000000000 0.400000000000 0.056024015645
1.600000000000 0.400000000000 0.057995911087
1.800000000000 0.400000000000 0.059747109817
2.000000000000 0.400000000000 0.061167319674
2.200000000000 0.400000000000 0.062167019181
2.400000000000 0.400000000000 0.062683152882
2.600000000000 0.400000000000 0.062683152882
2.800000000000 0.400000000000 0.062167019181
3.000000000000 0.400000000000 0.061167319674
3.200000000000 0.400000000000 0.059747109817
3.400000000000 0.400000000000 0.057995911087
3.600000000000 0.400000000000 0.056024015645
3.800000000000 0.400000000000 0.053955492468
4.000000000000 0.400000000000 0.051920350199
4.200000000000 0.400000000000 0.050046359383
4.400000000000 0.400000000000 0.048451050135
4.600000000000 0.400000000000 0.047234381622
4.800000000000 0.400000000000 0.046472530521

0.000000000000 0.600000000000 0.047403536107
0.200000000000 0.600000000000 0.047669575495
0.400000000000 0.600000000000 0.048451050135
0.600000000000 0.600000000000 0.049699057243
0.800000000000 0.600000000000 0.051335458002
1.000000000000 0.600000000000 0.053257718525
1.200000000000 0.600000000000 0.055345281391
1.400000000000 0.600000000000 0.057467084978
1.600000000000 0.600000000000 0.059489771919
1.800000000000 0.600000000000 0.061286077505
2.000000000000 0.600000000000 0.062742868705
2.200000000000 0.600000000000 0.063768318173
2.400000000000 0.600000000000 0.064297746291
2.600000000000 0.600000000000 0.064297746291
2.800000000000 0.600000000000 0.063768318173
3.000000000000 0.600000000000 0.062742868705
3.200000000000 0.600000000000 0.061286077505
3.400000000000 0.600000000000 0.059489771919
3.600000000000 0.600000000000 0.057467084978
3.800000000000 0.600000000000 0.055345281391
4.000000000000 0.600000000000 0.053257718525
4.200000000000 0.600000000000 0.051335458002
4.400000000000 0.600000000000 0.049699057243
4.600000000000 0.600000000000 0.048451050135
4.800000000000 0.600000000000 0.047669575495

0.000000000000 0.800000000000 0.048964355219
0.200000000000 0.800000000000 0.049239154141
0.400000000000 0.800000000000 0.050046359383
0.600000000000 0.800000000000 0.051335458002
0.800000000000 0.800000000000 0.053025738403
1.000000000000 0.800000000000 0.055011290700
1.200000000000 0.800000000000 0.057167588032
1.400000000000 0.800000000000 0.059359253481
1.600000000000 0.800000000000 0.061448538797
1.800000000000 0.800000000000 0.063303988992
2.000000000000 0.800000000000 0.064808746051
2.200000000000 0.800000000000 0.065867959153
2.400000000000 0.800000000000 0.066414819058
2.600000000000 0.800000000000 0.066414819058
2.800000000000 0.800000000000 0.065867959153
3.000000000000 0.800000000000 0.064808746051
3.200000000000 0.800000000000 0.063303988992
3.400000000000 0.800000000000 0.061448538797
3.600000000000 0.800000000000 0.059359253481
3.800000000000 0.800000000000 0.057167588032
4.000000000000 0.800000000000 0.055011290700
4.200000000000 0.800000000000 0.053025738403
4.400000000000 0.800000000000 0.051335458002
4.600000000000 0.800000000000 0.050046359383
4.800000000000 0.800000000000 0.049239154141

0.000000000000 1.000000000000 0.050797830883
0.200000000000 1.000000000000 0.051082919525
0.400000000000 1.000000000000 0.051920350199
0.600000000000 1.000000000000 0.053257718525
0.800000000000 1.000000000000 0.055011290700
1.000000000000 1.000000000000 0.057071191089
1.200000000000 1.000000000000 0.059308229978
1.400000000000 1.000000000000 0.061581961322
1.600000000000 1.000000000000 0.063749478954
1.800000000000 1.000000000000 0.065674405615
2.000000000000 1.000000000000 0.067235507598
2.200000000000 1.000000000000 0.068334382437
2.400000000000 1.000000000000 0.068901719255
2.600000000000 1.000000000000 0.068901719255
2.800000000000 1.000000000000 0.068334382437
3.000000000000 1.000000000000 0.067235507598
3.200000000000 1.000000000000 0.065674405615
3.400000000000 1.000000000000 0.063749478954
3.600000000000 1.000000000000 0.061581961322
3.800000000000 1.000000000000 0.059308229978
4.000000000000 1.000000000000 0.057071191089
4.200000000000 1.000000000000 0.055011290700
4.400000000000 1.000000000000 0.053257718525
4.600000000000 1.000000000000 0.051920350199
4.800000000000 1.000000000000 0.051082919525

0.000000000000 1.200000000000 0.052788973954
0.200000000000 1.200000000000 0.053085237167
0.400000000000 1.200000000000 0.053955492468
0.600000000000 1.200000000000 0.055345281391
0.800000000000 1.200000000000 0.057167588032
1.000000000000 1.200000000000 0.059308229978
1.200000000000 1.200000000000 0.061632953687
1.400000000000 1.200000000000 0.063995808076
1.600000000000 1.200000000000 0.066248285509
1.800000000000 1.200000000000 0.068248663172
2.000000000000 1.200000000000 0.069870955385
2.200000000000 1.200000000000 0.071012902621
2.400000000000 1.200000000000 0.071602477235
2.600000000000 1.200000000000 0.071602477235
2.800000000000 1.200000000000 0.071012902621
3.000000000000 1.200000000000 0.069870955385
3.200000000000 1.200000000000 0.068248663172
3.400000000000 1.200000000000 0.066248285509
3.600000000000 1.200000000000 0.063995808076
3.800000000000 1.200000000000 0.061632953687
4.000000000000 1.200000000000 0.059308229978
4.200000000000 1.200000000000 0.057167588032
4.400000000000 1.200000000000 0.055345281391
4.600000000000 1.200000000000 0.053955492468
4.800000000000 1.200000000000 0.053085237167

0.000000000000 1.400000000000 0.054812776248
0.200000000000 1.400000000000 0.055120397320
0.400000000000 1.400000000000 0.056024015645
0.600000000000 1.400000000000 0.057467084978
0.800000000000 1.400000000000 0.059359253481
1.000000000000 1.400000000000 0.061581961322
1.200000000000 1.400000000000 0.063995808076
1.400000000000 1.400000000000 0.066449247323
1.600000000000 1.400000000000 0.068788078084
1.800000000000 1.400000000000 0.070865144312
2.000000000000 1.400000000000 0.072549630410
2.200000000000 1.400000000000 0.073735356524
2.400000000000 1.400000000000 0.074347533684
2.600000000000 1.400000000000 0.074347533684
2.800000000000 1.400000000000 0.073735356524
3.000000000000 1.400000000000 0.072549630410
3.200000000000 1.400000000000 0.070865144312
3.400000000000 1.400000000000 0.068788078084
3.600000000000 1.400000000000 0.066449247323
3.800000000000 1.400000000000 0.063995808076
4.000000000000 1.400000000000 0.061581961322
4.200000000000 1.400000000000 0.059359253481
4.400000000000 1.400000000000 0.057467084978
4.600000000000 1.400000000000 0.056024015645
4.800000000000 1.400000000000 0.055120397320

0.000000000000 1.600000000000 0.056742039875
0.200000000000 1.600000000000 0.057060488240
0.400000000000 1.600000000000 0.057995911087
0.600000000000 1.600000000000 0.059489771919
0.800000000000 1.600000000000 0.061448538797
1.000000000000 1.600000000000 0.063749478954
1.200000000000 1.600000000000 0.066248285509
1.400000000000 1.600000000000 0.068788078084
1.600000000000 1.600000000000 0.071209228312
1.800000000000 1.600000000000 0.073359400719
2.000000000000 1.600000000000 0.075103175411
2.200000000000 1.600000000000 0.076330635341
2.400000000000 1.600000000000 0.076964359204
2.600000000000 1.600000000000 0.076964359204
2.800000000000 1.600000000000 0.076330635341
3.000000000000 1.600000000000 0.075103175411
3.200000000000 1.600000000000 0.073359400719
3.400000000000 1.600000000000 0.071209228312
3.600000000000 1.600000000000 0.068788078084
3.800000000000 1.600000000000 0.066248285509
4.000000000000 1.600000000000 0.063749478954
4.200000000000 1.600000000000 0.061448538797
4.400000000000 1.600000000000 0.059489771919
4.600000000000 1.600000000000 0.057995911087
4.800000000000 1.600000000000 0.057060488240

0.000000000000 1.800000000000 0.058455378190
0.200000000000 1.800000000000 0.058783442047
0.400000000000 1.800000000000 0.059747109817
0.600000000000 1.800000000000 0.061286077505
0.800000000000 1.800000000000 0.063303988992
1.000000000000 1.800000000000 0.065674405615
1.200000000000 1.800000000000 0.068248663172
1.400000000000 1.800000000000 0.070865144312
1.600000000000 1.800000000000 0.073359400719
1.800000000000 1.800000000000 0.075574497177
2.000000000000 1.800000000000 0.077370924817
2.200000000000 1.800000000000 0.078635447667
2.400000000000 1.800000000000 0.079288306702
2.600000000000 1.800000000000 0.079288306702
2.800000000000 1.800000000000 0.078635447667
3.000000000000 1.800000000000 0.077370924817
3.200000000000 1.800000000000 0.075574497177
3.400000000000 1.800000000000 0.073359400719
3.600000000000 1.800000000000 0.070865144312
3.800000000000 1.800000000000 0.068248663172
4.000000000000 1.800000000000 0.065674405615
4.200000000000 1.800000000000 0.063303988992
4.400000000000 1.800000000000 0.061286077505
4.600000000000 1.800000000000 0.059747109817
4.800000000000 1.800000000000 0.058783442047

0.000000000000 2.000000000000 0.059844883519
0.200000000000 2.000000000000 0.060180745470
0.400000000000 2.000000000000 0.061167319674
0.600000000000 2.000000000000 0.062742868705
0.800000000000 2.000000000000 0.064808746051
1.000000000000 2.000000000000 0.067235507598
1.200000000000 2.000000000000 0.069870955385
1.400000000000 2.000000000000 0.072549630410
1.600000000000 2.000000000000 0.075103175411
1.800000000000 2.000000000000 0.077370924817
2.000000000000 2.000000000000 0.079210053626
2.200000000000 2.000000000000 0.080504634242
2.400000000000 2.000000000000 0.081173011766
2.600000000000 2.000000000000 0.081173011766
2.800000000000 2.000000000000 0.080504634242
3.000000000000 2.000000000000 0.079210053626
3.200000000000 2.000000000000 0.077370924817
3.400000000000 2.000000000000 0.075103175411
3.600000000000 2.000000000000 0.072549630410
3.800000000000 2.000000000000 0.069870955385
4.000000000000 2.000000000000 0.067235507598
4.200000000000 2.000000000000 0.064808746051
4.400000000000 2.000000000000 0.062742868705
4.600000000000 2.000000000000 0.061167319674
4.800000000000 2.000000000000 0.060180745470

0.000000000000 2.200000000000 0.060822969811
0.200000000000 2.200000000000 0.061164320917
0.400000000000 2.200000000000 0.062167019181
0.600000000000 2.200000000000 0.063768318173
0.800000000000 2.200000000000 0.065867959153
1.000000000000 2.200000000000 0.068334382437
1.200000000000 2.200000000000 0.071012902621
1.400000000000 2.200000000000 0.073735356524
1.600000000000 2.200000000000 0.076330635341
1.800000000000 2.200000000000 0.078635447667
2.000000000000 2.200000000000 0.080504634242
2.200000000000 2.200000000000 0.081820372811
2.400000000000 2.200000000000 0.082499673950
2.600000000000 2.200000000000 0.082499673950
2.800000000000 2.200000000000 0.081820372811
3.000000000000 2.200000000000 0.080504634242
3.200000000000 2.200000000000 0.078635447667
3.400000000000 2.200000000000 0.076330635341
3.600000000000 2.200000000000 0.073735356524
3.800000000000 2.200000000000 0.071012902621
4.000000000000 2.200000000000 0.068334382437
4.200000000000 2.200000000000 0.065867959153
4.400000000000 2.200000000000 0.063768318173
4.600000000000 2.200000000000 0.062167019181
4.800000000000 2.200000000000 0.061164320917

0.000000000000 2.400000000000 0.061327944850
0.200000000000 2.400000000000 0.061672129946
0.400000000000 2.400000000000 0.062683152882
0.600000000000 2.400000000000 0.064297746291
0.800000000000 2.400000000000 0.066414819058
1.000000000000 2.400000000000 0.068901719255
1.200000000000 2.400000000000 0.071602477235
1.400000000000 2.400000000000 0.074347533684
1.600000000000 2.400000000000 0.076964359204
1.800000000000 2.400000000000 0.079288306702
2.000000000000 2.400000000000 0.081173011766
2.200000000000 2.400000000000 0.082499673950
2.400000000000 2.400000000000 0.083184614829
2.600000000000 2.400000000000 0.083184614829
2.800000000000 2.400000000000 0.082499673950
3.000000000000 2.400000000000 0.081173011766
3.200000000000 2.400000000000 0.079288306702
3.400000000000 2.400000000000 0.076964359204
3.600000000000 2.400000000000 0.074347533684
3.800000000000 2.400000000000 0.071602477235
4.000000000000 2.400000000000 0.068901719255
4.200000000000 2.400000000000 0.066414819058
4.400000000000 2.400000000000 0.064297746291
4.600000000000 2.400000000000 0.062683152882
4.800000000000 2.400000000000 0.061672129946

0.000000000000 2.600000000000 0.061327944850
0.200000000000 2.600000000000 0.061672129946
0.400000000000 2.600000000000 0.062683152882
0.600000000000 2.600000000000 0.064297746291
0.800000000000 2.600000000000 0.066414819058
1.000000000000 2.600000000000 0.068901719255
1.200000000000 2.600000000000 0.071602477235
1.400000000000 2.600000000000 0.074347533684
1.600000000000 2.600000000000 0.076964359204
1.800000000000 2.600000000000 0.079288306702
2.000000000000 2.600000000000 0.081173011766
2.200000000000 2.600000000000 0.082499673950
2.400000000000 2.600000000000 0.083184614829
2.600000000000 2.600000000000 0.083184614829
2.800000000000 2.600000000000 0.082499673950
3.000000000000 2.600000000000 0.081173011766
3.200000000000 2.600000000000 0.079288306702
3.400000000000 2.600000000000 0.076964359204
3.600000000000 2.600000000000 0.074347533684
3.800000000000 2.600000000000 0.071602477235
4.000000000000 2.600000000000 0.068901719255
4.200000000000 2.600000000000 0.066414819058
4.400000000000 2.600000000000 0.064297746291
4.600000000000 2.600000000000 0.062683152882
4.800000000000 2.600000000000 0.061672129946

0.000000000000 2.800000000000 0.060822969811
0.200000000000 2.800000000000 0.061164320917
0.400000000000 2.800000000000 0.062167019181
0.600000000000 2.800000000000 0.063768318173
0.800000000000 2.800000000000 0.065867959153
1.000000000000 2.800000000000 0.068334382437
1.200000000000 2.800000000000 0.071012902621
1.400000000000 2.800000000000 0.073735356524
1.600000000000 2.800000000000 0.076330635341
1.800000000000 2.800000000000 0.078635447667
2.000000000000 2.800000000000 0.080504634242
2.200000000000 2.800000000000 0.081820372811
2.400000000000 2.800000000000 0.082499673950
2.600000000000 2.800000000000 0.082499673950
2.800000000000 2.800000000000 0.081820372811
3.000000000000 2.800000000000 0.080504634242
3.200000000000 2.800000000000 0.078635447667
3.400000000000 2.800000000000 0.076330635341
3.600000000000 2.800000000000 0.073735356524
3.800000000000 2.800000000000 0.071012902621
4.000000000000 2.800000000000 0.068334382437
4.200000000000 2.800000000000 0.065867959153
4.400000000000 2.800000000000 0.063768318173
4.600000000000 2.800000000000 0.062167019181
4.800000000000 2.800000000000 0.061164320917

0.000000000000 3.000000000000 0.059844883519
0.200000000000 3.000000000000 0.060180745470
0.400000000000 3.000000000000 0.061167319674
0.600000000000 3.000000000000 0.062742868705
0.800000000000 3.000000000000 0.064808746051
1.000000000000 3.000000000000 0.067235507598
1.200000000000 3.000000000000 0.069870955385
1.400000000000 3.000000000000 0.072549630410
1.600000000000 3.000000000000 0.075103175411
1.800000000000 3.000000000000 0.077370924817
2.000000000000 3.000000000000 0.079210053626
2.200000000000 3.000000000000 0.080504634242
2.400000000000 3.000000000000 0.081173011766
2.600000000000 3.000000000000 0.081173011766
2.800000000000 3.000000000000 0.080504634242
3.000000000000 3.000000000000 0.079210053626
3.200000000000 3.000000000000 0.077370924817
3.400000000000 3.000000000000 0.075103175411
3.600000000000 3.000000000000 0.072549630410
3.800000000000 3.000000000000 0.069870955385
4.000000000000 3.000000000000 0.067235507598
4.200000000000 3.000000000000 0.064808746051
4.400000000000 3.000000000000 0.062742868705
4.600000000000 3.000000000000 0.061167319674
4.800000000000 3.000000000000 0.060180745470

0.000000000000 3.200000000000 0.058455378190
0.200000000000 3.200000000000 0.058783442047
0.400000000000 3.200000000000 0.059747109817
0.600000000000 3.200000000000 0.061286077505
0.800000000000 3.200000000000 0.063303988992
1.000000000000 3.200000000000 0.065674405615
1.200000000000 3.200000000000 0.068248663172
1.400000000000 3.200000000000 0.070865144312
1.600000000000 3.200000000000 0.073359400719
1.800000000000 3.200000000000 0.075574497177
2.000000000000 3.200000000000 0.077370924817
2.200000000000 3.200000000000 0.078635447667
2.400000000000 3.200000000000 0.079288306702
2.600000000000 3.200000000000 0.079288306702
2.800000000000 3.200000000000 0.078635447667
3.000000000000 3.200000000000 0.077370924817
3.200000000000 3.200000000000 0.075574497177
3.400000000000 3.200000000000 0.073359400719
3.600000000000 3.200000000000 0.070865144312
3.800000000000 3.200000000000 0.068248663172
4.000000000000 3.200000000000 0.065674405615
4.200000000000 3.200000000000 0.063303988992
4.400000000000 3.200000000000 0.061286077505
4.600000000000 3.200000000000 0.059747109817
4.800000000000 3.200000000000 0.058783442047

0.000000000000 3.400000000000 0.056742039875
0.200000000000 3.400000000000 0.057060488240
0.400000000000 3.400000000000 0.057995911087
0.600000000000 3.400000000000 0.059489771919
0.800000000000 3.400000000000 0.061448538797
1.000000000000 3.400000000000 0.063749478954
1.200000000000 3.400000000000 0.066248285509
1.400000000000 3.400000000000 0.068788078084
1.600000000000 3.400000000000 0.071209228312
1.800000000000 3.400000000000 0.073359400719
2.000000000000 3.400000000000 0.075103175411
2.200000000000 3.400000000000 0.076330635341
2.400000000000 3.400000000000 0.076964359204
2.600000000000 3.400000000000 0.076964359204
2.800000000000 3.400000000000 0.076330635341
3.000000000000 3.400000000000 0.075103175411
3.200000000000 3.400000000000 0.073359400719
3.400000000000 3.400000000000 0.071209228312
3.600000000000 3.400000000000 0.068788078084
3.800000000000 3.400000000000 0.066248285509
4.000000000000 3.400000000000 0.063749478954
4.200000000000 3.400000000000 0.061448538797
4.400000000000 3.400000000000 0.059489771919
4.600000000000 3.400000000000 0.057995911087
4.800000000000 3.400000000000 0.057060488240

0.000000000000 3.600000000000 0.054812776248
0.200000000000 3.600000000000 0.055120397320
0.400000000000 3.600000000000 0.056024015645
0.600000000000 3.600000000000 0.057467084978
0.800000000000 3.600000000000 0.059359253481
1.000000000000 3.600000000000 0.061581961322
1.200000000000 3.600000000000 0.063995808076
1.400000000000 3.600000000000 0.066449247323
1.600000000000 3.600000000000 0.068788078084
1.800000000000 3.600000000000 0.070865144312
2.000000000000 3.600000000000 0.072549630410
2.200000000000 3.600000000000 0.073735356524
2.400000000000 3.600000000000 0.074347533684
2.600000000000 3.600000000000 0.074347533684
2.800000000000 3.600000000000 0.073735356524
3.000000000000 3.600000000000 0.072549630410
3.200000000000 3.600000000000 0.070865144312
3.400000000000 3.600000000000 0.068788078084
3.600000000000 3.600000000000 0.066449247323
3.800000000000 3.600000000000 0.063995808076
4.000000000000 3.600000000000 0.061581961322
4.200000000000 3.600000000000 0.059359253481
4.400000000000 3.600000000000 0.057467084978
4.600000000000 3.600000000000 0.056024015645
4.800000000000 3.600000000000 0.055120397320

0.000000000000 3.800000000000 0.052788973954
0.200000000000 3.800000000000 0.053085237167
0.400000000000 3.800000000000 0.053955492468
0.600000000000 3.800000000000 0.055345281391
0.800000000000 3.800000000000 0.057167588032
1.000000000000 3.800000000000 0.059308229978
1.200000000000 3.800000000000 0.061632953687
1.400000000000 3.800000000000 0.063995808076
1.600000000000 3.800000000000 0.066248285509
1.800000000000 3.800000000000 0.068248663172
2.000000000000 3.800000000000 0.069870955385
2.200000000000 3.800000000000 0.071012902621
2.400000000000 3.800000000000 0.071602477235
2.600000000000 3.800000000000 0.071602477235
2.800000000000 3.800000000000 0.071012902621
3.000000000000 3.800000000000 0.069870955385
3.200000000000 3.800000000000 0.068248663172
3.400000000000 3.800000000000 0.066248285509
3.600000000000 3.800000000000 0.063995808076
3.800000000000 3.800000000000 0.061632953687
4.000000000000 3.800000000000 0.059308229978
4.200000000000 3.800000000000 0.057167588032
4.400000000000 3.800000000000 0.055345281391
4.600000000000 3.800000000000 0.053955492468
4.800000000000 3.800000000000 0.053085237167

0.000000000000 4.000000000000 0.050797830883
0.200000000000 4.000000000000 0.051082919525
0.400000000000 4.000000000000 0.051920350199
0.600000000000 4.000000000000 0.053257718525
0.800000000000 4.000000000000 0.055011290700
1.000000000000 4.000000000000 0.057071191089
1.200000000000 4.000000000000 0.059308229978
1.400000000000 4.000000000000 0.061581961322
1.600000000000 4.000000000000 0.063749478954
1.800000000000 4.000000000000 0.065674405615
2.000000000000 4.000000000000 0.067235507598
2.200000000000 4.000000000000 0.068334382437
2.400000000000 4.000000000000 0.068901719255
2.600000000000 4.000000000000 0.068901719255
2.800000000000 4.000000000000 0.068334382437
3.000000000000 4.000000000000 0.067235507598
3.200000000000 4.000000000000 0.065674405615
3.400000000000 4.000000000000 0.063749478954
3.600000000000 4.000000000000 0.061581961322
3.800000000000 4.000000000000 0.059308229978
4.000000000000 4.000000000000 0.057071191089
4.200000000000 4.000000000000 0.055011290700
4.400000000000 4.000000000000 0.053257718525
4.600000000000 4.000000000000 0.051920350199
4.800000000000 4.000000000000 0.051082919525

0.000000000000 4.200000000000 0.048964355219
0.200000000000 4.200000000000 0.049239154141
0.400000000000 4.200000000000 0.050046359383
0.600000000000 4.200000000000 0.051335458002
0.800000000000 4.200000000000 0.053025738403
1.000000000000 4.200000000000 0.055011290700
1.200000000000 4.200000000000 0.057167588032
1.400000000000 4.200000000000 0.059359253481
1.600000000000 4.200000000000 0.061448538797
1.800000000000 4.200000000000 0.063303988992
2.000000000000 4.200000000000 0.064808746051
2.200000000000 4.200000000000 0.065867959153
2.400000000000 4.200000000000 0.066414819058
2.600000000000 4.200000000000 0.066414819058
2.800000000000 4.200000000000 0.065867959153
3.000000000000 4.200000000000 0.064808746051
3.200000000000 4.200000000000 0.063303988992
3.400000000000 4.200000000000 0.061448538797
3.600000000000 4.200000000000 0.059359253481
3.800000000000 4.200000000000 0.057167588032
4.000000000000 4.200000000000 0.055011290700
4.200000000000 4.200000000000 0.053025738403
4.400000000000 4.200000000000 0.051335458002
4.600000000000 4.200000000000 0.050046359383
4.800000000000 4.200000000000 0.049239154141

0.000000000000 4.400000000000 0.047403536107
0.200000000000 4.400000000000 0.047669575495
0.400000000000 4.400000000000 0.048451050135
0.600000000000 4.400000000000 0.049699057243
0.800000000000 4.400000000000 0.051335458002
1.000000000000 4.400000000000 0.053257718525
1.200000000000 4.400000000000 0.055345281391
1.400000000000 4.400000000000 0.057467084978
1.600000000000 4.400000000000 0.059489771919
1.800000000000 4.400000000000 0.061286077505
2.000000000000 4.400000000000 0.062742868705
2.200000000000 4.400000000000 0.063768318173
2.400000000000 4.400000000000 0.064297746291
2.600000000000 4.400000000000 0.064297746291
2.800000000000 4.400000000000 0.063768318173
3.000000000000 4.400000000000 0.062742868705
3.200000000000 4.400000000000 0.061286077505
3.400000000000 4.400000000000 0.059489771919
3.600000000000 4.400000000000 0.057467084978
3.800000000000 4.400000000000 0.055345281391
4.000000000000 4.400000000000 0.053257718525
4.200000000000 4.400000000000 0.051335458002
4.400000000000 4.400000000000 0.049699057243
4.600000000000 4.400000000000 0.048451050135
4.800000000000 4.400000000000 0.047669575495

0.000000000000 4.600000000000 0.046213171624
0.200000000000 4.600000000000 0.046472530521
0.400000000000 4.600000000000 0.047234381622
0.600000000000 4.600000000000 0.048451050135
0.800000000000 4.600000000000 0.050046359383
1.000000000000 4.600000000000 0.051920350199
1.200000000000 4.600000000000 0.053955492468
1.400000000000 4.600000000000 0.056024015645
1.600000000000 4.600000000000 0.057995911087
1.800000000000 4.600000000000 0.059747109817
2.000000000000 4.600000000000 0.061167319674
2.200000000000 4.600000000000 0.062167019181
2.400000000000 4.600000000000 0.062683152882
2.600000000000 4.600000000000 0.062683152882
2.800000000000 4.600000000000 0.062167019181
3.000000000000 4.600000000000 0.061167319674
3.200000000000 4.600000000000 0.059747109817
3.400000000000 4.600000000000 0.057995911087
3.600000000000 4.600000000000 0.056024015645
3.800000000000 4.600000000000 0.053955492468
4.000000000000 4.600000000000 0.051920350199
4.200000000000 4.600000000000 0.050046359383
4.400000000000 4.600000000000 0.048451050135
4.600000000000 4.600000000000 0.047234381622
4.800000000000 4.600000000000 0.046472530521

0.000000000000 4.800000000000 0.045467791530
0.200000000000 4.800000000000 0.045722967250
0.400000000000 4.800000000000 0.046472530521
0.600000000000 4.800000000000 0.047669575495
0.800000000000 4.800000000000 0.049239154141
1.000000000000 4.800000000000 0.051082919525
1.200000000000 4.800000000000 0.053085237167
1.400000000000 4.800000000000 0.055120397320
1.600000000000 4.800000000000 0.057060488240
1.800000000000 4.800000000000 0.058783442047
2.000000000000 4.800000000000 0.060180745470
2.200000000000 4.800000000000 0.061164320917
2.400000000000 4.800000000000 0.061672129946
2.600000000000 4.800000000000 0.061672129946
2.800000000000 4.800000000000 0.061164320917
3.000000000000 4.800000000000 0.060180745470
3.200000000000 4.800000000000 0.058783442047
3.400000000000 4.800000000000 0.057060488240
3.600000000000 4.800000000000 0.055120397320
3.800000000000 4.800000000000 0.053085237167
4.000000000000 4.800000000000 0.051082919525
4.200000000000 4.800000000000 0.049239154141
4.400000000000 4.800000000000 0.047669575495
4.600000000000 4.800000000000 0.046472530521
4.800000000000 4.800000000000 0.045722967250

