# x y u
0.000000000000 0.000000000000 0.027851974320
0.200000000000 0.000000000000 0.028285675509
0.400000000000 0.000000000000 0.029560897076
0.600000000000 0.000000000000 0.031601280786
0.800000000000 0.000000000000 0.034283858180
1.000000000000 0.000000000000 0.037445482206
1.200000000000 0.000000000000 0.040891740437
1.400000000000 0.000000000000 0.044408120674
1.600000000000 0.000000000000 0.047772987202
1.800000000000 0.000000000000 0.050771676837
2.000000000000 0.000000000000 0.053210787316
2.200000000000 0.000000000000 0.054931562402
2.400000000000 0.000000000000 0.055821227626
2.600000000000 0.000000000000 0.055821227626
2.800000000000 0.000000000000 0.054931562402
3.000000000000 0.000000000000 0.053210787316
3.200000000000 0.000000000000 0.050771676837
3.400000000000 0.000000000000 0.047772987202
3.600000000000 0.000000000000 0.044408120674
3.800000000000 0.000000000000 0.040891740437
4.000000000000 0.000000000000 0.037445482206
4.200000000000 0.000000000000 0.034283858180
4.400000000000 0.000000000000 0.031601280786
4.600000000000 0.000000000000 0.029560897076
4.800000000000 0.000000000000 0.028285675509

0.000000000000 0.200000000000 0.028285675509
0.200000000000 0.200000000000 0.028726130047
0.400000000000 0.200000000000 0.030021208639
0.600000000000 0.200000000000 0.032093364037
0.800000000000 0.200000000000 0.034817712980
1.000000000000 0.200000000000 0.038028567973
1.200000000000 0.200000000000 0.041528489307
1.400000000000 0.200000000000 0.045099624521
1.600000000000 0.200000000000 0.048516886722
1.800000000000 0.200000000000 0.051562270126
2.000000000000 0.200000000000 0.054039360935
2.200000000000 0.200000000000 0.055786930867
2.400000000000 0.200000000000 0.056690449406
2.600000000000 0.200000000000 0.056690449406
2.800000000000 0.200000000000 0.055786930867
3.000000000000 0.200000000000 0.054039360935
3.200000000000 0.200000000000 0.051562270126
3.400000000000 0.200000000000 0.048516886722
3.600000000000 0.200000000000 0.045099624521
3.800000000000 0.200000000000 0.041528489307
4.000000000000 0.200000000000 0.038028567973
4.200000000000 0.200000000000 0.034817712980
4.400000000000 0.200000000000 0.032093364037
4.600000000000 0.200000000000 0.030021208639
4.800000000000 0.200000000000 0.028726130047

0.000000000000 0.400000000000 0.029560897076
0.200000000000 0.400000000000 0.030021208639
0.400000000000 0.400000000000 0.031374673292
0.600000000000 0.400000000000 0.033540247705
0.800000000000 0.400000000000 0.036387418476
1.000000000000 0.400000000000 0.039743028398
1.200000000000 0.400000000000 0.043400736566
1.400000000000 0.400000000000 0.047132869077
1.600000000000 0.400000000000 0.050704191460
1.800000000000 0.400000000000 0.053886869608
2.000000000000 0.400000000000 0.056475634840
2.200000000000 0.400000000000 0.058301990263
2.400000000000 0.400000000000 0.059246242017
2.600000000000 0.400000000000 0.059246242017
2.800000000000 0.400000000000 0.058301990263
3.000000000000 0.400000000000 0.056475634840
3.200000000000 0.400000000000 0.053886869608
3.400000000000 0.400000000000 0.050704191460
3.600000000000 0.400000000000 0.047132869077
3.800000000000 0.400000000000 0.043400736566
4.000000000000 0.400000000000 0.039743028398
4.200000000000 0.400000000000 0.036387418476
4.400000000000 0.400000000000 0.033540247705
4.600000000000 0.400000000000 0.031374673292
4.800000000000 0.400000000000 0.030021208639

0.000000000000 0.600000000000 0.031601280786
0.200000000000 0.600000000000 0.032093364037
0.400000000000 0.600000000000 0.033540247705
0.600000000000 0.600000000000 0.035855294648
0.800000000000 0.600000000000 0.038898983113
1.000000000000 0.600000000000 0.042486204181
1.200000000000 0.600000000000 0.046396374839
1.400000000000 0.600000000000 0.050386106653
1.600000000000 0.600000000000 0.054203928797
1.800000000000 0.600000000000 0.057606281626
2.000000000000 0.600000000000 0.060373728450
2.200000000000 0.600000000000 0.062326142431
2.400000000000 0.600000000000 0.063335568245
2.600000000000 0.600000000000 0.063335568245
2.800000000000 0.600000000000 0.062326142431
3.000000000000 0.600000000000 0.060373728450
3.200000000000 0.600000000000 0.057606281626
3.400000000000 0.600000000000 0.054203928797
3.600000000000 0.600000000000 0.050386106653
3.800000000000 0.600000000000 0.046396374839
4.000000000000 0.600000000000 0.042486204181
4.200000000000 0.600000000000 0.038898983113
4.400000000000 0.600000000000 0.035855294648
4.600000000000 0.600000000000 0.033540247705
4.800000000000 0.600000000000 0.032093364037

0.000000000000 0.800000000000 0.034283858180
0.200000000000 0.800000000000 0.034817712980
0.400000000000 0.800000000000 0.036387418476
0.600000000000 0.800000000000 0.038898983113
0.800000000000 0.800000000000 0.042201041490
1.000000000000 0.800000000000 0.046092771275
1.200000000000 0.800000000000 0.050334864770
1.400000000000 0.800000000000 0.054663272995
1.600000000000 0.800000000000 0.058805178527
1.800000000000 0.800000000000 0.062496346706
2.000000000000 0.800000000000 0.065498713575
2.200000000000 0.800000000000 0.067616861933
2.400000000000 0.800000000000 0.068711974766
2.600000000000 0.800000000000 0.068711974766
2.800000000000 0.800000000000 0.067616861933
3.000000000000 0.800000000000 0.065498713575
3.200000000000 0.800000000000 0.062496346706
3.400000000000 0.800000000000 0.058805178527
3.600000000000 0.800000000000 0.054663272995
3.800000000000 0.800000000000 0.050334864770
4.000000000000 0.800000000000 0.046092771275
4.200000000000 0.800000000000 0.042201041490
4.400000000000 0.800000000000 0.038898983113
4.600000000000 0.800000000000 0.036387418476
4.800000000000 0.800000000000 0.034817712980

0.000000000000 1.000000000000 0.037445482206
0.200000000000 1.000000000000 0.038028567973
0.400000000000 1.000000000000 0.039743028398
0.600000000000 1.000000000000 0.042486204181
0.800000000000 1.000000000000 0.046092771275
1.000000000000 1.000000000000 0.050343387889
1.200000000000 1.000000000000 0.054976677850
1.400000000000 1.000000000000 0.059704242145
1.600000000000 1.000000000000 0.064228104747
1.800000000000 1.000000000000 0.068259663913
2.000000000000 1.000000000000 0.071538902028
2.200000000000 1.000000000000 0.073852381029
2.400000000000 1.000000000000 0.075048482569
2.600000000000 1.000000000000 0.075048482569
2.800000000000 1.000000000000 0.073852381029
3.000000000000 1.000000000000 0.071538902028
3.200000000000 1.000000000000 0.068259663913
3.400000000000 1.000000000000 0.064228104747
3.600000000000 1.000000000000 0.059704242145
3.800000000000 1.000000000000 0.054976677850
4.000000000000 1.000000000000 0.050343387889
4.200000000000 1.000000000000 0.046092771275
4.400000000000 1.000000000000 0.042486204181
4.600000000000 1.000000000000 0.039743028398
4.800000000000 1.000000000000 0.038028567973

0.000000000000 1.200000000000 0.040891740437
0.200000000000 1.200000000000 0.041528489307
0.400000000000 1.200000000000 0.043400736566
0.600000000000 1.200000000000 0.046396374839
0.800000000000 1.200000000000 0.050334864770
1.000000000000 1.200000000000 0.054976677850
1.200000000000 1.200000000000 0.060036382661
1.400000000000 1.200000000000 0.065199037989
1.600000000000 1.200000000000 0.070139244244
1.800000000000 1.200000000000 0.074541838891
2.000000000000 1.200000000000 0.078122874232
2.200000000000 1.200000000000 0.080649268971
2.400000000000 1.200000000000 0.081955450962
2.600000000000 1.200000000000 0.081955450962
2.800000000000 1.200000000000 0.080649268971
3.000000000000 1.200000000000 0.078122874232
3.200000000000 1.200000000000 0.074541838891
3.400000000000 1.200000000000 0.070139244244
3.600000000000 1.200000000000 0.065199037989
3.800000000000 1.200000000000 0.060036382661
4.000000000000 1.200000000000 0.054976677850
4.200000000000 1.200000000000 0.050334864770
4.400000000000 1.200000000000 0.046396374839
4.600000000000 1.200000000000 0.043400736566
4.800000000000 1.200000000000 0.041528489307

0.000000000000 1.400000000000 0.044408120674
0.200000000000 1.400000000000 0.045099624521
0.400000000000 1.400000000000 0.047132869077
0.600000000000 1.400000000000 0.050386106653
0.800000000000 1.400000000000 0.054663272995
1.000000000000 1.400000000000 0.059704242145
1.200000000000 1.400000000000 0.065199037989
1.400000000000 1.400000000000 0.070805637063
1.600000000000 1.400000000000 0.076170658230
1.800000000000 1.400000000000 0.080951837741
2.000000000000 1.400000000000 0.084840810912
2.200000000000 1.400000000000 0.087584453540
2.400000000000 1.400000000000 0.089002955764
2.600000000000 1.400000000000 0.089002955764
2.800000000000 1.400000000000 0.087584453540
3.000000000000 1.400000000000 0.084840810912
3.200000000000 1.400000000000 0.080951837741
3.400000000000 1.400000000000 0.076170658230
3.600000000000 1.400000000000 0.070805637063
3.800000000000 1.400000000000 0.065199037989
4.000000000000 1.400000000000 0.059704242145
4.200000000000 1.400000000000 0.054663272995
4.400000000000 1.400000000000 0.050386106653
4.600000000000 1.400000000000 0.047132869077
4.800000000000 1.400000000000 0.045099624521

0.000000000000 1.600000000000 0.047772987202
0.200000000000 1.600000000000 0.048516886722
0.400000000000 1.600000000000 0.050704191460
0.600000000000 1.600000000000 0.054203928797
0.800000000000 1.600000000000 0.058805178527
1.000000000000 1.600000000000 0.064228104747
1.200000000000 1.600000000000 0.070139244244
1.400000000000 1.600000000000 0.076170658230
1.600000000000 1.600000000000 0.081942189703
1.800000000000 1.600000000000 0.087085641450
2.000000000000 1.600000000000 0.091269283892
2.200000000000 1.600000000000 0.094220813536
2.400000000000 1.600000000000 0.095746796290
2.600000000000 1.600000000000 0.095746796290
2.800000000000 1.600000000000 0.094220813536
3.000000000000 1.600000000000 0.091269283892
3.200000000000 1.600000000000 0.087085641450
3.400000000000 1.600000000000 0.081942189703
3.600000000000 1.600000000000 0.076170658230
3.800000000000 1.600000000000 0.070139244244
4.000000000000 1.600000000000 0.064228104747
4.200000000000 1.600000000000 0.058805178527
4.400000000000 1.600000000000 0.054203928797
4.600000000000 1.600000000000 0.050704191460
4.800000000000 1.600000000000 0.048516886722

0.000000000000 1.800000000000 0.050771676837
0.200000000000 1.800000000000 0.051562270126
0.400000000000 1.800000000000 0.053886869608
0.600000000000 1.800000000000 0.057606281626
0.800000000000 1.800000000000 0.062496346706
1.000000000000 1.800000000000 0.068259663913
1.200000000000 1.800000000000 0.074541838891
1.400000000000 1.800000000000 0.080951837741
1.600000000000 1.800000000000 0.087085641450
1.800000000000 1.800000000000 0.092551941524
2.000000000000 1.800000000000 0.096998186150
2.200000000000 1.800000000000 0.100134979715
2.400000000000 1.800000000000 0.101756746538
2.600000000000 1.800000000000 0.101756746538
2.800000000000 1.800000000000 0.100134979715
3.000000000000 1.800000000000 0.096998186150
3.200000000000 1.800000000000 0.092551941524
3.400000000000 1.800000000000 0.087085641450
3.600000000000 1.800000000000 0.080951837741
3.800000000000 1.800000000000 0.074541838891
4.000000000000 1.800000000000 0.068259663913
4.200000000000 1.800000000000 0.062496346706
4.400000000000 1.800000000000 0.057606281626
4.600000000000 1.800000000000 0.053886869608
4.800000000000 1.800000000000 0.051562270126

0.000000000000 2.000000000000 0.053210787316
0.200000000000 2.000000000000 0.054039360935
0.400000000000 2.000000000000 0.056475634840
0.600000000000 2.000000000000 0.060373728450
0.800000000000 2.000000000000 0.065498713575
1.000000000000 2.000000000000 0.071538902028
1.200000000000 2.000000000000 0.078122874232
1.400000000000 2.000000000000 0.084840810912
1.600000000000 2.000000000000 0.091269283892
1.800000000000 2.000000000000 0.096998186150
2.000000000000 2.000000000000 0.101658029241
2.200000000000 2.000000000000 0.104945514960
2.400000000000 2.000000000000 0.106645191759
2.600000000000 2.000000000000 0.106645191759
2.800000000000 2.000000000000 0.104945514960
3.000000000000 2.000000000000 0.101658029241
3.200000000000 2.000000000000 0.096998186150
3.400000000000 2.000000000000 0.091269283892
3.600000000000 2.000000000000 0.084840810912
3.800000000000 2.000000000000 0.078122874232
4.000000000000 2.000000000000 0.071538902028
4.200000000000 2.000000000000 0.065498713575
4.400000000000 2.000000000000 0.060373728450
4.600000000000 2.000000000000 0.056475634840
4.800000000000 2.000000000000 0.054039360935

0.000000000000 2.200000000000 0.054931562402
0.200000000000 2.200000000000 0.055786930867
0.400000000000 2.200000000000 0.058301990263
0.600000000000 2.200000000000 0.062326142431
0.800000000000 2.200000000000 0.067616861933
1.000000000000 2.200000000000 0.073852381029
1.200000000000 2.200000000000 0.080649268971
1.400000000000 2.200000000000 0.087584453540
1.600000000000 2.200000000000 0.094220813536
1.800000000000 2.200000000000 0.100134979715
2.000000000000 2.200000000000 0.104945514960
2.200000000000 2.200000000000 0.108339312893
2.400000000000 2.200000000000 0.110093954609
2.600000000000 2.200000000000 0.110093954609
2.800000000000 2.200000000000 0.108339312893
3.000000000000 2.200000000000 0.104945514960
3.200000000000 2.200000000000 0.100134979715
3.400000000000 2.200000000000 0.094220813536
3.600000000000 2.200000000000 0.087584453540
3.800000000000 2.200000000000 0.080649268971
4.000000000000 2.200000000000 0.073852381029
4.200000000000 2.200000000000 0.067616861933
4.400000000000 2.200000000000 0.062326142431
4.600000000000 2.200000000000 0.058301990263
4.800000000000 2.200000000000 0.055786930867

0.000000000000 2.400000000000 0.055821227626
0.200000000000 2.400000000000 0.056690449406
0.400000000000 2.400000000000 0.059246242017
0.600000000000 2.400000000000 0.063335568245
0.800000000000 2.400000000000 0.068711974766
1.000000000000 2.400000000000 0.075048482569
1.200000000000 2.400000000000 0.081955450962
1.400000000000 2.400000000000 0.089002955764
1.600000000000 2.400000000000 0.095746796290
1.800000000000 2.400000000000 0.101756746538
2.000000000000 2.400000000000 0.106645191759
2.200000000000 2.400000000000 0.110093954609
2.400000000000 2.400000000000 0.111877013966
2.600000000000 2.400000000000 0.111877013966
2.800000000000 2.400000000000 0.110093954609
3.000000000000 2.400000000000 0.106645191759
3.200000000000 2.400000000000 0.101756746538
3.400000000000 2.400000000000 0.095746796290
3.600000000000 2.400000000000 0.089002955764
3.800000000000 2.400000000000 0.081955450962
4.000000000000 2.400000000000 0.075048482569
4.200000000000 2.400000000000 0.068711974766
4.400000000000 2.400000000000 0.063335568245
4.600000000000 2.400000000000 0.059246242017
4.800000000000 2.400000000000 0.056690449406

0.000000000000 2.600000000000 0.055821227626
0.200000000000 2.600000000000 0.056690449406
0.400000000000 2.600000000000 0.059246242017
0.600000000000 2.600000000000 0.063335568245
0.800000000000 2.600000000000 0.068711974766
1.000000000000 2.600000000000 0.075048482569
1.200000000000 2.600000000000 0.081955450962
1.400000000000 2.600000000000 0.089002955764
1.600000000000 2.600000000000 0.095746796290
1.800000000000 2.600000000000 0.101756746538
2.000000000000 2.600000000000 0.106645191759
2.200000000000 2.600000000000 0.110093954609
2.400000000000 2.600000000000 0.111877013966
2.600000000000 2.600000000000 0.111877013966
2.800000000000 2.600000000000 0.110093954609
3.000000000000 2.600000000000 0.106645191759
3.200000000000 2.600000000000 0.101756746538
3.400000000000 2.600000000000 0.095746796290
3.600000000000 2.600000000000 0.089002955764
3.800000000000 2.600000000000 0.081955450962
4.000000000000 2.600000000000 0.075048482569
4.200000000000 2.600000000000 0.068711974766
4.400000000000 2.600000000000 0.063335568245
4.600000000000 2.600000000000 0.059246242017
4.800000000000 2.600000000000 0.056690449406

0.000000000000 2.800000000000 0.054931562402
0.200000000000 2.800000000000 0.055786930867
0.400000000000 2.800000000000 0.058301990263
0.600000000000 2.800000000000 0.062326142431
0.800000000000 2.800000000000 0.067616861933
1.000000000000 2.800000000000 0.073852381029
1.200000000000 2.800000000000 0.080649268971
1.400000000000 2.800000000000 0.087584453540
1.600000000000 2.800000000000 0.094220813536
1.800000000000 2.800000000000 0.100134979715
2.000000000000 2.800000000000 0.104945514960
2.200000000000 2.800000000000 0.108339312893
2.400000000000 2.800000000000 0.110093954609
2.600000000000 2.800000000000 0.110093954609
2.800000000000 2.800000000000 0.108339312893
3.000000000000 2.800000000000 0.104945514960
3.200000000000 2.800000000000 0.100134979715
3.400000000000 2.800000000000 0.094220813536
3.600000000000 2.800000000000 0.087584453540
3.800000000000 2.800000000000 0.080649268971
4.000000000000 2.800000000000 0.073852381029
4.200000000000 2.800000000000 0.067616861933
4.400000000000 2.800000000000 0.062326142431
4.600000000000 2.800000000000 0.058301990263
4.800000000000 2.800000000000 0.055786930867

0.000000000000 3.000000000000 0.053210787316
0.200000000000 3.000000000000 0.054039360935
0.400000000000 3.000000000000 0.056475634840
0.600000000000 3.000000000000 0.060373728450
0.800000000000 3.000000000000 0.065498713575
1.000000000000 3.000000000000 0.071538902028
1.200000000000 3.000000000000 0.078122874232
1.400000000000 3.000000000000 0.084840810912
1.600000000000 3.000000000000 0.091269283892
1.800000000000 3.000000000000 0.096998186150
2.000000000000 3.000000000000 0.101658029241
2.200000000000 3.000000000000 0.104945514960
2.400000000000 3.000000000000 0.106645191759
2.600000000000 3.000000000000 0.106645191759
2.800000000000 3.000000000000 0.104945514960
3.000000000000 3.000000000000 0.101658029241
3.200000000000 3.000000000000 0.096998186150
3.400000000000 3.000000000000 0.091269283892
3.600000000000 3.000000000000 0.084840810912
3.800000000000 3.000000000000 0.078122874232
4.000000000000 3.000000000000 0.071538902028
4.200000000000 3.000000000000 0.065498713575
4.400000000000 3.000000000000 0.060373728450
4.600000000000 3.000000000000 0.056475634840
4.800000000000 3.000000000000 0.054039360935

0.000000000000 3.200000000000 0.050771676837
0.200000000000 3.200000000000 0.051562270126
0.400000000000 3.200000000000 0.053886869608
0.600000000000 3.200000000000 0.057606281626
0.800000000000 3.200000000000 0.062496346706
1.000000000000 3.200000000000 0.068259663913
1.200000000000 3.200000000000 0.074541838891
1.400000000000 3.200000000000 0.080951837741
1.600000000000 3.200000000000 0.087085641450
1.800000000000 3.200000000000 0.092551941524
2.000000000000 3.200000000000 0.096998186150
2.200000000000 3.200000000000 0.100134979715
2.400000000000 3.200000000000 0.101756746538
2.600000000000 3.200000000000 0.101756746538
2.800000000000 3.200000000000 0.100134979715
3.000000000000 3.200000000000 0.096998186150
3.200000000000 3.200000000000 0.092551941524
3.400000000000 3.200000000000 0.087085641450
3.600000000000 3.200000000000 0.080951837741
3.800000000000 3.200000000000 0.074541838891
4.000000000000 3.200000000000 0.068259663913
4.200000000000 3.200000000000 0.062496346706
4.400000000000 3.200000000000 0.057606281626
4.600000000000 3.200000000000 0.053886869608
4.800000000000 3.200000000000 0.051562270126

0.000000000000 3.400000000000 0.047772987202
0.200000000000 3.400000000000 0.048516886722
0.400000000000 3.400000000000 0.050704191460
0.600000000000 3.400000000000 0.054203928797
0.800000000000 3.400000000000 0.058805178527
1.000000000000 3.400000000000 0.064228104747
1.200000000000 3.400000000000 0.070139244244
1.400000000000 3.400000000000 0.076170658230
1.600000000000 3.400000000000 0.081942189703
1.800000000000 3.400000000000 0.087085641450
2.000000000000 3.400000000000 0.091269283892
2.200000000000 3.400000000000 0.094220813536
2.400000000000 3.400000000000 0.095746796290
2.600000000000 3.400000000000 0.095746796290
2.800000000000 3.400000000000 0.094220813536
3.000000000000 3.400000000000 0.091269283892
3.200000000000 3.400000000000 0.087085641450
3.400000000000 3.400000000000 0.081942189703
3.600000000000 3.400000000000 0.076170658230
3.800000000000 3.400000000000 0.070139244244
4.000000000000 3.400000000000 0.064228104747
4.200000000000 3.400000000000 0.058805178527
4.400000000000 3.400000000000 0.054203928797
4.600000000000 3.400000000000 0.050704191460
4.800000000000 3.400000000000 0.048516886722

0.000000000000 3.600000000000 0.044408120674
0.200000000000 3.600000000000 0.045099624521
0.400000000000 3.600000000000 0.047132869077
0.600000000000 3.600000000000 0.050386106653
0.800000000000 3.600000000000 0.054663272995
1.000000000000 3.600000000000 0.059704242145
1.200000000000 3.600000000000 0.065199037989
1.400000000000 3.600000000000 0.070805637063
1.600000000000 3.600000000000 0.076170658230
1.800000000000 3.600000000000 0.080951837741
2.000000000000 3.600000000000 0.084840810912
2.200000000000 3.600000000000 0.087584453540
2.400000000000 3.600000000000 0.089002955764
2.600000000000 3.600000000000 0.089002955764
2.800000000000 3.600000000000 0.087584453540
3.000000000000 3.600000000000 0.084840810912
3.200000000000 3.600000000000 0.080951837741
3.400000000000 3.600000000000 0.076170658230
3.600000000000 3.600000000000 0.070805637063
3.800000000000 3.600000000000 0.065199037989
4.000000000000 3.600000000000 0.059704242145
4.200000000000 3.600000000000 0.054663272995
4.400000000000 3.600000000000 0.050386106653
4.600000000000 3.600000000000 0.047132869077
4.800000000000 3.600000000000 0.045099624521

0.000000000000 3.800000000000 0.040891740437
0.200000000000 3.800000000000 0.041528489307
0.400000000000 3.800000000000 0.043400736566
0.600000000000 3.800000000000 0.046396374839
0.800000000000 3.800000000000 0.050334864770
1.000000000000 3.800000000000 0.054976677850
1.200000000000 3.800000000000 0.060036382661
1.400000000000 3.800000000000 0.065199037989
1.600000000000 3.800000000000 0.070139244244
1.800000000000 3.800000000000 0.074541838891
2.000000000000 3.800000000000 0.078122874232
2.200000000000 3.800000000000 0.080649268971
2.400000000000 3.800000000000 0.081955450962
2.600000000000 3.800000000000 0.081955450962
2.800000000000 3.800000000000 0.080649268971
3.000000000000 3.800000000000 0.078122874232
3.200000000000 3.800000000000 0.074541838891
3.400000000000 3.800000000000 0.070139244244
3.600000000000 3.800000000000 0.065199037989
3.800000000000 3.800000000000 0.060036382661
4.000000000000 3.800000000000 0.054976677850
4.200000000000 3.800000000000 0.050334864770
4.400000000000 3.800000000000 0.046396374839
4.600000000000 3.800000000000 0.043400736566
4.800000000000 3.800000000000 0.041528489307

0.000000000000 4.000000000000 0.037445482206
0.200000000000 4.000000000000 0.038028567973
0.400000000000 4.000000000000 0.039743028398
0.600000000000 4.000000000000 0.042486204181
0.800000000000 4.000000000000 0.046092771275
1.000000000000 4.000000000000 0.050343387889
1.200000000000 4.000000000000 0.054976677850
1.400000000000 4.000000000000 0.059704242145
1.600000000000 4.000000000000 0.064228104747
1.800000000000 4.000000000000 0.068259663913
2.000000000000 4.000000000000 0.071538902028
2.200000000000 4.000000000000 0.073852381029
2.400000000000 4.000000000000 0.075048482569
2.600000000000 4.000000000000 0.075048482569
2.800000000000 4.000000000000 0.073852381029
3.000000000000 4.000000000000 0.071538902028
3.200000000000 4.000000000000 0.068259663913
3.400000000000 4.000000000000 0.064228104747
3.600000000000 4.000000000000 0.059704242145
3.800000000000 4.000000000000 0.054976677850
4.000000000000 4.000000000000 0.050343387889
4.200000000000 4.000000000000 0.046092771275
4.400000000000 4.000000000000 0.042486204181
4.600000000000 4.000000000000 0.039743028398
4.800000000000 4.000000000000 0.038028567973

0.000000000000 4.200000000000 0.034283858180
0.200000000000 4.200000000000 0.034817712980
0.400000000000 4.200000000000 0.036387418476
0.600000000000 4.200000000000 0.038898983113
0.800000000000 4.200000000000 0.042201041490
1.000000000000 4.200000000000 0.046092771275
1.200000000000 4.200000000000 0.050334864770
1.400000000000 4.200000000000 0.054663272995
1.600000000000 4.200000000000 0.058805178527
1.800000000000 4.200000000000 0.062496346706
2.000000000000 4.200000000000 0.065498713575
2.200000000000 4.200000000000 0.067616861933
2.400000000000 4.200000000000 0.068711974766
2.600000000000 4.200000000000 0.068711974766
2.800000000000 4.200000000000 0.067616861933
3.000000000000 4.200000000000 0.065498713575
3.200000000000 4.200000000000 0.062496346706
3.400000000000 4.200000000000 0.058805178527
3.600000000000 4.200000000000 0.054663272995
3.800000000000 4.200000000000 0.050334864770
4.000000000000 4.200000000000 0.046092771275
4.200000000000 4.200000000000 0.042201041490
4.400000000000 4.200000000000 0.038898983113
4.600000000000 4.200000000000 0.036387418476
4.800000000000 4.200000000000 0.034817712980

0.000000000000 4.400000000000 0.031601280786
0.200000000000 4.400000000000 0.032093364037
0.400000000000 4.400000000000 0.033540247705
0.600000000000 4.400000000000 0.035855294648
0.800000000000 4.400000000000 0.038898983113
1.000000000000 4.400000000000 0.042486204181
1.200000000000 4.400000000000 0.046396374839
1.400000000000 4.400000000000 0.050386106653
1.600000000000 4.400000000000 0.054203928797
1.800000000000 4.400000000000 0.057606281626
2.000000000000 4.400000000000 0.060373728450
2.200000000000 4.400000000000 0.062326142431
2.400000000000 4.400000000000 0.063335568245
2.600000000000 4.400000000000 0.063335568245
2.800000000000 4.400000000000 0.062326142431
3.000000000000 4.400000000000 0.060373728450
3.200000000000 4.400000000000 0.057606281626
3.400000000000 4.400000000000 0.054203928797
3.600000000000 4.400000000000 0.050386106653
3.800000000000 4.400000000000 0.046396374839
4.000000000000 4.400000000000 0.042486204181
4.200000000000 4.400000000000 0.038898983113
4.400000000000 4.400000000000 0.035855294648
4.600000000000 4.400000000000 0.033540247705
4.800000000000 4.400000000000 0.032093364037

0.000000000000 4.600000000000 0.029560897076
0.200000000000 4.600000000000 0.030021208639
0.400000000000 4.600000000000 0.031374673292
0.600000000000 4.600000000000 0.033540247705
0.800000000000 4.600000000000 0.036387418476
1.000000000000 4.600000000000 0.039743028398
1.200000000000 4.600000000000 0.043400736566
1.400000000000 4.600000000000 0.047132869077
1.600000000000 4.600000000000 0.050704191460
1.800000000000 4.600000000000 0.053886869608
2.000000000000 4.600000000000 0.056475634840
2.200000000000 4.600000000000 0.058301990263
2.400000000000 4.600000000000 0.059246242017
2.600000000000 4.600000000000 0.059246242017
2.800000000000 4.600000000000 0.058301990263
3.000000000000 4.600000000000 0.056475634840
3.200000000000 4.600000000000 0.053886869608
3.400000000000 4.600000000000 0.050704191460
3.600000000000 4.600000000000 0.047132869077
3.800000000000 4.600000000000 0.043400736566
4.000000000000 4.600000000000 0.039743028398
4.200000000000 4.600000000000 0.036387418476
4.400000000000 4.600000000000 0.033540247705
4.600000000000 4.600000000000 0.031374673292
4.800000000000 4.600000000000 0.030021208639

0.000000000000 4.800000000000 0.028285675509
0.200000000000 4.800000000000 0.028726130047
0.400000000000 4.800000000000 0.030021208639
0.600000000000 4.800000000000 0.032093364037
0.800000000000 4.800000000000 0.034817712980
1.000000000000 4.800000000000 0.038028567973
1.200000000000 4.800000000000 0.041528489307
1.400000000000 4.800000000000 0.045099624521
1.600000000000 4.800000000000 0.048516886722
1.800000000000 4.800000000000 0.051562270126
2.000000000000 4.800000000000 0.054039360935
2.200000000000 4.800000000000 0.055786930867
2.400000000000 4.800000000000 0.056690449406
2.600000000000 4.800000000000 0.056690449406
2.800000000000 4.800000000000 0.055786930867
3.000000000000 4.800000000000 0.054039360935
3.200000000000 4.800000000000 0.051562270126
3.400000000000 4.800000000000 0.048516886722
3.600000000000 4.800000000000 0.045099624521
3.800000000000 4.800000000000 0.041528489307
4.000000000000 4.800000000000 0.038028567973
4.200000000000 4.800000000000 0.034817712980
4.400000000000 4.800000000000 0.032093364037
4.600000000000 4.800000000000 0.030021208639
4.800000000000 4.800000000000 0.028726130047

