# x y u
0.000000000000 0.000000000000 0.016791226116
0.200000000000 0.000000000000 0.035538159211
0.400000000000 0.000000000000 0.063777976100
0.600000000000 0.000000000000 0.096408483347
0.800000000000 0.000000000000 0.122895556193
1.000000000000 0.000000000000 0.132715461480
1.200000000000 0.000000000000 0.122022479925
1.400000000000 0.000000000000 0.095888193929
1.600000000000 0.000000000000 0.064524991715
1.800000000000 0.000000000000 0.037160169697
2.000000000000 0.000000000000 0.018247232366
2.200000000000 0.000000000000 0.007579124977
2.400000000000 0.000000000000 0.002624807404
2.600000000000 0.000000000000 0.000739144225
2.800000000000 0.000000000000 0.000161625660
3.000000000000 0.000000000000 0.000024211947
3.200000000000 0.000000000000 0.000001794808
3.400000000000 0.000000000000 0.000000248040
3.600000000000 0.000000000000 0.000001300936
3.800000000000 0.000000000000 0.000012687750
4.000000000000 0.000000000000 0.000054723417
4.200000000000 0.000000000000 0.000210731075
4.400000000000 0.000000000000 0.000766715931
4.600000000000 0.000000000000 0.002446504534
4.800000000000 0.000000000000 0.006841885949

0.000000000000 0.200000000000 0.035538159211
0.200000000000 0.200000000000 0.074946328501
0.400000000000 0.200000000000 0.134054785222
0.600000000000 0.200000000000 0.202061824785
0.800000000000 0.200000000000 0.256968024050
1.000000000000 0.200000000000 0.276973043536
1.200000000000 0.200000000000 0.254275054692
1.400000000000 0.200000000000 0.199586415073
1.600000000000 0.200000000000 0.134194826520
1.800000000000 0.200000000000 0.077243445052
2.000000000000 0.200000000000 0.037922300685
2.200000000000 0.200000000000 0.015753760619
2.400000000000 0.200000000000 0.005459112006
2.600000000000 0.200000000000 0.001539170960
2.800000000000 0.200000000000 0.000337323979
3.000000000000 0.200000000000 0.000050791228
3.200000000000 0.200000000000 0.000003840925
3.400000000000 0.200000000000 0.000000531975
3.600000000000 0.200000000000 0.000002956101
3.800000000000 0.200000000000 0.000027373252
4.000000000000 0.200000000000 0.000117554362
4.200000000000 0.200000000000 0.000452379159
4.400000000000 0.200000000000 0.001639659171
4.600000000000 0.200000000000 0.005212923632
4.800000000000 0.200000000000 0.014531087700

0.000000000000 0.400000000000 0.063777976100
0.200000000000 0.400000000000 0.134054785222
0.400000000000 0.400000000000 0.239060509087
0.600000000000 0.400000000000 0.359432821009
0.800000000000 0.400000000000 0.456187285228
1.000000000000 0.400000000000 0.490947270481
1.200000000000 0.400000000000 0.450207118980
1.400000000000 0.400000000000 0.353109296022
1.600000000000 0.400000000000 0.237317644868
1.800000000000 0.400000000000 0.136588988253
2.000000000000 0.400000000000 0.067074908268
2.200000000000 0.400000000000 0.027882733849
2.400000000000 0.400000000000 0.009673465049
2.600000000000 0.400000000000 0.002732623768
2.800000000000 0.400000000000 0.000600777307
3.000000000000 0.400000000000 0.000091064159
3.200000000000 0.400000000000 0.000007041165
3.400000000000 0.400000000000 0.000000977065
3.600000000000 0.400000000000 0.000005657536
3.800000000000 0.400000000000 0.000050018261
4.000000000000 0.400000000000 0.000214038206
4.200000000000 0.400000000000 0.000822963064
4.400000000000 0.400000000000 0.002971734492
4.600000000000 0.400000000000 0.009415245559
4.800000000000 0.400000000000 0.026163860133

0.000000000000 0.600000000000 0.096408483347
0.200000000000 0.600000000000 0.202061824785
0.400000000000 0.600000000000 0.359432821009
0.600000000000 0.600000000000 0.539323043287
0.800000000000 0.600000000000 0.683457025716
1.000000000000 0.600000000000 0.734740555525
1.200000000000 0.600000000000 0.673308077025
1.400000000000 0.600000000000 0.527918538090
1.600000000000 0.600000000000 0.354804608746
1.800000000000 0.600000000000 0.204278258643
2.000000000000 0.600000000000 0.100385628532
2.200000000000 0.600000000000 0.041777063298
2.400000000000 0.600000000000 0.014518411289
2.600000000000 0.600000000000 0.004111584702
2.800000000000 0.600000000000 0.000907490850
3.000000000000 0.600000000000 0.000138638510
3.200000000000 0.600000000000 0.000010972648
3.400000000000 0.600000000000 0.000001521961
3.600000000000 0.600000000000 0.000009032915
3.800000000000 0.600000000000 0.000076810601
4.000000000000 0.600000000000 0.000327797623
4.200000000000 0.600000000000 0.001259172192
4.400000000000 0.600000000000 0.004531450891
4.600000000000 0.600000000000 0.014312807136
4.800000000000 0.600000000000 0.039664467606

0.000000000000 0.800000000000 0.122895556193
0.200000000000 0.800000000000 0.256968024050
0.400000000000 0.800000000000 0.456187285228
0.600000000000 0.800000000000 0.683457025716
0.800000000000 0.800000000000 0.865193485608
1.000000000000 0.800000000000 0.929517562218
1.200000000000 0.800000000000 0.851568528219
1.400000000000 0.800000000000 0.667730265519
1.600000000000 0.800000000000 0.448943867617
1.800000000000 0.800000000000 0.258664901261
2.000000000000 0.800000000000 0.127250280971
2.200000000000 0.800000000000 0.053038201883
2.400000000000 0.800000000000 0.018470923681
2.600000000000 0.800000000000 0.005246575542
2.800000000000 0.800000000000 0.001163202014
3.000000000000 0.800000000000 0.000179251654
3.200000000000 0.800000000000 0.000014526119
3.400000000000 0.800000000000 0.000002007496
3.600000000000 0.800000000000 0.000012048755
3.800000000000 0.800000000000 0.000099224985
4.000000000000 0.800000000000 0.000422631634
4.200000000000 0.800000000000 0.001621919309
4.400000000000 0.800000000000 0.005819431893
4.600000000000 0.800000000000 0.018332730399
4.800000000000 0.800000000000 0.050685630986

0.000000000000 1.000000000000 0.132715461480
0.200000000000 1.000000000000 0.276973043536
0.400000000000 1.000000000000 0.490947270481
0.600000000000 1.000000000000 0.734740555525
0.800000000000 1.000000000000 0.929517562218
1.000000000000 1.000000000000 0.998373001713
1.200000000000 1.000000000000 0.914736081400
1.400000000000 1.000000000000 0.717556952341
1.600000000000 1.000000000000 0.482793306093
1.800000000000 1.000000000000 0.278459197287
2.000000000000 1.000000000000 0.137181885842
2.200000000000 1.000000000000 0.057284301260
2.400000000000 1.000000000000 0.019998919042
2.600000000000 1.000000000000 0.005699765574
2.800000000000 1.000000000000 0.001269920089
3.000000000000 1.000000000000 0.000197520079
3.200000000000 1.000000000000 0.000016388292
3.400000000000 1.000000000000 0.000002248854
3.600000000000 1.000000000000 0.000013507212
3.800000000000 1.000000000000 0.000108343195
4.000000000000 1.000000000000 0.000460868782
4.200000000000 1.000000000000 0.001767039328
4.400000000000 1.000000000000 0.006323618229
4.600000000000 1.000000000000 0.019876982287
4.800000000000 1.000000000000 0.054846944467

0.000000000000 1.200000000000 0.122022479925
0.200000000000 1.200000000000 0.254275054692
0.400000000000 1.200000000000 0.450207118980
0.600000000000 1.200000000000 0.673308077025
0.800000000000 1.200000000000 0.851568528219
1.000000000000 1.200000000000 0.914736081400
1.200000000000 1.200000000000 0.838457321318
1.400000000000 1.200000000000 0.658195641958
1.600000000000 1.200000000000 0.443305861564
1.800000000000 1.200000000000 0.256027114141
2.000000000000 1.200000000000 0.126346241928
2.200000000000 1.200000000000 0.052873722240
2.400000000000 1.200000000000 0.018510496360
2.600000000000 1.200000000000 0.005295162890
2.800000000000 1.200000000000 0.001186067521
3.000000000000 1.200000000000 0.000186290055
3.200000000000 1.200000000000 0.000015823809
3.400000000000 1.200000000000 0.000002148771
3.600000000000 1.200000000000 0.000012808854
3.800000000000 1.200000000000 0.000100521401
4.000000000000 1.200000000000 0.000427267196
4.200000000000 1.200000000000 0.001636779669
4.400000000000 1.200000000000 0.005844205868
4.600000000000 1.200000000000 0.018335998704
4.800000000000 1.200000000000 0.050512002423

0.000000000000 1.400000000000 0.095888193929
0.200000000000 1.400000000000 0.199586415073
0.400000000000 1.400000000000 0.353109296022
0.600000000000 1.400000000000 0.527918538090
0.800000000000 1.400000000000 0.667730265520
1.000000000000 1.400000000000 0.717556952341
1.200000000000 1.400000000000 0.658195641958
1.400000000000 1.400000000000 0.517212188245
1.600000000000 1.400000000000 0.348805966956
1.800000000000 1.400000000000 0.201776454505
2.000000000000 1.400000000000 0.099772543008
2.200000000000 1.400000000000 0.041855652908
2.400000000000 1.400000000000 0.014698527350
2.600000000000 1.400000000000 0.004221753157
2.800000000000 1.400000000000 0.000951052596
3.000000000000 1.400000000000 0.000150920774
3.200000000000 1.400000000000 0.000013124929
3.400000000000 1.400000000000 0.000001757865
3.600000000000 1.400000000000 0.000010327100
3.800000000000 1.400000000000 0.000079575242
4.000000000000 1.400000000000 0.000338129093
4.200000000000 1.400000000000 0.001294245308
4.400000000000 1.400000000000 0.004612046007
4.600000000000 1.400000000000 0.014447791244
4.800000000000 1.400000000000 0.039747056548

0.000000000000 1.600000000000 0.064524991715
0.200000000000 1.600000000000 0.134194826520
0.400000000000 1.600000000000 0.237317644868
0.600000000000 1.600000000000 0.354804608746
0.800000000000 1.600000000000 0.448943867617
1.000000000000 1.600000000000 0.482793306093
1.200000000000 1.600000000000 0.443305861564
1.400000000000 1.600000000000 0.348805966956
1.600000000000 1.600000000000 0.235608704497
1.800000000000 1.600000000000 0.136555182806
2.000000000000 1.600000000000 0.067677146753
2.200000000000 1.600000000000 0.028469881378
2.400000000000 1.600000000000 0.010032103054
2.600000000000 1.600000000000 0.002894211561
2.800000000000 1.600000000000 0.000656016277
3.000000000000 1.600000000000 0.000105238467
3.200000000000 1.600000000000 0.000009373253
3.400000000000 1.600000000000 0.000001234069
3.600000000000 1.600000000000 0.000007098918
3.800000000000 1.600000000000 0.000053860467
4.000000000000 1.600000000000 0.000228886016
4.200000000000 1.600000000000 0.000875423190
4.400000000000 1.600000000000 0.003114184965
4.600000000000 1.600000000000 0.009743147918
4.800000000000 1.600000000000 0.026774928043

0.000000000000 1.800000000000 0.037160169697
0.200000000000 1.800000000000 0.077243445052
0.400000000000 1.800000000000 0.136588988253
0.600000000000 1.800000000000 0.204278258643
0.800000000000 1.800000000000 0.258664901261
1.000000000000 1.800000000000 0.278459197287
1.200000000000 1.800000000000 0.256027114141
1.400000000000 1.800000000000 0.201776454505
1.600000000000 1.800000000000 0.136555182806
1.800000000000 1.800000000000 0.079322435234
2.000000000000 1.800000000000 0.039415702424
2.200000000000 1.800000000000 0.016632917126
2.400000000000 1.800000000000 0.005883428661
2.600000000000 1.800000000000 0.001705609085
2.800000000000 1.800000000000 0.000389194694
3.000000000000 1.800000000000 0.000063161892
3.200000000000 1.800000000000 0.000005765457
3.400000000000 1.800000000000 0.000000743587
3.600000000000 1.800000000000 0.000004160708
3.800000000000 1.800000000000 0.000031154867
4.000000000000 1.800000000000 0.000132464151
4.200000000000 1.800000000000 0.000506270353
4.400000000000 1.800000000000 0.001798258544
4.600000000000 1.800000000000 0.005620338339
4.800000000000 1.800000000000 0.015431972035

0.000000000000 2.000000000000 0.018247232366
0.200000000000 2.000000000000 0.037922300685
0.400000000000 2.000000000000 0.067074908268
0.600000000000 2.000000000000 0.100385628532
0.800000000000 2.000000000000 0.127250280971
1.000000000000 2.000000000000 0.137181885842
1.200000000000 2.000000000000 0.126346241928
1.400000000000 2.000000000000 0.099772543008
1.600000000000 2.000000000000 0.067677146753
1.800000000000 2.000000000000 0.039415702424
2.000000000000 2.000000000000 0.019645308494
2.200000000000 2.000000000000 0.008319622152
2.400000000000 2.000000000000 0.002955502709
2.600000000000 2.000000000000 0.000861453731
2.800000000000 2.000000000000 0.000198023365
3.000000000000 2.000000000000 0.000032541913
3.200000000000 2.000000000000 0.000003047775
3.400000000000 2.000000000000 0.000000383601
3.600000000000 2.000000000000 0.000002072245
3.800000000000 2.000000000000 0.000015343576
4.000000000000 2.000000000000 0.000065300319
4.200000000000 2.000000000000 0.000249404950
4.400000000000 2.000000000000 0.000884714476
4.600000000000 2.000000000000 0.002762957425
4.800000000000 2.000000000000 0.007581702522

0.000000000000 2.200000000000 0.007579124977
0.200000000000 2.200000000000 0.015753760619
0.400000000000 2.200000000000 0.027882733849
0.600000000000 2.200000000000 0.041777063298
0.800000000000 2.200000000000 0.053038201883
1.000000000000 2.200000000000 0.057284301260
1.200000000000 2.200000000000 0.052873722240
1.400000000000 2.200000000000 0.041855652908
1.600000000000 2.200000000000 0.028469881378
1.800000000000 2.200000000000 0.016632917126
2.000000000000 2.200000000000 0.008319622152
2.200000000000 2.200000000000 0.003537873333
2.400000000000 2.200000000000 0.001263026329
2.600000000000 2.200000000000 0.000370411856
2.800000000000 2.200000000000 0.000085854091
3.000000000000 2.200000000000 0.000014304962
3.200000000000 2.200000000000 0.000001377113
3.400000000000 2.200000000000 0.000000168410
3.600000000000 2.200000000000 0.000000870136
3.800000000000 2.200000000000 0.000006381856
4.000000000000 2.200000000000 0.000027200821
4.200000000000 2.200000000000 0.000103824143
4.400000000000 2.200000000000 0.000367880271
4.600000000000 2.200000000000 0.001148283593
4.800000000000 2.200000000000 0.003149828795

0.000000000000 2.400000000000 0.002624807404
0.200000000000 2.400000000000 0.005459112006
0.400000000000 2.400000000000 0.009673465049
0.600000000000 2.400000000000 0.014518411289
0.800000000000 2.400000000000 0.018470923681
1.000000000000 2.400000000000 0.019998919042
1.200000000000 2.400000000000 0.018510496360
1.400000000000 2.400000000000 0.014698527350
1.600000000000 2.400000000000 0.010032103054
1.800000000000 2.400000000000 0.005883428661
2.000000000000 2.400000000000 0.002955502709
2.200000000000 2.400000000000 0.001263026329
2.400000000000 2.400000000000 0.000453539271
2.600000000000 2.400000000000 0.000133971637
2.800000000000 2.400000000000 0.000031350314
3.000000000000 2.400000000000 0.000005306063
3.200000000000 2.400000000000 0.000000526515
3.400000000000 2.400000000000 0.000000062228
3.600000000000 2.400000000000 0.000000303554
3.800000000000 2.400000000000 0.000002208947
4.000000000000 2.400000000000 0.000009435692
4.200000000000 2.400000000000 0.000035994875
4.400000000000 2.400000000000 0.000127422170
4.600000000000 2.400000000000 0.000397639931
4.800000000000 2.400000000000 0.001090706051

0.000000000000 2.600000000000 0.000739144225
0.200000000000 2.600000000000 0.001539170960
0.400000000000 2.600000000000 0.002732623768
0.600000000000 2.600000000000 0.004111584702
0.800000000000 2.600000000000 0.005246575542
1.000000000000 2.600000000000 0.005699765574
1.200000000000 2.600000000000 0.005295162890
1.400000000000 2.600000000000 0.004221753157
1.600000000000 2.600000000000 0.002894211561
1.800000000000 2.600000000000 0.001705609085
2.000000000000 2.600000000000 0.000861453731
2.200000000000 2.600000000000 0.000370411856
2.400000000000 2.600000000000 0.000133971637
2.600000000000 2.600000000000 0.000039923306
2.800000000000 2.600000000000 0.000009450660
3.000000000000 2.600000000000 0.000001629391
3.200000000000 2.600000000000 0.000000167394
3.400000000000 2.600000000000 0.000000018986
3.600000000000 2.600000000000 0.000000085716
3.800000000000 2.600000000000 0.000000619990
4.000000000000 2.600000000000 0.000002657001
4.200000000000 2.600000000000 0.000010130790
4.400000000000 2.600000000000 0.000035838559
4.600000000000 2.600000000000 0.000111860645
4.800000000000 2.600000000000 0.000306946883

0.000000000000 2.800000000000 0.000161625660
0.200000000000 2.800000000000 0.000337323979
0.400000000000 2.800000000000 0.000600777307
0.600000000000 2.800000000000 0.000907490850
0.800000000000 2.800000000000 0.001163202014
1.000000000000 2.800000000000 0.001269920089
1.200000000000 2.800000000000 0.001186067521
1.400000000000 2.800000000000 0.000951052596
1.600000000000 2.800000000000 0.000656016277
1.800000000000 2.800000000000 0.000389194694
2.000000000000 2.800000000000 0.000198023365
2.200000000000 2.800000000000 0.000085854091
2.400000000000 2.800000000000 0.000031350314
2.600000000000 2.800000000000 0.000009450660
2.800000000000 2.800000000000 0.000002270748
3.000000000000 2.800000000000 0.000000400735
3.200000000000 2.800000000000 0.000000042950
3.400000000000 2.800000000000 0.000000004629
3.600000000000 2.800000000000 0.000000018674
3.800000000000 2.800000000000 0.000000134524
4.000000000000 2.800000000000 0.000000579494
4.200000000000 2.800000000000 0.000002208691
4.400000000000 2.800000000000 0.000007810584
4.600000000000 2.800000000000 0.000024398828
4.800000000000 2.800000000000 0.000067022432

0.000000000000 3.000000000000 0.000024211947
0.200000000000 3.000000000000 0.000050791228
0.400000000000 3.000000000000 0.000091064159
0.600000000000 3.000000000000 0.000138638510
0.800000000000 3.000000000000 0.000179251654
1.000000000000 3.000000000000 0.000197520079
1.200000000000 3.000000000000 0.000186290055
1.400000000000 3.000000000000 0.000150920774
1.600000000000 3.000000000000 0.000105238467
1.800000000000 3.000000000000 0.000063161892
2.000000000000 3.000000000000 0.000032541913
2.200000000000 3.000000000000 0.000014304962
2.400000000000 3.000000000000 0.000005306063
2.600000000000 3.000000000000 0.000001629391
2.800000000000 3.000000000000 0.000000400735
3.000000000000 3.000000000000 0.000000073248
3.200000000000 3.000000000000 0.000000008340
3.400000000000 3.000000000000 0.000000000836
3.600000000000 3.000000000000 0.000000002741
3.800000000000 3.000000000000 0.000000019753
4.000000000000 3.000000000000 0.000000086010
4.200000000000 3.000000000000 0.000000327758
4.400000000000 3.000000000000 0.000001159458
4.600000000000 3.000000000000 0.000003631117
4.800000000000 3.000000000000 0.000010003737

0.000000000000 3.200000000000 0.000001794808
0.200000000000 3.200000000000 0.000003840925
0.400000000000 3.200000000000 0.000007041165
0.600000000000 3.200000000000 0.000010972648
0.800000000000 3.200000000000 0.000014526119
1.000000000000 3.200000000000 0.000016388292
1.200000000000 3.200000000000 0.000015823809
1.400000000000 3.200000000000 0.000013124929
1.600000000000 3.200000000000 0.000009373253
1.800000000000 3.200000000000 0.000005765457
2.000000000000 3.200000000000 0.000003047775
2.200000000000 3.200000000000 0.000001377113
2.400000000000 3.200000000000 0.000000526515
2.600000000000 3.200000000000 0.000000167394
2.800000000000 3.200000000000 0.000000042950
3.000000000000 3.200000000000 0.000000008340
3.200000000000 3.200000000000 0.000000001049
3.400000000000 3.200000000000 0.000000000093
3.600000000000 3.200000000000 0.000000000170
3.800000000000 3.200000000000 0.000000001322
4.000000000000 3.200000000000 0.000000005984
4.200000000000 3.200000000000 0.000000022921
4.400000000000 3.200000000000 0.000000081938
4.600000000000 3.200000000000 0.000000260565
4.800000000000 3.200000000000 0.000000729045

0.000000000000 3.400000000000 0.000000248040
0.200000000000 3.400000000000 0.000000531975
0.400000000000 3.400000000000 0.000000977065
0.600000000000 3.400000000000 0.000001521961
0.800000000000 3.400000000000 0.000002007496
1.000000000000 3.400000000000 0.000002248854
1.200000000000 3.400000000000 0.000002148771
1.400000000000 3.400000000000 0.000001757865
1.600000000000 3.400000000000 0.000001234069
1.800000000000 3.400000000000 0.000000743587
2.000000000000 3.400000000000 0.000000383601
2.200000000000 3.400000000000 0.000000168410
2.400000000000 3.400000000000 0.000000062228
2.600000000000 3.400000000000 0.000000018986
2.800000000000 3.400000000000 0.000000004629
3.000000000000 3.400000000000 0.000000000836
3.200000000000 3.400000000000 0.000000000093
3.400000000000 3.400000000000 0.000000000012
3.600000000000 3.400000000000 0.000000000021
3.800000000000 3.400000000000 0.000000000186
4.000000000000 3.400000000000 0.000000000845
4.200000000000 3.400000000000 0.000000003181
4.400000000000 3.400000000000 0.000000011349
4.600000000000 3.400000000000 0.000000036082
4.800000000000 3.400000000000 0.000000100753

0.000000000000 3.600000000000 0.000001300936
0.200000000000 3.600000000000 0.000002956101
0.400000000000 3.600000000000 0.000005657536
0.600000000000 3.600000000000 0.000009032915
0.800000000000 3.600000000000 0.000012048755
1.000000000000 3.600000000000 0.000013507212
1.200000000000 3.600000000000 0.000012808854
1.400000000000 3.600000000000 0.000010327100
1.600000000000 3.600000000000 0.000007098918
1.800000000000 3.600000000000 0.000004160708
2.000000000000 3.600000000000 0.000002072245
2.200000000000 3.600000000000 0.000000870136
2.400000000000 3.600000000000 0.000000303554
2.600000000000 3.600000000000 0.000000085716
2.800000000000 3.600000000000 0.000000018674
3.000000000000 3.600000000000 0.000000002741
3.200000000000 3.600000000000 0.000000000170
3.400000000000 3.600000000000 0.000000000021
3.600000000000 3.600000000000 -0.000000000040
3.800000000000 3.600000000000 0.000000000610
4.000000000000 3.600000000000 0.000000003064
4.200000000000 3.600000000000 0.000000011895
4.400000000000 3.600000000000 0.000000047378
4.600000000000 3.600000000000 0.000000164533
4.800000000000 3.600000000000 0.000000493645

0.000000000000 3.800000000000 0.000012687750
0.200000000000 3.800000000000 0.000027373252
0.400000000000 3.800000000000 0.000050018261
0.600000000000 3.800000000000 0.000076810601
0.800000000000 3.800000000000 0.000099224985
1.000000000000 3.800000000000 0.000108343195
1.200000000000 3.800000000000 0.000100521401
1.400000000000 3.800000000000 0.000079575242
1.600000000000 3.800000000000 0.000053860467
1.800000000000 3.800000000000 0.000031154867
2.000000000000 3.800000000000 0.000015343576
2.200000000000 3.800000000000 0.000006381856
2.400000000000 3.800000000000 0.000002208947
2.600000000000 3.800000000000 0.000000619990
2.800000000000 3.800000000000 0.000000134524
3.000000000000 3.800000000000 0.000000019753
3.200000000000 3.800000000000 0.000000001322
3.400000000000 3.800000000000 0.000000000186
3.600000000000 3.800000000000 0.000000000610
3.800000000000 3.800000000000 0.000000008605
4.000000000000 3.800000000000 0.000000038234
4.200000000000 3.800000000000 0.000000147564
4.400000000000 3.800000000000 0.000000547891
4.600000000000 3.800000000000 0.000001783490
4.800000000000 3.800000000000 0.000005075369

0.000000000000 4.000000000000 0.000054723417
0.200000000000 4.000000000000 0.000117554362
0.400000000000 4.000000000000 0.000214038206
0.600000000000 4.000000000000 0.000327797623
0.800000000000 4.000000000000 0.000422631634
1.000000000000 4.000000000000 0.000460868782
1.200000000000 4.000000000000 0.000427267196
1.400000000000 4.000000000000 0.000338129093
1.600000000000 4.000000000000 0.000228886016
1.800000000000 4.000000000000 0.000132464151
2.000000000000 4.000000000000 0.000065300319
2.200000000000 4.000000000000 0.000027200821
2.400000000000 4.000000000000 0.000009435692
2.600000000000 4.000000000000 0.000002657001
2.800000000000 4.000000000000 0.000000579494
3.000000000000 4.000000000000 0.000000086010
3.200000000000 4.000000000000 0.000000005984
3.400000000000 4.000000000000 0.000000000845
3.600000000000 4.000000000000 0.000000003064
3.800000000000 4.000000000000 0.000000038234
4.000000000000 4.000000000000 0.000000168848
4.200000000000 4.000000000000 0.000000650264
4.400000000000 4.000000000000 0.000002398726
4.600000000000 4.000000000000 0.000007764934
4.800000000000 4.000000000000 0.000021992830

0.000000000000 4.200000000000 0.000210731075
0.200000000000 4.200000000000 0.000452379159
0.400000000000 4.200000000000 0.000822963064
0.600000000000 4.200000000000 0.001259172192
0.800000000000 4.200000000000 0.001621919309
1.000000000000 4.200000000000 0.001767039328
1.200000000000 4.200000000000 0.001636779669
1.400000000000 4.200000000000 0.001294245308
1.600000000000 4.200000000000 0.000875423190
1.800000000000 4.200000000000 0.000506270353
2.000000000000 4.200000000000 0.000249404950
2.200000000000 4.200000000000 0.000103824143
2.400000000000 4.200000000000 0.000035994875
2.600000000000 4.200000000000 0.000010130790
2.800000000000 4.200000000000 0.000002208691
3.000000000000 4.200000000000 0.000000327758
3.200000000000 4.200000000000 0.000000022921
3.400000000000 4.200000000000 0.000000003181
3.600000000000 4.200000000000 0.000000011895
3.800000000000 4.200000000000 0.000000147564
4.000000000000 4.200000000000 0.000000650264
4.200000000000 4.200000000000 0.000002506225
4.400000000000 4.200000000000 0.000009246197
4.600000000000 4.200000000000 0.000029921838
4.800000000000 4.200000000000 0.000084725510

0.000000000000 4.400000000000 0.000766715931
0.200000000000 4.400000000000 0.001639659171
0.400000000000 4.400000000000 0.002971734492
0.600000000000 4.400000000000 0.004531450891
0.800000000000 4.400000000000 0.005819431893
1.000000000000 4.400000000000 0.006323618229
1.200000000000 4.400000000000 0.005844205868
1.400000000000 4.400000000000 0.004612046007
1.600000000000 4.400000000000 0.003114184965
1.800000000000 4.400000000000 0.001798258544
2.000000000000 4.400000000000 0.000884714476
2.200000000000 4.400000000000 0.000367880271
2.400000000000 4.400000000000 0.000127422170
2.600000000000 4.400000000000 0.000035838559
2.800000000000 4.400000000000 0.000007810584
3.000000000000 4.400000000000 0.000001159458
3.200000000000 4.400000000000 0.000000081938
3.400000000000 4.400000000000 0.000000011349
3.600000000000 4.400000000000 0.000000047378
3.800000000000 4.400000000000 0.000000547891
4.000000000000 4.400000000000 0.000002398726
4.200000000000 4.400000000000 0.000009246197
4.400000000000 4.400000000000 0.000033993874
4.600000000000 4.400000000000 0.000109604007
4.800000000000 4.400000000000 0.000309347335

0.000000000000 4.600000000000 0.002446504534
0.200000000000 4.600000000000 0.005212923632
0.400000000000 4.600000000000 0.009415245559
0.600000000000 4.600000000000 0.014312807136
0.800000000000 4.600000000000 0.018332730399
1.000000000000 4.600000000000 0.019876982287
1.200000000000 4.600000000000 0.018335998704
1.400000000000 4.600000000000 0.014447791244
1.600000000000 4.600000000000 0.009743147918
1.800000000000 4.600000000000 0.005620338339
2.000000000000 4.600000000000 0.002762957425
2.200000000000 4.600000000000 0.001148283593
2.400000000000 4.600000000000 0.000397639931
2.600000000000 4.600000000000 0.000111860645
2.800000000000 4.600000000000 0.000024398828
3.000000000000 4.600000000000 0.000003631117
3.200000000000 4.600000000000 0.000000260565
3.400000000000 4.600000000000 0.000000036082
3.600000000000 4.600000000000 0.000000164533
3.800000000000 4.600000000000 0.000001783490
4.000000000000 4.600000000000 0.000007764934
4.200000000000 4.600000000000 0.000029921838
4.400000000000 4.600000000000 0.000109604007
4.600000000000 4.600000000000 0.000352087687
4.800000000000 4.600000000000 0.000990519185

0.000000000000 4.800000000000 0.006841885949
0.200000000000 4.800000000000 0.014531087700
0.400000000000 4.800000000000 0.026163860133
0.600000000000 4.800000000000 0.039664467606
0.800000000000 4.800000000000 0.050685630986
1.000000000000 4.800000000000 0.054846944467
1.200000000000 4.800000000000 0.050512002423
1.400000000000 4.800000000000 0.039747056548
1.600000000000 4.800000000000 0.026774928043
1.800000000000 4.800000000000 0.015431972035
2.000000000000 4.800000000000 0.007581702522
2.200000000000 4.800000000000 0.003149828795
2.400000000000 4.800000000000 0.001090706051
2.600000000000 4.800000000000 0.000306946883
2.800000000000 4.800000000000 0.000067022432
3.000000000000 4.800000000000 0.000010003737
3.200000000000 4.800000000000 0.000000729045
3.400000000000 4.800000000000 0.000000100753
3.600000000000 4.800000000000 0.000000493645
3.800000000000 4.800000000000 0.000005075369
4.000000000000 4.800000000000 0.000021992830
4.200000000000 4.800000000000 0.000084725510
4.400000000000 4.800000000000 0.000309347335
4.600000000000 4.800000000000 0.000990519185
4.800000000000 4.800000000000 0.002778628983

