# x y u
0.000000000000 0.000000000000 0.373790075504
0.200000000000 0.000000000000 0.515588342114
0.400000000000 0.000000000000 0.602296424916
0.600000000000 0.000000000000 0.598341001460
0.800000000000 0.000000000000 0.507454746642
1.000000000000 0.000000000000 0.368357152756
1.200000000000 0.000000000000 0.229003122254
1.400000000000 0.000000000000 0.121713603271
1.600000000000 0.000000000000 0.055031504493
1.800000000000 0.000000000000 0.020971838252
2.000000000000 0.000000000000 0.006629796873
2.200000000000 0.000000000000 0.001693050350
2.400000000000 0.000000000000 0.000332164938
2.600000000000 0.000000000000 0.000044085413
2.800000000000 0.000000000000 0.000002906270
3.000000000000 0.000000000000 0.000003448459
3.200000000000 0.000000000000 0.000023843581
3.400000000000 0.000000000000 0.000126106431
3.600000000000 0.000000000000 0.000523517943
3.800000000000 0.000000000000 0.001987508365
4.000000000000 0.000000000000 0.006761850106
4.200000000000 0.000000000000 0.020144070568
4.400000000000 0.000000000000 0.052513111543
4.600000000000 0.000000000000 0.118637062807
4.800000000000 0.000000000000 0.228908657607

0.000000000000 0.200000000000 0.515588342114
0.200000000000 0.200000000000 0.710256226359
0.400000000000 0.200000000000 0.828943089181
0.600000000000 0.200000000000 0.823028472899
0.800000000000 0.200000000000 0.697830103677
1.000000000000 0.200000000000 0.506562962742
1.200000000000 0.200000000000 0.315022316986
1.400000000000 0.200000000000 0.167534486797
1.600000000000 0.200000000000 0.075820660967
1.800000000000 0.200000000000 0.028933555142
2.000000000000 0.200000000000 0.009164168146
2.200000000000 0.200000000000 0.002346624006
2.400000000000 0.200000000000 0.000462297854
2.600000000000 0.200000000000 0.000061857519
2.800000000000 0.200000000000 0.000004187567
3.000000000000 0.200000000000 0.000004921247
3.200000000000 0.200000000000 0.000033689659
3.400000000000 0.200000000000 0.000176910449
3.600000000000 0.200000000000 0.000733340711
3.800000000000 0.200000000000 0.002778107170
4.000000000000 0.200000000000 0.009427084589
4.200000000000 0.200000000000 0.028018417716
4.400000000000 0.200000000000 0.072873065998
4.600000000000 0.200000000000 0.164259453764
4.800000000000 0.200000000000 0.316283119911

0.000000000000 0.400000000000 0.602296424916
0.200000000000 0.400000000000 0.828943089181
0.400000000000 0.400000000000 0.966926093385
0.600000000000 0.400000000000 0.959804564774
0.800000000000 0.400000000000 0.813850455480
1.000000000000 0.400000000000 0.590984258733
1.200000000000 0.400000000000 0.367749474215
1.400000000000 0.400000000000 0.195754634079
1.600000000000 0.400000000000 0.088703374871
1.800000000000 0.400000000000 0.033906425253
2.000000000000 0.400000000000 0.010763374927
2.200000000000 0.400000000000 0.002764667514
2.400000000000 0.400000000000 0.000547157366
2.600000000000 0.400000000000 0.000073855582
2.800000000000 0.400000000000 0.000005130326
3.000000000000 0.400000000000 0.000005921558
3.200000000000 0.400000000000 0.000040158382
3.400000000000 0.400000000000 0.000209616711
3.600000000000 0.400000000000 0.000867845675
3.800000000000 0.400000000000 0.003281344027
4.000000000000 0.400000000000 0.011109740300
4.200000000000 0.400000000000 0.032953611354
4.400000000000 0.400000000000 0.085542485132
4.600000000000 0.400000000000 0.192452310950
4.800000000000 0.400000000000 0.369954300974

0.000000000000 0.600000000000 0.598341001460
0.200000000000 0.600000000000 0.823028472899
0.400000000000 0.600000000000 0.959804564774
0.600000000000 0.600000000000 0.952805263950
0.800000000000 0.600000000000 0.808199809696
1.000000000000 0.600000000000 0.587244057394
1.200000000000 0.600000000000 0.365747233731
1.400000000000 0.600000000000 0.194919386331
1.600000000000 0.600000000000 0.088459762902
1.800000000000 0.600000000000 0.033879475923
2.000000000000 0.600000000000 0.010782184606
2.200000000000 0.600000000000 0.002778979606
2.400000000000 0.600000000000 0.000552727568
2.600000000000 0.600000000000 0.000075300375
2.800000000000 0.600000000000 0.000005362623
3.000000000000 0.600000000000 0.000006035091
3.200000000000 0.600000000000 0.000040567981
3.400000000000 0.600000000000 0.000210696592
3.600000000000 0.600000000000 0.000871435009
3.800000000000 0.600000000000 0.003289314112
4.000000000000 0.600000000000 0.011115262746
4.200000000000 0.600000000000 0.032914488925
4.400000000000 0.600000000000 0.085302287793
4.600000000000 0.600000000000 0.191616058178
4.800000000000 0.600000000000 0.367870452746

0.000000000000 0.800000000000 0.507454746642
0.200000000000 0.800000000000 0.697830103677
0.400000000000 0.800000000000 0.813850455480
0.600000000000 0.800000000000 0.808199809696
0.800000000000 0.800000000000 0.685964727967
1.000000000000 0.800000000000 0.498863913869
1.200000000000 0.800000000000 0.311057312455
1.400000000000 0.800000000000 0.166011257251
1.600000000000 0.800000000000 0.075474720508
1.800000000000 0.800000000000 0.028970492505
2.000000000000 0.800000000000 0.009245938732
2.200000000000 0.800000000000 0.002391920491
2.400000000000 0.800000000000 0.000478283645
2.600000000000 0.800000000000 0.000065793882
2.800000000000 0.800000000000 0.000004800374
3.000000000000 0.800000000000 0.000005232767
3.200000000000 0.800000000000 0.000034880837
3.400000000000 0.800000000000 0.000180404444
3.600000000000 0.800000000000 0.000745541161
3.800000000000 0.800000000000 0.002809879286
4.000000000000 0.800000000000 0.009479505401
4.200000000000 0.800000000000 0.028031144866
4.400000000000 0.800000000000 0.072549203573
4.600000000000 0.800000000000 0.162767942767
4.800000000000 0.800000000000 0.312184597649

0.000000000000 1.000000000000 0.368357152756
0.200000000000 1.000000000000 0.506562962742
0.400000000000 1.000000000000 0.590984258733
0.600000000000 1.000000000000 0.587244057394
0.800000000000 1.000000000000 0.498863913869
1.000000000000 1.000000000000 0.363205415714
1.200000000000 1.000000000000 0.226785397257
1.400000000000 1.000000000000 0.121239627280
1.600000000000 1.000000000000 0.055232376943
1.800000000000 1.000000000000 0.021253411523
2.000000000000 1.000000000000 0.006804161913
2.200000000000 1.000000000000 0.001767368443
2.400000000000 1.000000000000 0.000355422705
2.600000000000 1.000000000000 0.000049393997
2.800000000000 1.000000000000 0.000003690473
3.000000000000 1.000000000000 0.000003871756
3.200000000000 1.000000000000 0.000025600871
3.400000000000 1.000000000000 0.000131949000
3.600000000000 1.000000000000 0.000544948292
3.800000000000 1.000000000000 0.002051120076
4.000000000000 1.000000000000 0.006910013994
4.200000000000 1.000000000000 0.020409288154
4.400000000000 1.000000000000 0.052765286753
4.600000000000 1.000000000000 0.118269035360
4.800000000000 1.000000000000 0.226684582865

0.000000000000 1.200000000000 0.229003122254
0.200000000000 1.200000000000 0.315022316986
0.400000000000 1.200000000000 0.367749474215
0.600000000000 1.200000000000 0.365747233731
0.800000000000 1.200000000000 0.311057312455
1.000000000000 1.200000000000 0.226785397257
1.200000000000 1.200000000000 0.141839554105
1.400000000000 1.200000000000 0.075976028845
1.600000000000 1.200000000000 0.034692270812
1.800000000000 1.200000000000 0.013386819519
2.000000000000 1.200000000000 0.004300461702
2.200000000000 1.200000000000 0.001121974813
2.400000000000 1.200000000000 0.000227024459
2.600000000000 1.200000000000 0.000031892418
2.800000000000 1.200000000000 0.000002439891
3.000000000000 1.200000000000 0.000002447163
3.200000000000 1.200000000000 0.000016053368
3.400000000000 1.200000000000 0.000082503448
3.600000000000 1.200000000000 0.000340580421
3.800000000000 1.200000000000 0.001280385341
4.000000000000 1.200000000000 0.004308374225
4.200000000000 1.200000000000 0.012713144122
4.400000000000 1.200000000000 0.032840056843
4.600000000000 1.200000000000 0.073557441350
4.800000000000 1.200000000000 0.140931490871

0.000000000000 1.400000000000 0.121713603271
0.200000000000 1.400000000000 0.167534486797
0.400000000000 1.400000000000 0.195754634079
0.600000000000 1.400000000000 0.194919386331
0.800000000000 1.400000000000 0.166011257251
1.000000000000 1.400000000000 0.121239627280
1.200000000000 1.400000000000 0.075976028845
1.400000000000 1.400000000000 0.040788718327
1.600000000000 1.400000000000 0.018674311122
1.800000000000 1.400000000000 0.007228544869
2.000000000000 1.400000000000 0.002331030360
2.200000000000 1.400000000000 0.000611115647
2.400000000000 1.400000000000 0.000124485842
2.600000000000 1.400000000000 0.000017690704
2.800000000000 1.400000000000 0.000001386232
3.000000000000 1.400000000000 0.000001319309
3.200000000000 1.400000000000 0.000008585974
3.400000000000 1.400000000000 0.000044023799
3.600000000000 1.400000000000 0.000181680055
3.800000000000 1.400000000000 0.000682296278
4.000000000000 1.400000000000 0.002293607974
4.200000000000 1.400000000000 0.006763042328
4.400000000000 1.400000000000 0.017459115540
4.600000000000 1.400000000000 0.039089177501
4.800000000000 1.400000000000 0.074884375013

0.000000000000 1.600000000000 0.055031504493
0.200000000000 1.600000000000 0.075820660967
0.400000000000 1.600000000000 0.088703374871
0.600000000000 1.600000000000 0.088459762902
0.800000000000 1.600000000000 0.075474720508
1.000000000000 1.600000000000 0.055232376943
1.200000000000 1.600000000000 0.034692270812
1.400000000000 1.600000000000 0.018674311122
1.600000000000 1.600000000000 0.008575744233
1.800000000000 1.600000000000 0.003331415309
2.000000000000 1.600000000000 0.001078937029
2.200000000000 1.600000000000 0.000284395701
2.400000000000 1.600000000000 0.000058361894
2.600000000000 1.600000000000 0.000008398314
2.800000000000 1.600000000000 0.000000674592
3.000000000000 1.600000000000 0.000000603792
3.200000000000 1.600000000000 0.000003897175
3.400000000000 1.600000000000 0.000019946475
3.600000000000 1.600000000000 0.000082307168
3.800000000000 1.600000000000 0.000308819430
4.000000000000 1.600000000000 0.001037317260
4.200000000000 1.600000000000 0.003057119984
4.400000000000 1.600000000000 0.007889035396
4.600000000000 1.600000000000 0.017659859651
4.800000000000 1.600000000000 0.033838212415

0.000000000000 1.800000000000 0.020971838252
0.200000000000 1.800000000000 0.028933555142
0.400000000000 1.800000000000 0.033906425253
0.600000000000 1.800000000000 0.033879475923
0.800000000000 1.800000000000 0.028970492505
1.000000000000 1.800000000000 0.021253411523
1.200000000000 1.800000000000 0.013386819519
1.400000000000 1.800000000000 0.007228544869
1.600000000000 1.800000000000 0.003331415309
1.800000000000 1.800000000000 0.001299526973
2.000000000000 1.800000000000 0.000422963001
2.200000000000 1.800000000000 0.000112177662
2.400000000000 1.800000000000 0.000023212890
2.600000000000 1.800000000000 0.000003386977
2.800000000000 1.800000000000 0.000000279293
3.000000000000 1.800000000000 0.000000232428
3.200000000000 1.800000000000 0.000001486976
3.400000000000 1.800000000000 0.000007601039
3.600000000000 1.800000000000 0.000031368252
3.800000000000 1.800000000000 0.000117602372
4.000000000000 1.800000000000 0.000394800178
4.200000000000 1.800000000000 0.001163218524
4.400000000000 1.800000000000 0.003001366452
4.600000000000 1.800000000000 0.006719641563
4.800000000000 1.800000000000 0.012882699379

0.000000000000 2.000000000000 0.006629796873
0.200000000000 2.000000000000 0.009164168146
0.400000000000 2.000000000000 0.010763374927
0.600000000000 2.000000000000 0.010782184606
0.800000000000 2.000000000000 0.009245938732
1.000000000000 2.000000000000 0.006804161913
1.200000000000 2.000000000000 0.004300461702
1.400000000000 2.000000000000 0.002331030360
1.600000000000 2.000000000000 0.001078937029
1.800000000000 2.000000000000 0.000422963001
2.000000000000 2.000000000000 0.000138472578
2.200000000000 2.000000000000 0.000036991855
2.400000000000 2.000000000000 0.000007728995
2.600000000000 2.000000000000 0.000001145673
2.800000000000 2.000000000000 0.000000097224
3.000000000000 2.000000000000 0.000000074062
3.200000000000 2.000000000000 0.000000469087
3.400000000000 2.000000000000 0.000002396329
3.600000000000 2.000000000000 0.000009893131
3.800000000000 2.000000000000 0.000037066671
4.000000000000 2.000000000000 0.000124397217
4.200000000000 2.000000000000 0.000366528669
4.400000000000 2.000000000000 0.000945923742
4.600000000000 2.000000000000 0.002118938607
4.800000000000 2.000000000000 0.004066502169

0.000000000000 2.200000000000 0.001693050350
0.200000000000 2.200000000000 0.002346624006
0.400000000000 2.200000000000 0.002764667514
0.600000000000 2.200000000000 0.002778979606
0.800000000000 2.200000000000 0.002391920491
1.000000000000 2.200000000000 0.001767368443
1.200000000000 2.200000000000 0.001121974813
1.400000000000 2.200000000000 0.000611115647
1.600000000000 2.200000000000 0.000284395701
1.800000000000 2.200000000000 0.000112177662
2.000000000000 2.200000000000 0.000036991855
2.200000000000 2.200000000000 0.000009969672
2.400000000000 2.200000000000 0.000002107461
2.600000000000 2.200000000000 0.000000318277
2.800000000000 2.200000000000 0.000000027908
3.000000000000 2.200000000000 0.000000019015
3.200000000000 2.200000000000 0.000000118974
3.400000000000 2.200000000000 0.000000607904
3.600000000000 2.200000000000 0.000002511764
3.800000000000 2.200000000000 0.000009406770
4.000000000000 2.200000000000 0.000031570980
4.200000000000 2.200000000000 0.000093064495
4.400000000000 2.200000000000 0.000240341672
4.600000000000 2.200000000000 0.000538981340
4.800000000000 2.200000000000 0.001036123654

0.000000000000 2.400000000000 0.000332164938
0.200000000000 2.400000000000 0.000462297854
0.400000000000 2.400000000000 0.000547157366
0.600000000000 2.400000000000 0.000552727568
0.800000000000 2.400000000000 0.000478283645
1.000000000000 2.400000000000 0.000355422705
1.200000000000 2.400000000000 0.000227024459
1.400000000000 2.400000000000 0.000124485842
1.600000000000 2.400000000000 0.000058361894
1.800000000000 2.400000000000 0.000023212890
2.000000000000 2.400000000000 0.000007728995
2.200000000000 2.400000000000 0.000002107461
2.400000000000 2.400000000000 0.000000452302
2.600000000000 2.400000000000 0.000000069948
2.800000000000 2.400000000000 0.000000006384
3.000000000000 2.400000000000 0.000000003740
3.200000000000 2.400000000000 0.000000023008
3.400000000000 2.400000000000 0.000000117730
3.600000000000 2.400000000000 0.000000487197
3.800000000000 2.400000000000 0.000001824299
4.000000000000 2.400000000000 0.000006126253
4.200000000000 2.400000000000 0.000018079327
4.400000000000 2.400000000000 0.000046757917
4.600000000000 2.400000000000 0.000105071995
4.800000000000 2.400000000000 0.000202559363

0.000000000000 2.600000000000 0.000044085413
0.200000000000 2.600000000000 0.000061857519
0.400000000000 2.600000000000 0.000073855582
0.600000000000 2.600000000000 0.000075300375
0.800000000000 2.600000000000 0.000065793882
1.000000000000 2.600000000000 0.000049393997
1.200000000000 2.600000000000 0.000031892418
1.400000000000 2.600000000000 0.000017690704
1.600000000000 2.600000000000 0.000008398314
1.800000000000 2.600000000000 0.000003386977
2.000000000000 2.600000000000 0.000001145673
2.200000000000 2.600000000000 0.000000318277
2.400000000000 2.600000000000 0.000000069948
2.600000000000 2.600000000000 0.000000011211
2.800000000000 2.600000000000 0.000000001084
3.000000000000 2.600000000000 0.000000000494
3.200000000000 2.600000000000 0.000000002945
3.400000000000 2.600000000000 0.000000015146
3.600000000000 2.600000000000 0.000000062910
3.800000000000 2.600000000000 0.000000235698
4.000000000000 2.600000000000 0.000000793170
4.200000000000 2.600000000000 0.000002347952
4.400000000000 2.600000000000 0.000006094594
4.600000000000 2.600000000000 0.000013760418
4.800000000000 2.600000000000 0.000026689465

0.000000000000 2.800000000000 0.000002906270
0.200000000000 2.800000000000 0.000004187567
0.400000000000 2.800000000000 0.000005130326
0.600000000000 2.800000000000 0.000005362623
0.800000000000 2.800000000000 0.000004800374
1.000000000000 2.800000000000 0.000003690473
1.200000000000 2.800000000000 0.000002439891
1.400000000000 2.800000000000 0.000001386232
1.600000000000 2.800000000000 0.000000674592
1.800000000000 2.800000000000 0.000000279293
2.000000000000 2.800000000000 0.000000097224
2.200000000000 2.800000000000 0.000000027908
2.400000000000 2.800000000000 0.000000006384
2.600000000000 2.800000000000 0.000000001084
2.800000000000 2.800000000000 0.000000000114
3.000000000000 2.800000000000 0.000000000029
3.200000000000 2.800000000000 0.000000000156
3.400000000000 2.800000000000 0.000000000843
3.600000000000 2.800000000000 0.000000003573
3.800000000000 2.800000000000 0.000000013549
4.000000000000 2.800000000000 0.000000046456
4.200000000000 2.800000000000 0.000000140343
4.400000000000 2.800000000000 0.000000372148
4.600000000000 2.800000000000 0.000000860495
4.800000000000 2.800000000000 0.000001712930

0.000000000000 3.000000000000 0.000003448459
0.200000000000 3.000000000000 0.000004921247
0.400000000000 3.000000000000 0.000005921558
0.600000000000 3.000000000000 0.000006035091
0.800000000000 3.000000000000 0.000005232767
1.000000000000 3.000000000000 0.000003871756
1.200000000000 3.000000000000 0.000002447163
1.400000000000 3.000000000000 0.000001319309
1.600000000000 3.000000000000 0.000000603792
1.800000000000 3.000000000000 0.000000232428
2.000000000000 3.000000000000 0.000000074062
2.200000000000 3.000000000000 0.000000019015
2.400000000000 3.000000000000 0.000000003740
2.600000000000 3.000000000000 0.000000000494
2.800000000000 3.000000000000 0.000000000029
3.000000000000 3.000000000000 0.000000000019
3.200000000000 3.000000000000 0.000000000141
3.400000000000 3.000000000000 0.000000000866
3.600000000000 3.000000000000 0.000000003696
3.800000000000 3.000000000000 0.000000014420
4.000000000000 3.000000000000 0.000000051130
4.200000000000 3.000000000000 0.000000158382
4.400000000000 3.000000000000 0.000000429295
4.600000000000 3.000000000000 0.000001010778
4.800000000000 3.000000000000 0.000002032447

0.000000000000 3.200000000000 0.000023843581
0.200000000000 3.200000000000 0.000033689659
0.400000000000 3.200000000000 0.000040158382
0.600000000000 3.200000000000 0.000040567981
0.800000000000 3.200000000000 0.000034880837
1.000000000000 3.200000000000 0.000025600871
1.200000000000 3.200000000000 0.000016053368
1.400000000000 3.200000000000 0.000008585974
1.600000000000 3.200000000000 0.000003897175
1.800000000000 3.200000000000 0.000001486976
2.000000000000 3.200000000000 0.000000469087
2.200000000000 3.200000000000 0.000000118974
2.400000000000 3.200000000000 0.000000023008
2.600000000000 3.200000000000 0.000000002945
2.800000000000 3.200000000000 0.000000000156
3.000000000000 3.200000000000 0.000000000141
3.200000000000 3.200000000000 0.000000001069
3.400000000000 3.200000000000 0.000000006351
3.600000000000 3.200000000000 0.000000026968
3.800000000000 3.200000000000 0.000000104994
4.000000000000 3.200000000000 0.000000369697
4.200000000000 3.200000000000 0.000001136791
4.400000000000 3.200000000000 0.000003057449
4.600000000000 3.200000000000 0.000007133314
4.800000000000 3.200000000000 0.000014198714

0.000000000000 3.400000000000 0.000126106431
0.200000000000 3.400000000000 0.000176910449
0.400000000000 3.400000000000 0.000209616711
0.600000000000 3.400000000000 0.000210696592
0.800000000000 3.400000000000 0.000180404444
1.000000000000 3.400000000000 0.000131949000
1.200000000000 3.400000000000 0.000082503448
1.400000000000 3.400000000000 0.000044023799
1.600000000000 3.400000000000 0.000019946475
1.800000000000 3.400000000000 0.000007601039
2.000000000000 3.400000000000 0.000002396329
2.200000000000 3.400000000000 0.000000607904
2.400000000000 3.400000000000 0.000000117730
2.600000000000 3.400000000000 0.000000015146
2.800000000000 3.400000000000 0.000000000843
3.000000000000 3.400000000000 0.000000000866
3.200000000000 3.400000000000 0.000000006351
3.400000000000 3.400000000000 0.000000036217
3.600000000000 3.400000000000 0.000000152593
3.800000000000 3.400000000000 0.000000589109
4.000000000000 3.400000000000 0.000002051108
4.200000000000 3.400000000000 0.000006243065
4.400000000000 3.400000000000 0.000016626448
4.600000000000 3.400000000000 0.000038406851
4.800000000000 3.400000000000 0.000075728545

0.000000000000 3.600000000000 0.000523517943
0.200000000000 3.600000000000 0.000733340711
0.400000000000 3.600000000000 0.000867845675
0.600000000000 3.600000000000 0.000871435009
0.800000000000 3.600000000000 0.000745541161
1.000000000000 3.600000000000 0.000544948292
1.200000000000 3.600000000000 0.000340580421
1.400000000000 3.600000000000 0.000181680055
1.600000000000 3.600000000000 0.000082307168
1.800000000000 3.600000000000 0.000031368252
2.000000000000 3.600000000000 0.000009893131
2.200000000000 3.600000000000 0.000002511764
2.400000000000 3.600000000000 0.000000487197
2.600000000000 3.600000000000 0.000000062910
2.800000000000 3.600000000000 0.000000003573
3.000000000000 3.600000000000 0.000000003696
3.200000000000 3.600000000000 0.000000026968
3.400000000000 3.600000000000 0.000000152593
3.600000000000 3.600000000000 0.000000641951
3.800000000000 3.600000000000 0.000002474465
4.000000000000 3.600000000000 0.000008596671
4.200000000000 3.600000000000 0.000026114204
4.400000000000 3.600000000000 0.000069412665
4.600000000000 3.600000000000 0.000160024204
4.800000000000 3.600000000000 0.000314922044

0.000000000000 3.800000000000 0.001987508365
0.200000000000 3.800000000000 0.002778107170
0.400000000000 3.800000000000 0.003281344027
0.600000000000 3.800000000000 0.003289314112
0.800000000000 3.800000000000 0.002809879286
1.000000000000 3.800000000000 0.002051120076
1.200000000000 3.800000000000 0.001280385341
1.400000000000 3.800000000000 0.000682296278
1.600000000000 3.800000000000 0.000308819430
1.800000000000 3.800000000000 0.000117602372
2.000000000000 3.800000000000 0.000037066671
2.200000000000 3.800000000000 0.000009406770
2.400000000000 3.800000000000 0.000001824299
2.600000000000 3.800000000000 0.000000235698
2.800000000000 3.800000000000 0.000000013549
3.000000000000 3.800000000000 0.000000014420
3.200000000000 3.800000000000 0.000000104994
3.400000000000 3.800000000000 0.000000589109
3.600000000000 3.800000000000 0.000002474465
3.800000000000 3.800000000000 0.000009525084
4.000000000000 3.800000000000 0.000033017207
4.200000000000 3.800000000000 0.000100079192
4.400000000000 3.800000000000 0.000265430357
4.600000000000 3.800000000000 0.000610460582
4.800000000000 3.800000000000 0.001198406774

0.000000000000 4.000000000000 0.006761850106
0.200000000000 4.000000000000 0.009427084589
0.400000000000 4.000000000000 0.011109740300
0.600000000000 4.000000000000 0.011115262746
0.800000000000 4.000000000000 0.009479505401
1.000000000000 4.000000000000 0.006910013994
1.200000000000 4.000000000000 0.004308374225
1.400000000000 4.000000000000 0.002293607974
1.600000000000 4.000000000000 0.001037317260
1.800000000000 4.000000000000 0.000394800178
2.000000000000 4.000000000000 0.000124397217
2.200000000000 4.000000000000 0.000031570980
2.400000000000 4.000000000000 0.000006126253
2.600000000000 4.000000000000 0.000000793170
2.800000000000 4.000000000000 0.000000046456
3.000000000000 4.000000000000 0.000000051130
3.200000000000 4.000000000000 0.000000369697
3.400000000000 4.000000000000 0.000002051108
3.600000000000 4.000000000000 0.000008596671
3.800000000000 4.000000000000 0.000033017207
4.000000000000 4.000000000000 0.000114076898
4.200000000000 4.000000000000 0.000344726616
4.400000000000 4.000000000000 0.000911504436
4.600000000000 4.000000000000 0.002089645527
4.800000000000 4.000000000000 0.004089190371

0.000000000000 4.200000000000 0.020144070568
0.200000000000 4.200000000000 0.028018417716
0.400000000000 4.200000000000 0.032953611354
0.600000000000 4.200000000000 0.032914488925
0.800000000000 4.200000000000 0.028031144866
1.000000000000 4.200000000000 0.020409288154
1.200000000000 4.200000000000 0.012713144122
1.400000000000 4.200000000000 0.006763042328
1.600000000000 4.200000000000 0.003057119984
1.800000000000 4.200000000000 0.001163218524
2.000000000000 4.200000000000 0.000366528669
2.200000000000 4.200000000000 0.000093064495
2.400000000000 4.200000000000 0.000018079327
2.600000000000 4.200000000000 0.000002347952
2.800000000000 4.200000000000 0.000000140343
3.000000000000 4.200000000000 0.000000158382
3.200000000000 4.200000000000 0.000001136791
3.400000000000 4.200000000000 0.000006243065
3.600000000000 4.200000000000 0.000026114204
3.800000000000 4.200000000000 0.000100079192
4.000000000000 4.200000000000 0.000344726616
4.200000000000 4.200000000000 0.001038757165
4.400000000000 4.200000000000 0.002738824752
4.600000000000 4.200000000000 0.006260173821
4.800000000000 4.200000000000 0.012214646904

0.000000000000 4.400000000000 0.052513111543
0.200000000000 4.400000000000 0.072873065998
0.400000000000 4.400000000000 0.085542485132
0.600000000000 4.400000000000 0.085302287793
0.800000000000 4.400000000000 0.072549203573
1.000000000000 4.400000000000 0.052765286753
1.200000000000 4.400000000000 0.032840056843
1.400000000000 4.400000000000 0.017459115540
1.600000000000 4.400000000000 0.007889035396
1.800000000000 4.400000000000 0.003001366452
2.000000000000 4.400000000000 0.000945923742
2.200000000000 4.400000000000 0.000240341672
2.400000000000 4.400000000000 0.000046757917
2.600000000000 4.400000000000 0.000006094594
2.800000000000 4.400000000000 0.000000372148
3.000000000000 4.400000000000 0.000000429295
3.200000000000 4.400000000000 0.000003057449
3.400000000000 4.400000000000 0.000016626448
3.600000000000 4.400000000000 0.000069412665
3.800000000000 4.400000000000 0.000265430357
4.000000000000 4.400000000000 0.000911504436
4.200000000000 4.400000000000 0.002738824752
4.400000000000 4.400000000000 0.007200822505
4.600000000000 4.400000000000 0.016410292157
4.800000000000 4.400000000000 0.031926362436

0.000000000000 4.600000000000 0.118637062807
0.200000000000 4.600000000000 0.164259453764
0.400000000000 4.600000000000 0.192452310950
0.600000000000 4.600000000000 0.191616058178
0.800000000000 4.600000000000 0.162767942767
1.000000000000 4.600000000000 0.118269035360
1.200000000000 4.600000000000 0.073557441350
1.400000000000 4.600000000000 0.039089177501
1.600000000000 4.600000000000 0.017659859651
1.800000000000 4.600000000000 0.006719641563
2.000000000000 4.600000000000 0.002118938607
2.200000000000 4.600000000000 0.000538981340
2.400000000000 4.600000000000 0.000105071995
2.600000000000 4.600000000000 0.000013760418
2.800000000000 4.600000000000 0.000000860495
3.000000000000 4.600000000000 0.000001010778
3.200000000000 4.600000000000 0.000007133314
3.400000000000 4.600000000000 0.000038406851
3.600000000000 4.600000000000 0.000160024204
3.800000000000 4.600000000000 0.000610460582
4.000000000000 4.600000000000 0.002089645527
4.200000000000 4.600000000000 0.006260173821
4.400000000000 4.600000000000 0.016410292157
4.600000000000 4.600000000000 0.037283486766
4.800000000000 4.600000000000 0.072320195897

0.000000000000 4.800000000000 0.228908657607
0.200000000000 4.800000000000 0.316283119911
0.400000000000 4.800000000000 0.369954300974
0.600000000000 4.800000000000 0.367870452746
0.800000000000 4.800000000000 0.312184597649
1.000000000000 4.800000000000 0.226684582865
1.200000000000 4.800000000000 0.140931490871
1.400000000000 4.800000000000 0.074884375013
1.600000000000 4.800000000000 0.033838212415
1.800000000000 4.800000000000 0.012882699379
2.000000000000 4.800000000000 0.004066502169
2.200000000000 4.800000000000 0.001036123654
2.400000000000 4.800000000000 0.000202559363
2.600000000000 4.800000000000 0.000026689465
2.800000000000 4.800000000000 0.000001712930
3.000000000000 4.800000000000 0.000002032447
3.200000000000 4.800000000000 0.000014198714
3.400000000000 4.800000000000 0.000075728545
3.600000000000 4.800000000000 0.000314922044
3.800000000000 4.800000000000 0.001198406774
4.000000000000 4.800000000000 0.004089190371
4.200000000000 4.800000000000 0.012214646904
4.400000000000 4.800000000000 0.031926362436
4.600000000000 4.800000000000 0.072320195897
4.800000000000 4.800000000000 0.139887027181

