# x y u
0.000000000000 0.000000000000 0.018603969789
0.200000000000 0.000000000000 0.019077196740
0.400000000000 0.000000000000 0.020471200198
0.600000000000 0.000000000000 0.022709560643
0.800000000000 0.000000000000 0.025667161883
1.000000000000 0.000000000000 0.029174218716
1.200000000000 0.000000000000 0.033022978035
1.400000000000 0.000000000000 0.036977651625
1.600000000000 0.000000000000 0.040787729764
1.800000000000 0.000000000000 0.044204214256
2.000000000000 0.000000000000 0.046997633361
2.200000000000 0.000000000000 0.048976123031
2.400000000000 0.000000000000 0.050001531714
2.600000000000 0.000000000000 0.050001531714
2.800000000000 0.000000000000 0.048976123031
3.000000000000 0.000000000000 0.046997633361
3.200000000000 0.000000000000 0.044204214256
3.400000000000 0.000000000000 0.040787729764
3.600000000000 0.000000000000 0.036977651625
3.800000000000 0.000000000000 0.033022978035
4.000000000000 0.000000000000 0.029174218716
4.200000000000 0.000000000000 0.025667161883
4.400000000000 0.000000000000 0.022709560643
4.600000000000 0.000000000000 0.020471200198
4.800000000000 0.000000000000 0.019077196740

0.000000000000 0.200000000000 0.019077196740
0.200000000000 0.200000000000 0.019562460983
0.400000000000 0.200000000000 0.020991923164
0.600000000000 0.200000000000 0.023287219879
0.800000000000 0.200000000000 0.026320052370
1.000000000000 0.200000000000 0.029916316644
1.200000000000 0.200000000000 0.033862975037
1.400000000000 0.200000000000 0.037918241689
1.600000000000 0.200000000000 0.041825234789
1.800000000000 0.200000000000 0.045328622529
2.000000000000 0.200000000000 0.048193096254
2.200000000000 0.200000000000 0.050221911615
2.400000000000 0.200000000000 0.051273403014
2.600000000000 0.200000000000 0.051273403014
2.800000000000 0.200000000000 0.050221911615
3.000000000000 0.200000000000 0.048193096254
3.200000000000 0.200000000000 0.045328622529
3.400000000000 0.200000000000 0.041825234789
3.600000000000 0.200000000000 0.037918241689
3.800000000000 0.200000000000 0.033862975037
4.000000000000 0.200000000000 0.029916316644
4.200000000000 0.200000000000 0.026320052370
4.400000000000 0.200000000000 0.023287219879
4.600000000000 0.200000000000 0.020991923164
4.800000000000 0.200000000000 0.019562460983

0.000000000000 0.400000000000 0.020471200198
0.200000000000 0.400000000000 0.020991923164
0.400000000000 0.400000000000 0.022525837483
0.600000000000 0.400000000000 0.024988853588
0.800000000000 0.400000000000 0.028243297706
1.000000000000 0.400000000000 0.032102343805
1.200000000000 0.400000000000 0.036337387308
1.400000000000 0.400000000000 0.040688974847
1.600000000000 0.400000000000 0.044881454110
1.800000000000 0.400000000000 0.048640836116
2.000000000000 0.400000000000 0.051714618188
2.200000000000 0.400000000000 0.053891679891
2.400000000000 0.400000000000 0.055020004155
2.600000000000 0.400000000000 0.055020004155
2.800000000000 0.400000000000 0.053891679891
3.000000000000 0.400000000000 0.051714618188
3.200000000000 0.400000000000 0.048640836116
3.400000000000 0.400000000000 0.044881454110
3.600000000000 0.400000000000 0.040688974847
3.800000000000 0.400000000000 0.036337387308
4.000000000000 0.400000000000 0.032102343805
4.200000000000 0.400000000000 0.028243297706
4.400000000000 0.400000000000 0.024988853588
4.600000000000 0.400000000000 0.022525837483
4.800000000000 0.400000000000 0.020991923164

0.000000000000 0.600000000000 0.022709560643
0.200000000000 0.600000000000 0.023287219879
0.400000000000 0.600000000000 0.024988853588
0.600000000000 0.600000000000 0.027721177663
0.800000000000 0.600000000000 0.031331464814
1.000000000000 0.600000000000 0.035612461159
1.200000000000 0.600000000000 0.040310566233
1.400000000000 0.600000000000 0.045137957859
1.600000000000 0.600000000000 0.049788843823
1.800000000000 0.600000000000 0.053959277219
2.000000000000 0.600000000000 0.057369146843
2.200000000000 0.600000000000 0.059784248500
2.400000000000 0.600000000000 0.061035943712
2.600000000000 0.600000000000 0.061035943712
2.800000000000 0.600000000000 0.059784248500
3.000000000000 0.600000000000 0.057369146843
3.200000000000 0.600000000000 0.053959277219
3.400000000000 0.600000000000 0.049788843823
3.600000000000 0.600000000000 0.045137957859
3.800000000000 0.600000000000 0.040310566233
4.000000000000 0.600000000000 0.035612461159
4.200000000000 0.600000000000 0.031331464814
4.400000000000 0.600000000000 0.027721177663
4.600000000000 0.600000000000 0.024988853588
4.800000000000 0.600000000000 0.023287219879

0.000000000000 0.800000000000 0.025667161883
0.200000000000 0.800000000000 0.026320052370
0.400000000000 0.800000000000 0.028243297706
0.600000000000 0.800000000000 0.031331464814
0.800000000000 0.800000000000 0.035411935828
1.000000000000 0.800000000000 0.040250465054
1.200000000000 0.800000000000 0.045560424366
1.400000000000 0.800000000000 0.051016507197
1.600000000000 0.800000000000 0.056273096773
1.800000000000 0.800000000000 0.060986662077
2.000000000000 0.800000000000 0.064840612109
2.200000000000 0.800000000000 0.067570241567
2.400000000000 0.800000000000 0.068984949719
2.600000000000 0.800000000000 0.068984949719
2.800000000000 0.800000000000 0.067570241567
3.000000000000 0.800000000000 0.064840612109
3.200000000000 0.800000000000 0.060986662077
3.400000000000 0.800000000000 0.056273096773
3.600000000000 0.800000000000 0.051016507197
3.800000000000 0.800000000000 0.045560424366
4.000000000000 0.800000000000 0.040250465054
4.200000000000 0.800000000000 0.035411935828
4.400000000000 0.800000000000 0.031331464814
4.600000000000 0.800000000000 0.028243297706
4.800000000000 0.800000000000 0.026320052370

0.000000000000 1.000000000000 0.029174218716
0.200000000000 1.000000000000 0.029916316644
0.400000000000 1.000000000000 0.032102343805
0.600000000000 1.000000000000 0.035612461159
0.800000000000 1.000000000000 0.040250465054
1.000000000000 1.000000000000 0.045750103537
1.200000000000 1.000000000000 0.051785585057
1.400000000000 1.000000000000 0.057987154948
1.600000000000 1.000000000000 0.063961973418
1.800000000000 1.000000000000 0.069319571565
2.000000000000 1.000000000000 0.073700101523
2.200000000000 1.000000000000 0.076802690517
2.400000000000 1.000000000000 0.078410695507
2.600000000000 1.000000000000 0.078410695507
2.800000000000 1.000000000000 0.076802690517
3.000000000000 1.000000000000 0.073700101523
3.200000000000 1.000000000000 0.069319571565
3.400000000000 1.000000000000 0.063961973418
3.600000000000 1.000000000000 0.057987154948
3.800000000000 1.000000000000 0.051785585057
4.000000000000 1.000000000000 0.045750103537
4.200000000000 1.000000000000 0.040250465054
4.400000000000 1.000000000000 0.035612461159
4.600000000000 1.000000000000 0.032102343805
4.800000000000 1.000000000000 0.029916316644

0.000000000000 1.200000000000 0.033022978035
0.200000000000 1.200000000000 0.033862975037
0.400000000000 1.200000000000 0.036337387308
0.600000000000 1.200000000000 0.040310566233
0.800000000000 1.200000000000 0.045560424366
1.000000000000 1.200000000000 0.051785585057
1.200000000000 1.200000000000 0.058617277565
1.400000000000 1.200000000000 0.065636968472
1.600000000000 1.200000000000 0.072399993959
1.800000000000 1.200000000000 0.078464374014
2.000000000000 1.200000000000 0.083422789340
2.200000000000 1.200000000000 0.086934675846
2.400000000000 1.200000000000 0.088754810856
2.600000000000 1.200000000000 0.088754810856
2.800000000000 1.200000000000 0.086934675846
3.000000000000 1.200000000000 0.083422789340
3.200000000000 1.200000000000 0.078464374014
3.400000000000 1.200000000000 0.072399993959
3.600000000000 1.200000000000 0.065636968472
3.800000000000 1.200000000000 0.058617277565
4.000000000000 1.200000000000 0.051785585057
4.200000000000 1.200000000000 0.045560424366
4.400000000000 1.200000000000 0.040310566233
4.600000000000 1.200000000000 0.036337387308
4.800000000000 1.200000000000 0.033862975037

0.000000000000 1.400000000000 0.036977651625
0.200000000000 1.400000000000 0.037918241689
0.400000000000 1.400000000000 0.040688974847
0.600000000000 1.400000000000 0.045137957859
0.800000000000 1.400000000000 0.051016507197
1.000000000000 1.400000000000 0.057987154948
1.200000000000 1.400000000000 0.065636968472
1.400000000000 1.400000000000 0.073497293307
1.600000000000 1.400000000000 0.081070215525
1.800000000000 1.400000000000 0.087860826540
2.000000000000 1.400000000000 0.093413029322
2.200000000000 1.400000000000 0.097345476268
2.400000000000 1.400000000000 0.099383578627
2.600000000000 1.400000000000 0.099383578627
2.800000000000 1.400000000000 0.097345476268
3.000000000000 1.400000000000 0.093413029322
3.200000000000 1.400000000000 0.087860826540
3.400000000000 1.400000000000 0.081070215525
3.600000000000 1.400000000000 0.073497293307
3.800000000000 1.400000000000 0.065636968472
4.000000000000 1.400000000000 0.057987154948
4.200000000000 1.400000000000 0.051016507197
4.400000000000 1.400000000000 0.045137957859
4.600000000000 1.400000000000 0.040688974847
4.800000000000 1.400000000000 0.037918241689

0.000000000000 1.600000000000 0.040787729764
0.200000000000 1.600000000000 0.041825234789
0.400000000000 1.600000000000 0.044881454110
0.600000000000 1.600000000000 0.049788843823
0.800000000000 1.600000000000 0.056273096773
1.000000000000 1.600000000000 0.063961973418
1.200000000000 1.600000000000 0.072399993959
1.400000000000 1.600000000000 0.081070215525
1.600000000000 1.600000000000 0.089423421134
1.800000000000 1.600000000000 0.096913708928
2.000000000000 1.600000000000 0.103037987686
2.200000000000 1.600000000000 0.107375617523
2.400000000000 1.600000000000 0.109623717379
2.600000000000 1.600000000000 0.109623717379
2.800000000000 1.600000000000 0.107375617523
3.000000000000 1.600000000000 0.103037987686
3.200000000000 1.600000000000 0.096913708928
3.400000000000 1.600000000000 0.089423421134
3.600000000000 1.600000000000 0.081070215525
3.800000000000 1.600000000000 0.072399993959
4.000000000000 1.600000000000 0.063961973418
4.200000000000 1.600000000000 0.056273096773
4.400000000000 1.600000000000 0.049788843823
4.600000000000 1.600000000000 0.044881454110
4.800000000000 1.600000000000 0.041825234789

0.000000000000 1.800000000000 0.044204214256
0.200000000000 1.800000000000 0.045328622529
0.400000000000 1.800000000000 0.048640836116
0.600000000000 1.800000000000 0.053959277219
0.800000000000 1.800000000000 0.060986662077
1.000000000000 1.800000000000 0.069319571565
1.200000000000 1.800000000000 0.078464374014
1.400000000000 1.800000000000 0.087860826540
1.600000000000 1.800000000000 0.096913708928
1.800000000000 1.800000000000 0.105031393879
2.000000000000 1.800000000000 0.111668650690
2.200000000000 1.800000000000 0.116369606267
2.400000000000 1.800000000000 0.118806009963
2.600000000000 1.800000000000 0.118806009963
2.800000000000 1.800000000000 0.116369606267
3.000000000000 1.800000000000 0.111668650690
3.200000000000 1.800000000000 0.105031393879
3.400000000000 1.800000000000 0.096913708928
3.600000000000 1.800000000000 0.087860826540
3.800000000000 1.800000000000 0.078464374014
4.000000000000 1.800000000000 0.069319571565
4.200000000000 1.800000000000 0.060986662077
4.400000000000 1.800000000000 0.053959277219
4.600000000000 1.800000000000 0.048640836116
4.800000000000 1.800000000000 0.045328622529

0.000000000000 2.000000000000 0.046997633361
0.200000000000 2.000000000000 0.048193096254
0.400000000000 2.000000000000 0.051714618188
0.600000000000 2.000000000000 0.057369146843
0.800000000000 2.000000000000 0.064840612109
1.000000000000 2.000000000000 0.073700101523
1.200000000000 2.000000000000 0.083422789340
1.400000000000 2.000000000000 0.093413029322
1.600000000000 2.000000000000 0.103037987686
1.800000000000 2.000000000000 0.111668650690
2.000000000000 2.000000000000 0.118725333179
2.200000000000 2.000000000000 0.123723354372
2.400000000000 2.000000000000 0.126313720726
2.600000000000 2.000000000000 0.126313720726
2.800000000000 2.000000000000 0.123723354372
3.000000000000 2.000000000000 0.118725333179
3.200000000000 2.000000000000 0.111668650690
3.400000000000 2.000000000000 0.103037987686
3.600000000000 2.000000000000 0.093413029322
3.800000000000 2.000000000000 0.083422789340
4.000000000000 2.000000000000 0.073700101523
4.200000000000 2.000000000000 0.064840612109
4.400000000000 2.000000000000 0.057369146843
4.600000000000 2.000000000000 0.051714618188
4.800000000000 2.000000000000 0.048193096254

0.000000000000 2.200000000000 0.048976123031
0.200000000000 2.200000000000 0.050221911615
0.400000000000 2.200000000000 0.053891679891
0.600000000000 2.200000000000 0.059784248500
0.800000000000 2.200000000000 0.067570241567
1.000000000000 2.200000000000 0.076802690517
1.200000000000 2.200000000000 0.086934675846
1.400000000000 2.200000000000 0.097345476268
1.600000000000 2.200000000000 0.107375617523
1.800000000000 2.200000000000 0.116369606267
2.000000000000 2.200000000000 0.123723354372
2.200000000000 2.200000000000 0.128931777514
2.400000000000 2.200000000000 0.131631190627
2.600000000000 2.200000000000 0.131631190627
2.800000000000 2.200000000000 0.128931777514
3.000000000000 2.200000000000 0.123723354372
3.200000000000 2.200000000000 0.116369606267
3.400000000000 2.200000000000 0.107375617523
3.600000000000 2.200000000000 0.097345476268
3.800000000000 2.200000000000 0.086934675846
4.000000000000 2.200000000000 0.076802690517
4.200000000000 2.200000000000 0.067570241567
4.400000000000 2.200000000000 0.059784248500
4.600000000000 2.200000000000 0.053891679891
4.800000000000 2.200000000000 0.050221911615

0.000000000000 2.400000000000 0.050001531714
0.200000000000 2.400000000000 0.051273403014
0.400000000000 2.400000000000 0.055020004155
0.600000000000 2.400000000000 0.061035943712
0.800000000000 2.400000000000 0.068984949719
1.000000000000 2.400000000000 0.078410695507
1.200000000000 2.400000000000 0.088754810856
1.400000000000 2.400000000000 0.099383578627
1.600000000000 2.400000000000 0.109623717379
1.800000000000 2.400000000000 0.118806009963
2.000000000000 2.400000000000 0.126313720726
2.200000000000 2.400000000000 0.131631190627
2.400000000000 2.400000000000 0.134387120306
2.600000000000 2.400000000000 0.134387120306
2.800000000000 2.400000000000 0.131631190627
3.000000000000 2.400000000000 0.126313720726
3.200000000000 2.400000000000 0.118806009963
3.400000000000 2.400000000000 0.109623717379
3.600000000000 2.400000000000 0.099383578627
3.800000000000 2.400000000000 0.088754810856
4.000000000000 2.400000000000 0.078410695507
4.200000000000 2.400000000000 0.068984949719
4.400000000000 2.400000000000 0.061035943712
4.600000000000 2.400000000000 0.055020004155
4.800000000000 2.400000000000 0.051273403014

0.000000000000 2.600000000000 0.050001531714
0.200000000000 2.600000000000 0.051273403014
0.400000000000 2.600000000000 0.055020004155
0.600000000000 2.600000000000 0.061035943712
0.800000000000 2.600000000000 0.068984949719
1.000000000000 2.600000000000 0.078410695507
1.200000000000 2.600000000000 0.088754810856
1.400000000000 2.600000000000 0.099383578627
1.600000000000 2.600000000000 0.109623717379
1.800000000000 2.600000000000 0.118806009963
2.000000000000 2.600000000000 0.126313720726
2.200000000000 2.600000000000 0.131631190627
2.400000000000 2.600000000000 0.134387120306
2.600000000000 2.600000000000 0.134387120306
2.800000000000 2.600000000000 0.131631190627
3.000000000000 2.600000000000 0.126313720726
3.200000000000 2.600000000000 0.118806009963
3.400000000000 2.600000000000 0.109623717379
3.600000000000 2.600000000000 0.099383578627
3.800000000000 2.600000000000 0.088754810856
4.000000000000 2.600000000000 0.078410695507
4.200000000000 2.600000000000 0.068984949719
4.400000000000 2.600000000000 0.061035943712
4.600000000000 2.600000000000 0.055020004155
4.800000000000 2.600000000000 0.051273403014

0.000000000000 2.800000000000 0.048976123031
0.200000000000 2.800000000000 0.050221911615
0.400000000000 2.800000000000 0.053891679891
0.600000000000 2.800000000000 0.059784248500
0.800000000000 2.800000000000 0.067570241567
1.000000000000 2.800000000000 0.076802690517
1.200000000000 2.800000000000 0.086934675846
1.400000000000 2.800000000000 0.097345476268
1.600000000000 2.800000000000 0.107375617523
1.800000000000 2.800000000000 0.116369606267
2.000000000000 2.800000000000 0.123723354372
2.200000000000 2.800000000000 0.128931777514
2.400000000000 2.800000000000 0.131631190627
2.600000000000 2.800000000000 0.131631190627
2.800000000000 2.800000000000 0.128931777514
3.000000000000 2.800000000000 0.123723354372
3.200000000000 2.800000000000 0.116369606267
3.400000000000 2.800000000000 0.107375617523
3.600000000000 2.800000000000 0.097345476268
3.800000000000 2.800000000000 0.086934675846
4.000000000000 2.800000000000 0.076802690517
4.200000000000 2.800000000000 0.067570241567
4.400000000000 2.800000000000 0.059784248500
4.600000000000 2.800000000000 0.053891679891
4.800000000000 2.800000000000 0.050221911615

0.000000000000 3.000000000000 0.046997633361
0.200000000000 3.000000000000 0.048193096254
0.400000000000 3.000000000000 0.051714618188
0.600000000000 3.000000000000 0.057369146843
0.800000000000 3.000000000000 0.064840612109
1.000000000000 3.000000000000 0.073700101523
1.200000000000 3.000000000000 0.083422789340
1.400000000000 3.000000000000 0.093413029322
1.600000000000 3.000000000000 0.103037987686
1.800000000000 3.000000000000 0.111668650690
2.000000000000 3.000000000000 0.118725333179
2.200000000000 3.000000000000 0.123723354372
2.400000000000 3.000000000000 0.126313720726
2.600000000000 3.000000000000 0.126313720726
2.800000000000 3.000000000000 0.123723354372
3.000000000000 3.000000000000 0.118725333179
3.200000000000 3.000000000000 0.111668650690
3.400000000000 3.000000000000 0.103037987686
3.600000000000 3.000000000000 0.093413029322
3.800000000000 3.000000000000 0.083422789340
4.000000000000 3.000000000000 0.073700101523
4.200000000000 3.000000000000 0.064840612109
4.400000000000 3.000000000000 0.057369146843
4.600000000000 3.000000000000 0.051714618188
4.800000000000 3.000000000000 0.048193096254

0.000000000000 3.200000000000 0.044204214256
0.200000000000 3.200000000000 0.045328622529
0.400000000000 3.200000000000 0.048640836116
0.600000000000 3.200000000000 0.053959277219
0.800000000000 3.200000000000 0.060986662077
1.000000000000 3.200000000000 0.069319571565
1.200000000000 3.200000000000 0.078464374014
1.400000000000 3.200000000000 0.087860826540
1.600000000000 3.200000000000 0.096913708928
1.800000000000 3.200000000000 0.105031393879
2.000000000000 3.200000000000 0.111668650690
2.200000000000 3.200000000000 0.116369606267
2.400000000000 3.200000000000 0.118806009963
2.600000000000 3.200000000000 0.118806009963
2.800000000000 3.200000000000 0.116369606267
3.000000000000 3.200000000000 0.111668650690
3.200000000000 3.200000000000 0.105031393879
3.400000000000 3.200000000000 0.096913708928
3.600000000000 3.200000000000 0.087860826540
3.800000000000 3.200000000000 0.078464374014
4.000000000000 3.200000000000 0.069319571565
4.200000000000 3.200000000000 0.060986662077
4.400000000000 3.200000000000 0.053959277219
4.600000000000 3.200000000000 0.048640836116
4.800000000000 3.200000000000 0.045328622529

0.000000000000 3.400000000000 0.040787729764
0.200000000000 3.400000000000 0.041825234789
0.400000000000 3.400000000000 0.044881454110
0.600000000000 3.400000000000 0.049788843823
0.800000000000 3.400000000000 0.056273096773
1.000000000000 3.400000000000 0.063961973418
1.200000000000 3.400000000000 0.072399993959
1.400000000000 3.400000000000 0.081070215525
1.600000000000 3.400000000000 0.089423421134
1.800000000000 3.400000000000 0.096913708928
2.000000000000 3.400000000000 0.103037987686
2.200000000000 3.400000000000 0.107375617523
2.400000000000 3.400000000000 0.109623717379
2.600000000000 3.400000000000 0.109623717379
2.800000000000 3.400000000000 0.107375617523
3.000000000000 3.400000000000 0.103037987686
3.200000000000 3.400000000000 0.096913708928
3.400000000000 3.400000000000 0.089423421134
3.600000000000 3.400000000000 0.081070215525
3.800000000000 3.400000000000 0.072399993959
4.000000000000 3.400000000000 0.063961973418
4.200000000000 3.400000000000 0.056273096773
4.400000000000 3.400000000000 0.049788843823
4.600000000000 3.400000000000 0.044881454110
4.800000000000 3.400000000000 0.041825234789

0.000000000000 3.600000000000 0.036977651625
0.200000000000 3.600000000000 0.037918241689
0.400000000000 3.600000000000 0.040688974847
0.600000000000 3.600000000000 0.045137957859
0.800000000000 3.600000000000 0.051016507197
1.000000000000 3.600000000000 0.057987154948
1.200000000000 3.600000000000 0.065636968472
1.400000000000 3.600000000000 0.073497293307
1.600000000000 3.600000000000 0.081070215525
1.800000000000 3.600000000000 0.087860826540
2.000000000000 3.600000000000 0.093413029322
2.200000000000 3.600000000000 0.097345476268
2.400000000000 3.600000000000 0.099383578627
2.600000000000 3.600000000000 0.099383578627
2.800000000000 3.600000000000 0.097345476268
3.000000000000 3.600000000000 0.093413029322
3.200000000000 3.600000000000 0.087860826540
3.400000000000 3.600000000000 0.081070215525
3.600000000000 3.600000000000 0.073497293307
3.800000000000 3.600000000000 0.065636968472
4.000000000000 3.600000000000 0.057987154948
4.200000000000 3.600000000000 0.051016507197
4.400000000000 3.600000000000 0.045137957859
4.600000000000 3.600000000000 0.040688974847
4.800000000000 3.600000000000 0.037918241689

0.000000000000 3.800000000000 0.033022978035
0.200000000000 3.800000000000 0.033862975037
0.400000000000 3.800000000000 0.036337387308
0.600000000000 3.800000000000 0.040310566233
0.800000000000 3.800000000000 0.045560424366
1.000000000000 3.800000000000 0.051785585057
1.200000000000 3.800000000000 0.058617277565
1.400000000000 3.800000000000 0.065636968472
1.600000000000 3.800000000000 0.072399993959
1.800000000000 3.800000000000 0.078464374014
2.000000000000 3.800000000000 0.083422789340
2.200000000000 3.800000000000 0.086934675846
2.400000000000 3.800000000000 0.088754810856
2.600000000000 3.800000000000 0.088754810856
2.800000000000 3.800000000000 0.086934675846
3.000000000000 3.800000000000 0.083422789340
3.200000000000 3.800000000000 0.078464374014
3.400000000000 3.800000000000 0.072399993959
3.600000000000 3.800000000000 0.065636968472
3.800000000000 3.800000000000 0.058617277565
4.000000000000 3.800000000000 0.051785585057
4.200000000000 3.800000000000 0.045560424366
4.400000000000 3.800000000000 0.040310566233
4.600000000000 3.800000000000 0.036337387308
4.800000000000 3.800000000000 0.033862975037

0.000000000000 4.000000000000 0.029174218716
0.200000000000 4.000000000000 0.029916316644
0.400000000000 4.000000000000 0.032102343805
0.600000000000 4.000000000000 0.035612461159
0.800000000000 4.000000000000 0.040250465054
1.000000000000 4.000000000000 0.045750103537
1.200000000000 4.000000000000 0.051785585057
1.400000000000 4.000000000000 0.057987154948
1.600000000000 4.000000000000 0.063961973418
1.800000000000 4.000000000000 0.069319571565
2.000000000000 4.000000000000 0.073700101523
2.200000000000 4.000000000000 0.076802690517
2.400000000000 4.000000000000 0.078410695507
2.600000000000 4.000000000000 0.078410695507
2.800000000000 4.000000000000 0.076802690517
3.000000000000 4.000000000000 0.073700101523
3.200000000000 4.000000000000 0.069319571565
3.400000000000 4.000000000000 0.063961973418
3.600000000000 4.000000000000 0.057987154948
3.800000000000 4.000000000000 0.051785585057
4.000000000000 4.000000000000 0.045750103537
4.200000000000 4.000000000000 0.040250465054
4.400000000000 4.000000000000 0.035612461159
4.600000000000 4.000000000000 0.032102343805
4.800000000000 4.000000000000 0.029916316644

0.000000000000 4.200000000000 0.025667161883
0.200000000000 4.200000000000 0.026320052370
0.400000000000 4.200000000000 0.028243297706
0.600000000000 4.200000000000 0.031331464814
0.800000000000 4.200000000000 0.035411935828
1.000000000000 4.200000000000 0.040250465054
1.200000000000 4.200000000000 0.045560424366
1.400000000000 4.200000000000 0.051016507197
1.600000000000 4.200000000000 0.056273096773
1.800000000000 4.200000000000 0.060986662077
2.000000000000 4.200000000000 0.064840612109
2.200000000000 4.200000000000 0.067570241567
2.400000000000 4.200000000000 0.068984949719
2.600000000000 4.200000000000 0.068984949719
2.800000000000 4.200000000000 0.067570241567
3.000000000000 4.200000000000 0.064840612109
3.200000000000 4.200000000000 0.060986662077
3.400000000000 4.200000000000 0.056273096773
3.600000000000 4.200000000000 0.051016507197
3.800000000000 4.200000000000 0.045560424366
4.000000000000 4.200000000000 0.040250465054
4.200000000000 4.200000000000 0.035411935828
4.400000000000 4.200000000000 0.031331464814
4.600000000000 4.200000000000 0.028243297706
4.800000000000 4.200000000000 0.026320052370

0.000000000000 4.400000000000 0.022709560643
0.200000000000 4.400000000000 0.023287219879
0.400000000000 4.400000000000 0.024988853588
0.600000000000 4.400000000000 0.027721177663
0.800000000000 4.400000000000 0.031331464814
1.000000000000 4.400000000000 0.035612461159
1.200000000000 4.400000000000 0.040310566233
1.400000000000 4.400000000000 0.045137957859
1.600000000000 4.400000000000 0.049788843823
1.800000000000 4.400000000000 0.053959277219
2.000000000000 4.400000000000 0.057369146843
2.200000000000 4.400000000000 0.059784248500
2.400000000000 4.400000000000 0.061035943712
2.600000000000 4.400000000000 0.061035943712
2.800000000000 4.400000000000 0.059784248500
3.000000000000 4.400000000000 0.057369146843
3.200000000000 4.400000000000 0.053959277219
3.400000000000 4.400000000000 0.049788843823
3.600000000000 4.400000000000 0.045137957859
3.800000000000 4.400000000000 0.040310566233
4.000000000000 4.400000000000 0.035612461159
4.200000000000 4.400000000000 0.031331464814
4.400000000000 4.400000000000 0.027721177663
4.600000000000 4.400000000000 0.024988853588
4.800000000000 4.400000000000 0.023287219879

0.000000000000 4.600000000000 0.020471200198
0.200000000000 4.600000000000 0.020991923164
0.400000000000 4.600000000000 0.022525837483
0.600000000000 4.600000000000 0.024988853588
0.800000000000 4.600000000000 0.028243297706
1.000000000000 4.600000000000 0.032102343805
1.200000000000 4.600000000000 0.036337387308
1.400000000000 4.600000000000 0.040688974847
1.600000000000 4.600000000000 0.044881454110
1.800000000000 4.600000000000 0.048640836116
2.000000000000 4.600000000000 0.051714618188
2.200000000000 4.600000000000 0.053891679891
2.400000000000 4.600000000000 0.055020004155
2.600000000000 4.600000000000 0.055020004155
2.800000000000 4.600000000000 0.053891679891
3.000000000000 4.600000000000 0.051714618188
3.200000000000 4.600000000000 0.048640836116
3.400000000000 4.600000000000 0.044881454110
3.600000000000 4.600000000000 0.040688974847
3.800000000000 4.600000000000 0.036337387308
4.000000000000 4.600000000000 0.032102343805
4.200000000000 4.600000000000 0.028243297706
4.400000000000 4.600000000000 0.024988853588
4.600000000000 4.600000000000 0.022525837483
4.800000000000 4.600000000000 0.020991923164

0.000000000000 4.800000000000 0.019077196740
0.200000000000 4.800000000000 0.019562460983
0.400000000000 4.800000000000 0.020991923164
0.600000000000 4.800000000000 0.023287219879
0.800000000000 4.800000000000 0.026320052370
1.000000000000 4.800000000000 0.029916316644
1.200000000000 4.800000000000 0.033862975037
1.400000000000 4.800000000000 0.037918241689
1.600000000000 4.800000000000 0.041825234789
1.800000000000 4.800000000000 0.045328622529
2.000000000000 4.800000000000 0.048193096254
2.200000000000 4.800000000000 0.050221911615
2.400000000000 4.800000000000 0.051273403014
2.600000000000 4.800000000000 0.051273403014
2.800000000000 4.800000000000 0.050221911615
3.000000000000 4.800000000000 0.048193096254
3.200000000000 4.800000000000 0.045328622529
3.400000000000 4.800000000000 0.041825234789
3.600000000000 4.800000000000 0.037918241689
3.800000000000 4.800000000000 0.033862975037
4.000000000000 4.800000000000 0.029916316644
4.200000000000 4.800000000000 0.026320052370
4.400000000000 4.800000000000 0.023287219879
4.600000000000 4.800000000000 0.020991923164
4.800000000000 4.800000000000 0.019562460983

