# x y u
0.000000000000 0.000000000000 0.000000187532
0.200000000000 0.000000000000 0.000000668071
0.400000000000 0.000000000000 0.000002517487
0.600000000000 0.000000000000 0.000008055870
0.800000000000 0.000000000000 0.000022500891
1.000000000000 0.000000000000 0.000056174019
1.200000000000 0.000000000000 0.000122097038
1.400000000000 0.000000000000 0.000224586534
1.600000000000 0.000000000000 0.000345969702
1.800000000000 0.000000000000 0.000447196935
2.000000000000 0.000000000000 0.000488145263
2.200000000000 0.000000000000 0.000452955844
2.400000000000 0.000000000000 0.000359055605
2.600000000000 0.000000000000 0.000243735345
2.800000000000 0.000000000000 0.000141600090
3.000000000000 0.000000000000 0.000070090970
3.200000000000 0.000000000000 0.000029270393
3.400000000000 0.000000000000 0.000010125748
3.600000000000 0.000000000000 0.000002805945
3.800000000000 0.000000000000 0.000000575775
4.000000000000 0.000000000000 0.000000068046
4.200000000000 0.000000000000 0.000000003389
4.400000000000 0.000000000000 -0.000000003614
4.600000000000 0.000000000000 -0.000000001718
4.800000000000 0.000000000000 0.000000054328

0.000000000000 0.200000000000 0.000000668071
0.200000000000 0.200000000000 0.000002383666
0.400000000000 0.200000000000 0.000009061823
0.600000000000 0.200000000000 0.000029136082
0.800000000000 0.200000000000 0.000081700230
1.000000000000 0.200000000000 0.000204839486
1.200000000000 0.200000000000 0.000446870277
1.400000000000 0.200000000000 0.000824061155
1.600000000000 0.200000000000 0.001271312486
1.800000000000 0.200000000000 0.001644400204
2.000000000000 0.200000000000 0.001795183070
2.200000000000 0.200000000000 0.001665295976
2.400000000000 0.200000000000 0.001319289809
2.600000000000 0.200000000000 0.000894808675
2.800000000000 0.200000000000 0.000519287637
3.000000000000 0.200000000000 0.000256705580
3.200000000000 0.200000000000 0.000107030259
3.400000000000 0.200000000000 0.000036952400
3.600000000000 0.200000000000 0.000010213300
3.800000000000 0.200000000000 0.000002087081
4.000000000000 0.200000000000 0.000000244274
4.200000000000 0.200000000000 0.000000012358
4.400000000000 0.200000000000 -0.000000014071
4.600000000000 0.200000000000 -0.000000008194
4.800000000000 0.200000000000 0.000000195737

0.000000000000 0.400000000000 0.000002517487
0.200000000000 0.400000000000 0.000009061823
0.400000000000 0.400000000000 0.000034158227
0.600000000000 0.400000000000 0.000109064775
0.800000000000 0.400000000000 0.000304382265
1.000000000000 0.400000000000 0.000758848582
1.200000000000 0.400000000000 0.001644477752
1.400000000000 0.400000000000 0.003012627159
1.600000000000 0.400000000000 0.004620389133
1.800000000000 0.400000000000 0.005946034562
2.000000000000 0.400000000000 0.006463101576
2.200000000000 0.400000000000 0.005973111981
2.400000000000 0.400000000000 0.004716730624
2.600000000000 0.400000000000 0.003190048391
2.800000000000 0.400000000000 0.001846653039
3.000000000000 0.400000000000 0.000910842791
3.200000000000 0.400000000000 0.000379009945
3.400000000000 0.400000000000 0.000130623866
3.600000000000 0.400000000000 0.000036046924
3.800000000000 0.400000000000 0.000007355432
4.000000000000 0.400000000000 0.000000862469
4.200000000000 0.400000000000 0.000000043945
4.400000000000 0.400000000000 -0.000000052446
4.600000000000 0.400000000000 -0.000000014550
4.800000000000 0.400000000000 0.000000739106

0.000000000000 0.600000000000 0.000008055870
0.200000000000 0.600000000000 0.000029136082
0.400000000000 0.600000000000 0.000109064775
0.600000000000 0.600000000000 0.000346419324
0.800000000000 0.600000000000 0.000963211881
1.000000000000 0.600000000000 0.002390927962
1.200000000000 0.600000000000 0.005156144962
1.400000000000 0.600000000000 0.009402573326
1.600000000000 0.600000000000 0.014363679669
1.800000000000 0.600000000000 0.018424573133
2.000000000000 0.600000000000 0.019973492784
2.200000000000 0.600000000000 0.018419315476
2.400000000000 0.600000000000 0.014519604254
2.600000000000 0.600000000000 0.009806367023
2.800000000000 0.600000000000 0.005670685272
3.000000000000 0.600000000000 0.002794936201
3.200000000000 0.600000000000 0.001162541794
3.400000000000 0.600000000000 0.000400682306
3.600000000000 0.600000000000 0.000110646371
3.800000000000 0.600000000000 0.000022621378
4.000000000000 0.600000000000 0.000002676230
4.200000000000 0.600000000000 0.000000138805
4.400000000000 0.600000000000 -0.000000163660
4.600000000000 0.600000000000 -0.000000010103
4.800000000000 0.600000000000 0.000002362249

0.000000000000 0.800000000000 0.000022500891
0.200000000000 0.800000000000 0.000081700230
0.400000000000 0.800000000000 0.000304382265
0.600000000000 0.800000000000 0.000963211881
0.800000000000 0.800000000000 0.002671221772
1.000000000000 0.800000000000 0.006610039510
1.200000000000 0.800000000000 0.014203631870
1.400000000000 0.800000000000 0.025810787503
1.600000000000 0.800000000000 0.039308217365
1.800000000000 0.800000000000 0.050290702048
2.000000000000 0.800000000000 0.054401151616
2.200000000000 0.800000000000 0.050078943545
2.400000000000 0.800000000000 0.039418847732
2.600000000000 0.800000000000 0.026591806952
2.800000000000 0.800000000000 0.015363134514
3.000000000000 0.800000000000 0.007567178854
3.200000000000 0.800000000000 0.003146398437
3.400000000000 0.800000000000 0.001084446411
3.600000000000 0.800000000000 0.000299625427
3.800000000000 0.800000000000 0.000061356303
4.000000000000 0.800000000000 0.000007313444
4.200000000000 0.800000000000 0.000000386099
4.400000000000 0.800000000000 -0.000000451319
4.600000000000 0.800000000000 0.000000046318
4.800000000000 0.800000000000 0.000006597055

0.000000000000 1.000000000000 0.000056174019
0.200000000000 1.000000000000 0.000204839486
0.400000000000 1.000000000000 0.000758848582
0.600000000000 1.000000000000 0.002390927962
0.800000000000 1.000000000000 0.006610039510
1.000000000000 1.000000000000 0.016295711164
1.200000000000 1.000000000000 0.034865613659
1.400000000000 1.000000000000 0.063094038583
1.600000000000 1.000000000000 0.095737740073
1.800000000000 1.000000000000 0.122110611030
2.000000000000 1.000000000000 0.131755787130
2.200000000000 1.000000000000 0.121034508102
2.400000000000 1.000000000000 0.095108177659
2.600000000000 1.000000000000 0.064072036058
2.800000000000 1.000000000000 0.036977933217
3.000000000000 1.000000000000 0.018200045225
3.200000000000 1.000000000000 0.007564396555
3.400000000000 1.000000000000 0.002607206031
3.600000000000 1.000000000000 0.000720800810
3.800000000000 1.000000000000 0.000147874385
4.000000000000 1.000000000000 0.000017775368
4.200000000000 1.000000000000 0.000000953001
4.400000000000 1.000000000000 -0.000001104826
4.600000000000 1.000000000000 0.000000329430
4.800000000000 1.000000000000 0.000016454305

0.000000000000 1.200000000000 0.000122097038
0.200000000000 1.200000000000 0.000446870277
0.400000000000 1.200000000000 0.001644477752
0.600000000000 1.200000000000 0.005156144962
0.800000000000 1.200000000000 0.014203631870
1.000000000000 1.200000000000 0.034865613659
1.200000000000 1.200000000000 0.074239076316
1.400000000000 1.200000000000 0.133739742521
1.600000000000 1.200000000000 0.202153453011
1.800000000000 1.200000000000 0.257030334131
2.000000000000 1.200000000000 0.276634780869
2.200000000000 1.200000000000 0.253620543362
2.400000000000 1.200000000000 0.198989361944
2.600000000000 1.200000000000 0.133904142851
2.800000000000 1.200000000000 0.077223283675
3.000000000000 1.200000000000 0.037995126919
3.200000000000 1.200000000000 0.015793281491
3.400000000000 1.200000000000 0.005447117591
3.600000000000 1.200000000000 0.001508240558
3.800000000000 1.200000000000 0.000310454376
4.000000000000 1.200000000000 0.000037769485
4.200000000000 1.200000000000 0.000002058949
4.400000000000 1.200000000000 -0.000002320889
4.600000000000 1.200000000000 0.000001206680
4.800000000000 1.200000000000 0.000035662698

0.000000000000 1.400000000000 0.000224586534
0.200000000000 1.400000000000 0.000824061155
0.400000000000 1.400000000000 0.003012627159
0.600000000000 1.400000000000 0.009402573326
0.800000000000 1.400000000000 0.025810787503
1.000000000000 1.400000000000 0.063094038583
1.200000000000 1.400000000000 0.133739742521
1.400000000000 1.400000000000 0.239938347120
1.600000000000 1.400000000000 0.361447544732
1.800000000000 1.400000000000 0.458344374763
2.000000000000 1.400000000000 0.492308162626
2.200000000000 1.400000000000 0.450686949650
2.400000000000 1.400000000000 0.353253667581
2.600000000000 1.400000000000 0.237577087443
2.800000000000 1.400000000000 0.136991933119
3.000000000000 1.400000000000 0.067422369524
3.200000000000 1.400000000000 0.028048301569
3.400000000000 1.400000000000 0.009688718375
3.600000000000 1.400000000000 0.002689721873
3.800000000000 1.400000000000 0.000556427736
4.000000000000 1.400000000000 0.000068738781
4.200000000000 1.400000000000 0.000003823126
4.400000000000 1.400000000000 -0.000004088042
4.600000000000 1.400000000000 0.000003022980
4.800000000000 1.400000000000 0.000065322184

0.000000000000 1.600000000000 0.000345969702
0.200000000000 1.600000000000 0.001271312486
0.400000000000 1.600000000000 0.004620389133
0.600000000000 1.600000000000 0.014363679669
0.800000000000 1.600000000000 0.039308217365
1.000000000000 1.600000000000 0.095737740073
1.200000000000 1.600000000000 0.202153453011
1.400000000000 1.600000000000 0.361447544732
1.600000000000 1.600000000000 0.543030470540
1.800000000000 1.600000000000 0.687237315941
2.000000000000 1.600000000000 0.737141422518
2.200000000000 1.600000000000 0.674236742578
2.400000000000 1.600000000000 0.528257285437
2.600000000000 1.600000000000 0.355278585152
2.800000000000 1.600000000000 0.204950986534
3.000000000000 1.600000000000 0.100960651128
3.200000000000 1.600000000000 0.042062539166
3.400000000000 1.600000000000 0.014562540118
3.600000000000 1.600000000000 0.004056926108
3.800000000000 1.600000000000 0.000844538387
4.000000000000 1.600000000000 0.000106152319
4.200000000000 1.600000000000 0.000006044524
4.400000000000 1.600000000000 -0.000006010189
4.600000000000 1.600000000000 0.000005662074
4.800000000000 1.600000000000 0.000100140925

0.000000000000 1.800000000000 0.000447196935
0.200000000000 1.800000000000 0.001644400204
0.400000000000 1.800000000000 0.005946034562
0.600000000000 1.800000000000 0.018424573133
0.800000000000 1.800000000000 0.050290702048
1.000000000000 1.800000000000 0.122110611030
1.200000000000 1.800000000000 0.257030334131
1.400000000000 1.800000000000 0.458344374763
1.600000000000 1.800000000000 0.687237315941
1.800000000000 1.800000000000 0.868568604521
2.000000000000 1.800000000000 0.930901703128
2.200000000000 1.800000000000 0.851192411338
2.400000000000 1.800000000000 0.666972224447
2.600000000000 1.800000000000 0.448801327128
2.800000000000 1.800000000000 0.259142852705
3.000000000000 1.800000000000 0.127835002375
3.200000000000 1.800000000000 0.053365129369
3.400000000000 1.800000000000 0.018527740193
3.600000000000 1.800000000000 0.005182984107
3.800000000000 1.800000000000 0.001086662795
4.000000000000 1.800000000000 0.000139109856
4.200000000000 1.800000000000 0.000008132345
4.400000000000 1.800000000000 -0.000007411995
4.600000000000 1.800000000000 0.000008336376
4.800000000000 1.800000000000 0.000128790604

0.000000000000 2.000000000000 0.000488145263
0.200000000000 2.000000000000 0.001795183070
0.400000000000 2.000000000000 0.006463101576
0.600000000000 2.000000000000 0.019973492784
0.800000000000 2.000000000000 0.054401151616
1.000000000000 2.000000000000 0.131755787130
1.200000000000 2.000000000000 0.276634780869
1.400000000000 2.000000000000 0.492308162626
1.600000000000 2.000000000000 0.737141422518
1.800000000000 2.000000000000 0.930901703128
2.000000000000 2.000000000000 0.997422425418
2.200000000000 2.000000000000 0.912154598757
2.400000000000 2.000000000000 0.715131280729
2.600000000000 2.000000000000 0.481655688320
2.800000000000 2.000000000000 0.278485582366
3.000000000000 2.000000000000 0.137625111234
3.200000000000 2.000000000000 0.057590366826
3.400000000000 2.000000000000 0.020059868573
3.600000000000 2.000000000000 0.005637620179
3.800000000000 2.000000000000 0.001191160123
4.000000000000 2.000000000000 0.000155383694
4.200000000000 2.000000000000 0.000009346282
4.400000000000 2.000000000000 -0.000007725013
4.600000000000 2.000000000000 0.000009958492
4.800000000000 2.000000000000 0.000139873100

0.000000000000 2.200000000000 0.000452955844
0.200000000000 2.200000000000 0.001665295976
0.400000000000 2.200000000000 0.005973111981
0.600000000000 2.200000000000 0.018419315476
0.800000000000 2.200000000000 0.050078943545
1.000000000000 2.200000000000 0.121034508102
1.200000000000 2.200000000000 0.253620543362
1.400000000000 2.200000000000 0.450686949650
1.600000000000 2.200000000000 0.674236742578
1.800000000000 2.200000000000 0.851192411338
2.000000000000 2.200000000000 0.912154598757
2.200000000000 2.200000000000 0.834639929598
2.400000000000 2.200000000000 0.654966955427
2.600000000000 2.200000000000 0.441706044705
2.800000000000 2.200000000000 0.255820220968
3.000000000000 2.200000000000 0.126697580885
3.200000000000 2.200000000000 0.053164570647
3.400000000000 2.200000000000 0.018585735488
3.600000000000 2.200000000000 0.005249787438
3.800000000000 2.200000000000 0.001118403046
4.000000000000 2.200000000000 0.000148715766
4.200000000000 2.200000000000 0.000009220897
4.400000000000 2.200000000000 -0.000006849584
4.600000000000 2.200000000000 0.000009851721
4.800000000000 2.200000000000 0.000129133850

0.000000000000 2.400000000000 0.000359055605
0.200000000000 2.400000000000 0.001319289809
0.400000000000 2.400000000000 0.004716730624
0.600000000000 2.400000000000 0.014519604254
0.800000000000 2.400000000000 0.039418847732
1.000000000000 2.400000000000 0.095108177659
1.200000000000 2.400000000000 0.198989361944
1.400000000000 2.400000000000 0.353253667581
1.600000000000 2.400000000000 0.528257285437
1.800000000000 2.400000000000 0.666972224447
2.000000000000 2.400000000000 0.715131280729
2.200000000000 2.400000000000 0.654966955427
2.400000000000 2.400000000000 0.514631614609
2.600000000000 2.400000000000 0.347634288620
2.800000000000 2.400000000000 0.201746897954
3.000000000000 2.400000000000 0.100167603865
3.200000000000 2.400000000000 0.042163499129
3.400000000000 2.400000000000 0.014799157773
3.600000000000 2.400000000000 0.004203166821
3.800000000000 2.400000000000 0.000903313161
4.000000000000 2.400000000000 0.000122488085
4.200000000000 2.400000000000 0.000007842749
4.400000000000 2.400000000000 -0.000005190022
4.600000000000 2.400000000000 0.000008175370
4.800000000000 2.400000000000 0.000101841434

0.000000000000 2.600000000000 0.000243735345
0.200000000000 2.600000000000 0.000894808675
0.400000000000 2.600000000000 0.003190048391
0.600000000000 2.600000000000 0.009806367023
0.800000000000 2.600000000000 0.026591806952
1.000000000000 2.600000000000 0.064072036058
1.200000000000 2.600000000000 0.133904142851
1.400000000000 2.600000000000 0.237577087443
1.600000000000 2.600000000000 0.355278585152
1.800000000000 2.600000000000 0.448801327128
2.000000000000 2.600000000000 0.481655688320
2.200000000000 2.600000000000 0.441706044705
2.400000000000 2.600000000000 0.347634288620
2.600000000000 2.600000000000 0.235295748299
2.800000000000 2.600000000000 0.136878361541
3.000000000000 2.600000000000 0.068155333558
3.200000000000 2.600000000000 0.028789258659
3.400000000000 2.600000000000 0.010149718259
3.600000000000 2.600000000000 0.002899860856
3.800000000000 2.600000000000 0.000629071345
4.000000000000 2.600000000000 0.000087037495
4.200000000000 2.600000000000 0.000005766055
4.400000000000 2.600000000000 -0.000003366112
4.600000000000 2.600000000000 0.000005730794
4.800000000000 2.600000000000 0.000068770236

0.000000000000 2.800000000000 0.000141600090
0.200000000000 2.800000000000 0.000519287637
0.400000000000 2.800000000000 0.001846653039
0.600000000000 2.800000000000 0.005670685272
0.800000000000 2.800000000000 0.015363134514
1.000000000000 2.800000000000 0.036977933217
1.200000000000 2.800000000000 0.077223283675
1.400000000000 2.800000000000 0.136991933119
1.600000000000 2.800000000000 0.204950986534
1.800000000000 2.800000000000 0.259142852705
2.000000000000 2.800000000000 0.278485582366
2.200000000000 2.800000000000 0.255820220968
2.400000000000 2.800000000000 0.201746897954
2.600000000000 2.800000000000 0.136878361541
2.800000000000 2.800000000000 0.079848489430
3.000000000000 2.800000000000 0.039889499851
3.200000000000 2.800000000000 0.016916304267
3.400000000000 2.800000000000 0.005993325146
3.600000000000 2.800000000000 0.001723557056
3.800000000000 2.800000000000 0.000377685052
4.000000000000 2.800000000000 0.000053366807
4.200000000000 2.800000000000 0.000003666360
4.400000000000 2.800000000000 -0.000001865533
4.600000000000 2.800000000000 0.000003399988
4.800000000000 2.800000000000 0.000039732764

0.000000000000 3.000000000000 0.000070090970
0.200000000000 3.000000000000 0.000256705580
0.400000000000 3.000000000000 0.000910842791
0.600000000000 3.000000000000 0.002794936201
0.800000000000 3.000000000000 0.007567178854
1.000000000000 3.000000000000 0.018200045225
1.200000000000 3.000000000000 0.037995126919
1.400000000000 3.000000000000 0.067422369524
1.600000000000 3.000000000000 0.100960651128
1.800000000000 3.000000000000 0.127835002375
2.000000000000 3.000000000000 0.137625111234
2.200000000000 3.000000000000 0.126697580885
2.400000000000 3.000000000000 0.100167603865
2.600000000000 3.000000000000 0.068155333558
2.800000000000 3.000000000000 0.039889499851
3.000000000000 3.000000000000 0.020003467882
3.200000000000 3.000000000000 0.008521494246
3.400000000000 3.000000000000 0.003035948539
3.600000000000 3.000000000000 0.000879457106
3.800000000000 3.000000000000 0.000194862039
4.000000000000 3.000000000000 0.000028156763
4.200000000000 3.000000000000 0.000002011876
4.400000000000 3.000000000000 -0.000000878089
4.600000000000 3.000000000000 0.000001701554
4.800000000000 3.000000000000 0.000019550153

0.000000000000 3.200000000000 0.000029270393
0.200000000000 3.200000000000 0.000107030259
0.400000000000 3.200000000000 0.000379009945
0.600000000000 3.200000000000 0.001162541794
0.800000000000 3.200000000000 0.003146398437
1.000000000000 3.200000000000 0.007564396555
1.200000000000 3.200000000000 0.015793281491
1.400000000000 3.200000000000 0.028048301569
1.600000000000 3.200000000000 0.042062539166
1.800000000000 3.200000000000 0.053365129369
2.000000000000 3.200000000000 0.057590366826
2.200000000000 3.200000000000 0.053164570647
2.400000000000 3.200000000000 0.042163499129
2.600000000000 3.200000000000 0.028789258659
2.800000000000 3.200000000000 0.016916304267
3.000000000000 3.200000000000 0.008521494246
3.200000000000 3.200000000000 0.003649451550
3.400000000000 3.200000000000 0.001308593885
3.600000000000 3.200000000000 0.000382246277
3.800000000000 3.200000000000 0.000085756280
4.000000000000 3.200000000000 0.000012697376
4.200000000000 3.200000000000 0.000000947327
4.400000000000 3.200000000000 -0.000000346642
4.600000000000 3.200000000000 0.000000711014
4.800000000000 3.200000000000 0.000008109329

0.000000000000 3.400000000000 0.000010125748
0.200000000000 3.400000000000 0.000036952400
0.400000000000 3.400000000000 0.000130623866
0.600000000000 3.400000000000 0.000400682306
0.800000000000 3.400000000000 0.001084446411
1.000000000000 3.400000000000 0.002607206031
1.200000000000 3.400000000000 0.005447117591
1.400000000000 3.400000000000 0.009688718375
1.600000000000 3.400000000000 0.014562540118
1.800000000000 3.400000000000 0.018527740193
2.000000000000 3.400000000000 0.020059868573
2.200000000000 3.400000000000 0.018585735488
2.400000000000 3.400000000000 0.014799157773
2.600000000000 3.400000000000 0.010149718259
2.800000000000 3.400000000000 0.005993325146
3.000000000000 3.400000000000 0.003035948539
3.200000000000 3.400000000000 0.001308593885
3.400000000000 3.400000000000 0.000472874154
3.600000000000 3.400000000000 0.000139501001
3.800000000000 3.400000000000 0.000031754567
4.000000000000 3.400000000000 0.000004832902
4.200000000000 3.400000000000 0.000000378640
4.400000000000 3.400000000000 -0.000000112142
4.600000000000 3.400000000000 0.000000242993
4.800000000000 3.400000000000 0.000002782813

0.000000000000 3.600000000000 0.000002805945
0.200000000000 3.600000000000 0.000010213300
0.400000000000 3.600000000000 0.000036046924
0.600000000000 3.600000000000 0.000110646371
0.800000000000 3.600000000000 0.000299625427
1.000000000000 3.600000000000 0.000720800810
1.200000000000 3.600000000000 0.001508240558
1.400000000000 3.600000000000 0.002689721873
1.600000000000 3.600000000000 0.004056926108
1.800000000000 3.600000000000 0.005182984107
2.000000000000 3.600000000000 0.005637620179
2.200000000000 3.600000000000 0.005249787438
2.400000000000 3.600000000000 0.004203166821
2.600000000000 3.600000000000 0.002899860856
2.800000000000 3.600000000000 0.001723557056
3.000000000000 3.600000000000 0.000879457106
3.200000000000 3.600000000000 0.000382246277
3.400000000000 3.600000000000 0.000139501001
3.600000000000 3.600000000000 0.000041668889
3.800000000000 3.600000000000 0.000009656420
4.000000000000 3.600000000000 0.000001518590
4.200000000000 3.600000000000 0.000000126044
4.400000000000 3.600000000000 -0.000000028410
4.600000000000 3.600000000000 0.000000065286
4.800000000000 3.600000000000 0.000000763064

0.000000000000 3.800000000000 0.000000575775
0.200000000000 3.800000000000 0.000002087081
0.400000000000 3.800000000000 0.000007355432
0.600000000000 3.800000000000 0.000022621378
0.800000000000 3.800000000000 0.000061356303
1.000000000000 3.800000000000 0.000147874385
1.200000000000 3.800000000000 0.000310454376
1.400000000000 3.800000000000 0.000556427736
1.600000000000 3.800000000000 0.000844538387
1.800000000000 3.800000000000 0.001086662795
2.000000000000 3.800000000000 0.001191160123
2.200000000000 3.800000000000 0.001118403046
2.400000000000 3.800000000000 0.000903313161
2.600000000000 3.800000000000 0.000629071345
2.800000000000 3.800000000000 0.000377685052
3.000000000000 3.800000000000 0.000194862039
3.200000000000 3.800000000000 0.000085756280
3.400000000000 3.800000000000 0.000031754567
3.600000000000 3.800000000000 0.000009656420
3.800000000000 3.800000000000 0.000002294546
4.000000000000 3.800000000000 0.000000376967
4.200000000000 3.800000000000 0.000000033716
4.400000000000 3.800000000000 -0.000000004985
4.600000000000 3.800000000000 0.000000012447
4.800000000000 3.800000000000 0.000000153948

0.000000000000 4.000000000000 0.000000068046
0.200000000000 4.000000000000 0.000000244274
0.400000000000 4.000000000000 0.000000862469
0.600000000000 4.000000000000 0.000002676230
0.800000000000 4.000000000000 0.000007313444
1.000000000000 4.000000000000 0.000017775368
1.200000000000 4.000000000000 0.000037769485
1.400000000000 4.000000000000 0.000068738781
1.600000000000 4.000000000000 0.000106152319
1.800000000000 4.000000000000 0.000139109856
2.000000000000 4.000000000000 0.000155383694
2.200000000000 4.000000000000 0.000148715766
2.400000000000 4.000000000000 0.000122488085
2.600000000000 4.000000000000 0.000087037495
2.800000000000 4.000000000000 0.000053366807
3.000000000000 4.000000000000 0.000028156763
3.200000000000 4.000000000000 0.000012697376
3.400000000000 4.000000000000 0.000004832902
3.600000000000 4.000000000000 0.000001518590
3.800000000000 4.000000000000 0.000000376967
4.000000000000 4.000000000000 0.000000066488
4.200000000000 4.000000000000 0.000000006683
4.400000000000 4.000000000000 -0.000000000376
4.600000000000 4.000000000000 0.000000001044
4.800000000000 4.000000000000 0.000000017470

0.000000000000 4.200000000000 0.000000003389
0.200000000000 4.200000000000 0.000000012358
0.400000000000 4.200000000000 0.000000043945
0.600000000000 4.200000000000 0.000000138805
0.800000000000 4.200000000000 0.000000386099
1.000000000000 4.200000000000 0.000000953001
1.200000000000 4.200000000000 0.000002058949
1.400000000000 4.200000000000 0.000003823126
1.600000000000 4.200000000000 0.000006044524
1.800000000000 4.200000000000 0.000008132345
2.000000000000 4.200000000000 0.000009346282
2.200000000000 4.200000000000 0.000009220897
2.400000000000 4.200000000000 0.000007842749
2.600000000000 4.200000000000 0.000005766055
2.800000000000 4.200000000000 0.000003666360
3.000000000000 4.200000000000 0.000002011876
3.200000000000 4.200000000000 0.000000947327
3.400000000000 4.200000000000 0.000000378640
3.600000000000 4.200000000000 0.000000126044
3.800000000000 4.200000000000 0.000000033716
4.000000000000 4.200000000000 0.000000006683
4.200000000000 4.200000000000 0.000000000811
4.400000000000 4.200000000000 0.000000000008
4.600000000000 4.200000000000 0.000000000036
4.800000000000 4.200000000000 0.000000000797

0.000000000000 4.400000000000 -0.000000003614
0.200000000000 4.400000000000 -0.000000014071
0.400000000000 4.400000000000 -0.000000052446
0.600000000000 4.400000000000 -0.000000163660
0.800000000000 4.400000000000 -0.000000451319
1.000000000000 4.400000000000 -0.000001104826
1.200000000000 4.400000000000 -0.000002320889
1.400000000000 4.400000000000 -0.000004088042
1.600000000000 4.400000000000 -0.000006010189
1.800000000000 4.400000000000 -0.000007411995
2.000000000000 4.400000000000 -0.000007725013
2.200000000000 4.400000000000 -0.000006849584
2.400000000000 4.400000000000 -0.000005190022
2.600000000000 4.400000000000 -0.000003366112
2.800000000000 4.400000000000 -0.000001865533
3.000000000000 4.400000000000 -0.000000878089
3.200000000000 4.400000000000 -0.000000346642
3.400000000000 4.400000000000 -0.000000112142
3.600000000000 4.400000000000 -0.000000028410
3.800000000000 4.400000000000 -0.000000004985
4.000000000000 4.400000000000 -0.000000000376
4.200000000000 4.400000000000 0.000000000008
4.400000000000 4.400000000000 0.000000000111
4.600000000000 4.400000000000 -0.000000000095
4.800000000000 4.400000000000 -0.000000001142

0.000000000000 4.600000000000 -0.000000001718
0.200000000000 4.600000000000 -0.000000008194
0.400000000000 4.600000000000 -0.000000014550
0.600000000000 4.600000000000 -0.000000010103
0.800000000000 4.600000000000 0.000000046318
1.000000000000 4.600000000000 0.000000329430
1.200000000000 4.600000000000 0.000001206680
1.400000000000 4.600000000000 0.000003022980
1.600000000000 4.600000000000 0.000005662074
1.800000000000 4.600000000000 0.000008336376
2.000000000000 4.600000000000 0.000009958492
2.200000000000 4.600000000000 0.000009851721
2.400000000000 4.600000000000 0.000008175370
2.600000000000 4.600000000000 0.000005730794
2.800000000000 4.600000000000 0.000003399988
3.000000000000 4.600000000000 0.000001701554
3.200000000000 4.600000000000 0.000000711014
3.400000000000 4.600000000000 0.000000242993
3.600000000000 4.600000000000 0.000000065286
3.800000000000 4.600000000000 0.000000012447
4.000000000000 4.600000000000 0.000000001044
4.200000000000 4.600000000000 0.000000000036
4.400000000000 4.600000000000 -0.000000000095
4.600000000000 4.600000000000 -0.000000000680
4.800000000000 4.600000000000 -0.000000000344

0.000000000000 4.800000000000 0.000000054328
0.200000000000 4.800000000000 0.000000195737
0.400000000000 4.800000000000 0.000000739106
0.600000000000 4.800000000000 0.000002362249
0.800000000000 4.800000000000 0.000006597055
1.000000000000 4.800000000000 0.000016454305
1.200000000000 4.800000000000 0.000035662698
1.400000000000 4.800000000000 0.000065322184
1.600000000000 4.800000000000 0.000100140925
1.800000000000 4.800000000000 0.000128790604
2.000000000000 4.800000000000 0.000139873100
2.200000000000 4.800000000000 0.000129133850
2.400000000000 4.800000000000 0.000101841434
2.600000000000 4.800000000000 0.000068770236
2.800000000000 4.800000000000 0.000039732764
3.000000000000 4.800000000000 0.000019550153
3.200000000000 4.800000000000 0.000008109329
3.400000000000 4.800000000000 0.000002782813
3.600000000000 4.800000000000 0.000000763064
3.800000000000 4.800000000000 0.000000153948
4.000000000000 4.800000000000 0.000000017470
4.200000000000 4.800000000000 0.000000000797
4.400000000000 4.800000000000 -0.000000001142
4.600000000000 4.800000000000 -0.000000000344
4.800000000000 4.800000000000 0.000000015962

