# x y u
0.000000000000 0.000000000000 0.002460521934
0.200000000000 0.000000000000 0.002697514412
0.400000000000 0.000000000000 0.003411722688
0.600000000000 0.000000000000 0.004608564205
0.800000000000 0.000000000000 0.006283872805
1.000000000000 0.000000000000 0.008407655823
1.200000000000 0.000000000000 0.010907905146
1.400000000000 0.000000000000 0.013659652063
1.600000000000 0.000000000000 0.016483923656
1.800000000000 0.000000000000 0.019159377671
2.000000000000 0.000000000000 0.021446392481
2.200000000000 0.000000000000 0.023119948519
2.400000000000 0.000000000000 0.024004755956
2.600000000000 0.000000000000 0.024004755956
2.800000000000 0.000000000000 0.023119948519
3.000000000000 0.000000000000 0.021446392481
3.200000000000 0.000000000000 0.019159377671
3.400000000000 0.000000000000 0.016483923656
3.600000000000 0.000000000000 0.013659652063
3.800000000000 0.000000000000 0.010907905146
4.000000000000 0.000000000000 0.008407655823
4.200000000000 0.000000000000 0.006283872805
4.400000000000 0.000000000000 0.004608564205
4.600000000000 0.000000000000 0.003411722688
4.800000000000 0.000000000000 0.002697514412

0.000000000000 0.200000000000 0.002697514412
0.200000000000 0.200000000000 0.002957334696
0.400000000000 0.200000000000 0.003740337537
0.600000000000 0.200000000000 0.005052462028
0.800000000000 0.200000000000 0.006889140458
1.000000000000 0.200000000000 0.009217490883
1.200000000000 0.200000000000 0.011958568915
1.400000000000 0.200000000000 0.014975368404
1.600000000000 0.200000000000 0.018071677408
1.800000000000 0.200000000000 0.021004833804
2.000000000000 0.200000000000 0.023512135618
2.200000000000 0.200000000000 0.025346889554
2.400000000000 0.200000000000 0.026316922066
2.600000000000 0.200000000000 0.026316922066
2.800000000000 0.200000000000 0.025346889554
3.000000000000 0.200000000000 0.023512135618
3.200000000000 0.200000000000 0.021004833804
3.400000000000 0.200000000000 0.018071677408
3.600000000000 0.200000000000 0.014975368404
3.800000000000 0.200000000000 0.011958568915
4.000000000000 0.200000000000 0.009217490883
4.200000000000 0.200000000000 0.006889140458
4.400000000000 0.200000000000 0.005052462028
4.600000000000 0.200000000000 0.003740337537
4.800000000000 0.200000000000 0.002957334696

0.000000000000 0.400000000000 0.003411722688
0.200000000000 0.400000000000 0.003740337537
0.400000000000 0.400000000000 0.004730661721
0.600000000000 0.400000000000 0.006390206329
0.800000000000 0.400000000000 0.008713193402
1.000000000000 0.400000000000 0.011658033680
1.200000000000 0.400000000000 0.015124879327
1.400000000000 0.400000000000 0.018940447806
1.600000000000 0.400000000000 0.022856575210
1.800000000000 0.400000000000 0.026566349398
2.000000000000 0.400000000000 0.029737513018
2.200000000000 0.400000000000 0.032058056433
2.400000000000 0.400000000000 0.033284925052
2.600000000000 0.400000000000 0.033284925052
2.800000000000 0.400000000000 0.032058056433
3.000000000000 0.400000000000 0.029737513018
3.200000000000 0.400000000000 0.026566349398
3.400000000000 0.400000000000 0.022856575210
3.600000000000 0.400000000000 0.018940447806
3.800000000000 0.400000000000 0.015124879327
4.000000000000 0.400000000000 0.011658033680
4.200000000000 0.400000000000 0.008713193402
4.400000000000 0.400000000000 0.006390206329
4.600000000000 0.400000000000 0.004730661721
4.800000000000 0.400000000000 0.003740337537

0.000000000000 0.600000000000 0.004608564205
0.200000000000 0.600000000000 0.005052462028
0.400000000000 0.600000000000 0.006390206329
0.600000000000 0.600000000000 0.008631942244
0.800000000000 0.600000000000 0.011769863413
1.000000000000 0.600000000000 0.015747788897
1.200000000000 0.600000000000 0.020430841535
1.400000000000 0.600000000000 0.025584948354
1.600000000000 0.600000000000 0.030874886840
1.800000000000 0.600000000000 0.035886077982
2.000000000000 0.600000000000 0.040169707281
2.200000000000 0.600000000000 0.043304311622
2.400000000000 0.600000000000 0.044961572843
2.600000000000 0.600000000000 0.044961572843
2.800000000000 0.600000000000 0.043304311622
3.000000000000 0.600000000000 0.040169707281
3.200000000000 0.600000000000 0.035886077982
3.400000000000 0.600000000000 0.030874886840
3.600000000000 0.600000000000 0.025584948354
3.800000000000 0.600000000000 0.020430841535
4.000000000000 0.600000000000 0.015747788897
4.200000000000 0.600000000000 0.011769863413
4.400000000000 0.600000000000 0.008631942244
4.600000000000 0.600000000000 0.006390206329
4.800000000000 0.600000000000 0.005052462028

0.000000000000 0.800000000000 0.006283872805
0.200000000000 0.800000000000 0.006889140458
0.400000000000 0.800000000000 0.008713193402
0.600000000000 0.800000000000 0.011769863413
0.800000000000 0.800000000000 0.016048504232
1.000000000000 0.800000000000 0.021472509287
1.200000000000 0.800000000000 0.027857967939
1.400000000000 0.800000000000 0.034885714452
1.600000000000 0.800000000000 0.042098664640
1.800000000000 0.800000000000 0.048931531492
2.000000000000 0.800000000000 0.054772348559
2.200000000000 0.800000000000 0.059046444400
2.400000000000 0.800000000000 0.061306152654
2.600000000000 0.800000000000 0.061306152654
2.800000000000 0.800000000000 0.059046444400
3.000000000000 0.800000000000 0.054772348559
3.200000000000 0.800000000000 0.048931531492
3.400000000000 0.800000000000 0.042098664640
3.600000000000 0.800000000000 0.034885714452
3.800000000000 0.800000000000 0.027857967939
4.000000000000 0.800000000000 0.021472509287
4.200000000000 0.800000000000 0.016048504232
4.400000000000 0.800000000000 0.011769863413
4.600000000000 0.800000000000 0.008713193402
4.800000000000 0.800000000000 0.006889140458

0.000000000000 1.000000000000 0.008407655823
0.200000000000 1.000000000000 0.009217490883
0.400000000000 1.000000000000 0.011658033680
0.600000000000 1.000000000000 0.015747788897
0.800000000000 1.000000000000 0.021472509287
1.000000000000 1.000000000000 0.028729693961
1.200000000000 1.000000000000 0.037273272269
1.400000000000 1.000000000000 0.046676206924
1.600000000000 1.000000000000 0.056326931245
1.800000000000 1.000000000000 0.065469108224
2.000000000000 1.000000000000 0.073283946874
2.200000000000 1.000000000000 0.079002556861
2.400000000000 1.000000000000 0.082025976833
2.600000000000 1.000000000000 0.082025976833
2.800000000000 1.000000000000 0.079002556861
3.000000000000 1.000000000000 0.073283946874
3.200000000000 1.000000000000 0.065469108224
3.400000000000 1.000000000000 0.056326931245
3.600000000000 1.000000000000 0.046676206924
3.800000000000 1.000000000000 0.037273272269
4.000000000000 1.000000000000 0.028729693961
4.200000000000 1.000000000000 0.021472509287
4.400000000000 1.000000000000 0.015747788897
4.600000000000 1.000000000000 0.011658033680
4.800000000000 1.000000000000 0.009217490883

0.000000000000 1.200000000000 0.010907905146
0.200000000000 1.200000000000 0.011958568915
0.400000000000 1.200000000000 0.015124879327
0.600000000000 1.200000000000 0.020430841535
0.800000000000 1.200000000000 0.027857967939
1.000000000000 1.200000000000 0.037273272269
1.200000000000 1.200000000000 0.048357504738
1.400000000000 1.200000000000 0.060556635295
1.600000000000 1.200000000000 0.073077232301
1.800000000000 1.200000000000 0.084938045320
2.000000000000 1.200000000000 0.095076799933
2.200000000000 1.200000000000 0.102495962683
2.400000000000 1.200000000000 0.106418461206
2.600000000000 1.200000000000 0.106418461206
2.800000000000 1.200000000000 0.102495962683
3.000000000000 1.200000000000 0.095076799933
3.200000000000 1.200000000000 0.084938045320
3.400000000000 1.200000000000 0.073077232301
3.600000000000 1.200000000000 0.060556635295
3.800000000000 1.200000000000 0.048357504738
4.000000000000 1.200000000000 0.037273272269
4.200000000000 1.200000000000 0.027857967939
4.400000000000 1.200000000000 0.020430841535
4.600000000000 1.200000000000 0.015124879327
4.800000000000 1.200000000000 0.011958568915

0.000000000000 1.400000000000 0.013659652063
0.200000000000 1.400000000000 0.014975368404
0.400000000000 1.400000000000 0.018940447806
0.600000000000 1.400000000000 0.025584948354
0.800000000000 1.400000000000 0.034885714452
1.000000000000 1.400000000000 0.046676206924
1.200000000000 1.400000000000 0.060556635295
1.400000000000 1.400000000000 0.075833203070
1.600000000000 1.400000000000 0.091512321591
1.800000000000 1.400000000000 0.106365205894
2.000000000000 1.400000000000 0.119061609889
2.200000000000 1.400000000000 0.128352361698
2.400000000000 1.400000000000 0.133264365009
2.600000000000 1.400000000000 0.133264365009
2.800000000000 1.400000000000 0.128352361698
3.000000000000 1.400000000000 0.119061609889
3.200000000000 1.400000000000 0.106365205894
3.400000000000 1.400000000000 0.091512321591
3.600000000000 1.400000000000 0.075833203070
3.800000000000 1.400000000000 0.060556635295
4.000000000000 1.400000000000 0.046676206924
4.200000000000 1.400000000000 0.034885714452
4.400000000000 1.400000000000 0.025584948354
4.600000000000 1.400000000000 0.018940447806
4.800000000000 1.400000000000 0.014975368404

0.000000000000 1.600000000000 0.016483923656
0.200000000000 1.600000000000 0.018071677408
0.400000000000 1.600000000000 0.022856575210
0.600000000000 1.600000000000 0.030874886840
0.800000000000 1.600000000000 0.042098664640
1.000000000000 1.600000000000 0.056326931245
1.200000000000 1.600000000000 0.073077232301
1.400000000000 1.600000000000 0.091512321591
1.600000000000 1.600000000000 0.110433179630
1.800000000000 1.600000000000 0.128356965523
2.000000000000 1.600000000000 0.143678402234
2.200000000000 1.600000000000 0.154890050807
2.400000000000 1.600000000000 0.160817627513
2.600000000000 1.600000000000 0.160817627513
2.800000000000 1.600000000000 0.154890050807
3.000000000000 1.600000000000 0.143678402234
3.200000000000 1.600000000000 0.128356965523
3.400000000000 1.600000000000 0.110433179630
3.600000000000 1.600000000000 0.091512321591
3.800000000000 1.600000000000 0.073077232301
4.000000000000 1.600000000000 0.056326931245
4.200000000000 1.600000000000 0.042098664640
4.400000000000 1.600000000000 0.030874886840
4.600000000000 1.600000000000 0.022856575210
4.800000000000 1.600000000000 0.018071677408

0.000000000000 1.800000000000 0.019159377671
0.200000000000 1.800000000000 0.021004833804
0.400000000000 1.800000000000 0.026566349398
0.600000000000 1.800000000000 0.035886077982
0.800000000000 1.800000000000 0.048931531492
1.000000000000 1.800000000000 0.065469108224
1.200000000000 1.800000000000 0.084938045320
1.400000000000 1.800000000000 0.106365205894
1.600000000000 1.800000000000 0.128356965523
1.800000000000 1.800000000000 0.149189816348
2.000000000000 1.800000000000 0.166997945183
2.200000000000 1.800000000000 0.180029257597
2.400000000000 1.800000000000 0.186918885887
2.600000000000 1.800000000000 0.186918885887
2.800000000000 1.800000000000 0.180029257597
3.000000000000 1.800000000000 0.166997945183
3.200000000000 1.800000000000 0.149189816348
3.400000000000 1.800000000000 0.128356965523
3.600000000000 1.800000000000 0.106365205894
3.800000000000 1.800000000000 0.084938045320
4.000000000000 1.800000000000 0.065469108224
4.200000000000 1.800000000000 0.048931531492
4.400000000000 1.800000000000 0.035886077982
4.600000000000 1.800000000000 0.026566349398
4.800000000000 1.800000000000 0.021004833804

0.000000000000 2.000000000000 0.021446392481
0.200000000000 2.000000000000 0.023512135618
0.400000000000 2.000000000000 0.029737513018
0.600000000000 2.000000000000 0.040169707281
0.800000000000 2.000000000000 0.054772348559
1.000000000000 2.000000000000 0.073283946874
1.200000000000 2.000000000000 0.095076799933
1.400000000000 2.000000000000 0.119061609889
1.600000000000 2.000000000000 0.143678402234
1.800000000000 2.000000000000 0.166997945183
2.000000000000 2.000000000000 0.186931717613
2.200000000000 2.000000000000 0.201518492246
2.400000000000 2.000000000000 0.209230489255
2.600000000000 2.000000000000 0.209230489255
2.800000000000 2.000000000000 0.201518492246
3.000000000000 2.000000000000 0.186931717613
3.200000000000 2.000000000000 0.166997945183
3.400000000000 2.000000000000 0.143678402234
3.600000000000 2.000000000000 0.119061609889
3.800000000000 2.000000000000 0.095076799933
4.000000000000 2.000000000000 0.073283946874
4.200000000000 2.000000000000 0.054772348559
4.400000000000 2.000000000000 0.040169707281
4.600000000000 2.000000000000 0.029737513018
4.800000000000 2.000000000000 0.023512135618

0.000000000000 2.200000000000 0.023119948519
0.200000000000 2.200000000000 0.025346889554
0.400000000000 2.200000000000 0.032058056433
0.600000000000 2.200000000000 0.043304311622
0.800000000000 2.200000000000 0.059046444400
1.000000000000 2.200000000000 0.079002556861
1.200000000000 2.200000000000 0.102495962683
1.400000000000 2.200000000000 0.128352361698
1.600000000000 2.200000000000 0.154890050807
1.800000000000 2.200000000000 0.180029257597
2.000000000000 2.200000000000 0.201518492246
2.200000000000 2.200000000000 0.217243492590
2.400000000000 2.200000000000 0.225557266413
2.600000000000 2.200000000000 0.225557266413
2.800000000000 2.200000000000 0.217243492590
3.000000000000 2.200000000000 0.201518492246
3.200000000000 2.200000000000 0.180029257597
3.400000000000 2.200000000000 0.154890050807
3.600000000000 2.200000000000 0.128352361698
3.800000000000 2.200000000000 0.102495962683
4.000000000000 2.200000000000 0.079002556861
4.200000000000 2.200000000000 0.059046444400
4.400000000000 2.200000000000 0.043304311622
4.600000000000 2.200000000000 0.032058056433
4.800000000000 2.200000000000 0.025346889554

0.000000000000 2.400000000000 0.024004755956
0.200000000000 2.400000000000 0.026316922066
0.400000000000 2.400000000000 0.033284925052
0.600000000000 2.400000000000 0.044961572843
0.800000000000 2.400000000000 0.061306152654
1.000000000000 2.400000000000 0.082025976833
1.200000000000 2.400000000000 0.106418461206
1.400000000000 2.400000000000 0.133264365009
1.600000000000 2.400000000000 0.160817627513
1.800000000000 2.400000000000 0.186918885887
2.000000000000 2.400000000000 0.209230489255
2.200000000000 2.400000000000 0.225557266413
2.400000000000 2.400000000000 0.234189197961
2.600000000000 2.400000000000 0.234189197961
2.800000000000 2.400000000000 0.225557266413
3.000000000000 2.400000000000 0.209230489255
3.200000000000 2.400000000000 0.186918885887
3.400000000000 2.400000000000 0.160817627513
3.600000000000 2.400000000000 0.133264365009
3.800000000000 2.400000000000 0.106418461206
4.000000000000 2.400000000000 0.082025976833
4.200000000000 2.400000000000 0.061306152654
4.400000000000 2.400000000000 0.044961572843
4.600000000000 2.400000000000 0.033284925052
4.800000000000 2.400000000000 0.026316922066

0.000000000000 2.600000000000 0.024004755956
0.200000000000 2.600000000000 0.026316922066
0.400000000000 2.600000000000 0.033284925052
0.600000000000 2.600000000000 0.044961572843
0.800000000000 2.600000000000 0.061306152654
1.000000000000 2.600000000000 0.082025976833
1.200000000000 2.600000000000 0.106418461206
1.400000000000 2.600000000000 0.133264365009
1.600000000000 2.600000000000 0.160817627513
1.800000000000 2.600000000000 0.186918885887
2.000000000000 2.600000000000 0.209230489255
2.200000000000 2.600000000000 0.225557266413
2.400000000000 2.600000000000 0.234189197961
2.600000000000 2.600000000000 0.234189197961
2.800000000000 2.600000000000 0.225557266413
3.000000000000 2.600000000000 0.209230489255
3.200000000000 2.600000000000 0.186918885887
3.400000000000 2.600000000000 0.160817627513
3.600000000000 2.600000000000 0.133264365009
3.800000000000 2.600000000000 0.106418461206
4.000000000000 2.600000000000 0.082025976833
4.200000000000 2.600000000000 0.061306152654
4.400000000000 2.600000000000 0.044961572843
4.600000000000 2.600000000000 0.033284925052
4.800000000000 2.600000000000 0.026316922066

0.000000000000 2.800000000000 0.023119948519
0.200000000000 2.800000000000 0.025346889554
0.400000000000 2.800000000000 0.032058056433
0.600000000000 2.800000000000 0.043304311622
0.800000000000 2.800000000000 0.059046444400
1.000000000000 2.800000000000 0.079002556861
1.200000000000 2.800000000000 0.102495962683
1.400000000000 2.800000000000 0.128352361698
1.600000000000 2.800000000000 0.154890050807
1.800000000000 2.800000000000 0.180029257597
2.000000000000 2.800000000000 0.201518492246
2.200000000000 2.800000000000 0.217243492590
2.400000000000 2.800000000000 0.225557266413
2.600000000000 2.800000000000 0.225557266413
2.800000000000 2.800000000000 0.217243492590
3.000000000000 2.800000000000 0.201518492246
3.200000000000 2.800000000000 0.180029257597
3.400000000000 2.800000000000 0.154890050807
3.600000000000 2.800000000000 0.128352361698
3.800000000000 2.800000000000 0.102495962683
4.000000000000 2.800000000000 0.079002556861
4.200000000000 2.800000000000 0.059046444400
4.400000000000 2.800000000000 0.043304311622
4.600000000000 2.800000000000 0.032058056433
4.800000000000 2.800000000000 0.025346889554

0.000000000000 3.000000000000 0.021446392481
0.200000000000 3.000000000000 0.023512135618
0.400000000000 3.000000000000 0.029737513018
0.600000000000 3.000000000000 0.040169707281
0.800000000000 3.000000000000 0.054772348559
1.000000000000 3.000000000000 0.073283946874
1.200000000000 3.000000000000 0.095076799933
1.400000000000 3.000000000000 0.119061609889
1.600000000000 3.000000000000 0.143678402234
1.800000000000 3.000000000000 0.166997945183
2.000000000000 3.000000000000 0.186931717613
2.200000000000 3.000000000000 0.201518492246
2.400000000000 3.000000000000 0.209230489255
2.600000000000 3.000000000000 0.209230489255
2.800000000000 3.000000000000 0.201518492246
3.000000000000 3.000000000000 0.186931717613
3.200000000000 3.000000000000 0.166997945183
3.400000000000 3.000000000000 0.143678402234
3.600000000000 3.000000000000 0.119061609889
3.800000000000 3.000000000000 0.095076799933
4.000000000000 3.000000000000 0.073283946874
4.200000000000 3.000000000000 0.054772348559
4.400000000000 3.000000000000 0.040169707281
4.600000000000 3.000000000000 0.029737513018
4.800000000000 3.000000000000 0.023512135618

0.000000000000 3.200000000000 0.019159377671
0.200000000000 3.200000000000 0.021004833804
0.400000000000 3.200000000000 0.026566349398
0.600000000000 3.200000000000 0.035886077982
0.800000000000 3.200000000000 0.048931531492
1.000000000000 3.200000000000 0.065469108224
1.200000000000 3.200000000000 0.084938045320
1.400000000000 3.200000000000 0.106365205894
1.600000000000 3.200000000000 0.128356965523
1.800000000000 3.200000000000 0.149189816348
2.000000000000 3.200000000000 0.166997945183
2.200000000000 3.200000000000 0.180029257597
2.400000000000 3.200000000000 0.186918885887
2.600000000000 3.200000000000 0.186918885887
2.800000000000 3.200000000000 0.180029257597
3.000000000000 3.200000000000 0.166997945183
3.200000000000 3.200000000000 0.149189816348
3.400000000000 3.200000000000 0.128356965523
3.600000000000 3.200000000000 0.106365205894
3.800000000000 3.200000000000 0.084938045320
4.000000000000 3.200000000000 0.065469108224
4.200000000000 3.200000000000 0.048931531492
4.400000000000 3.200000000000 0.035886077982
4.600000000000 3.200000000000 0.026566349398
4.800000000000 3.200000000000 0.021004833804

0.000000000000 3.400000000000 0.016483923656
0.200000000000 3.400000000000 0.018071677408
0.400000000000 3.400000000000 0.022856575210
0.600000000000 3.400000000000 0.030874886840
0.800000000000 3.400000000000 0.042098664640
1.000000000000 3.400000000000 0.056326931245
1.200000000000 3.400000000000 0.073077232301
1.400000000000 3.400000000000 0.091512321591
1.600000000000 3.400000000000 0.110433179630
1.800000000000 3.400000000000 0.128356965523
2.000000000000 3.400000000000 0.143678402234
2.200000000000 3.400000000000 0.154890050807
2.400000000000 3.400000000000 0.160817627513
2.600000000000 3.400000000000 0.160817627513
2.800000000000 3.400000000000 0.154890050807
3.000000000000 3.400000000000 0.143678402234
3.200000000000 3.400000000000 0.128356965523
3.400000000000 3.400000000000 0.110433179630
3.600000000000 3.400000000000 0.091512321591
3.800000000000 3.400000000000 0.073077232301
4.000000000000 3.400000000000 0.056326931245
4.200000000000 3.400000000000 0.042098664640
4.400000000000 3.400000000000 0.030874886840
4.600000000000 3.400000000000 0.022856575210
4.800000000000 3.400000000000 0.018071677408

0.000000000000 3.600000000000 0.013659652063
0.200000000000 3.600000000000 0.014975368404
0.400000000000 3.600000000000 0.018940447806
0.600000000000 3.600000000000 0.025584948354
0.800000000000 3.600000000000 0.034885714452
1.000000000000 3.600000000000 0.046676206924
1.200000000000 3.600000000000 0.060556635295
1.400000000000 3.600000000000 0.075833203070
1.600000000000 3.600000000000 0.091512321591
1.800000000000 3.600000000000 0.106365205894
2.000000000000 3.600000000000 0.119061609889
2.200000000000 3.600000000000 0.128352361698
2.400000000000 3.600000000000 0.133264365009
2.600000000000 3.600000000000 0.133264365009
2.800000000000 3.600000000000 0.128352361698
3.000000000000 3.600000000000 0.119061609889
3.200000000000 3.600000000000 0.106365205894
3.400000000000 3.600000000000 0.091512321591
3.600000000000 3.600000000000 0.075833203070
3.800000000000 3.600000000000 0.060556635295
4.000000000000 3.600000000000 0.046676206924
4.200000000000 3.600000000000 0.034885714452
4.400000000000 3.600000000000 0.025584948354
4.600000000000 3.600000000000 0.018940447806
4.800000000000 3.600000000000 0.014975368404

0.000000000000 3.800000000000 0.010907905146
0.200000000000 3.800000000000 0.011958568915
0.400000000000 3.800000000000 0.015124879327
0.600000000000 3.800000000000 0.020430841535
0.800000000000 3.800000000000 0.027857967939
1.000000000000 3.800000000000 0.037273272269
1.200000000000 3.800000000000 0.048357504738
1.400000000000 3.800000000000 0.060556635295
1.600000000000 3.800000000000 0.073077232301
1.800000000000 3.800000000000 0.084938045320
2.000000000000 3.800000000000 0.095076799933
2.200000000000 3.800000000000 0.102495962683
2.400000000000 3.800000000000 0.106418461206
2.600000000000 3.800000000000 0.106418461206
2.800000000000 3.800000000000 0.102495962683
3.000000000000 3.800000000000 0.095076799933
3.200000000000 3.800000000000 0.084938045320
3.400000000000 3.800000000000 0.073077232301
3.600000000000 3.800000000000 0.060556635295
3.800000000000 3.800000000000 0.048357504738
4.000000000000 3.800000000000 0.037273272269
4.200000000000 3.800000000000 0.027857967939
4.400000000000 3.800000000000 0.020430841535
4.600000000000 3.800000000000 0.015124879327
4.800000000000 3.800000000000 0.011958568915

0.000000000000 4.000000000000 0.008407655823
0.200000000000 4.000000000000 0.009217490883
0.400000000000 4.000000000000 0.011658033680
0.600000000000 4.000000000000 0.015747788897
0.800000000000 4.000000000000 0.021472509287
1.000000000000 4.000000000000 0.028729693961
1.200000000000 4.000000000000 0.037273272269
1.400000000000 4.000000000000 0.046676206924
1.600000000000 4.000000000000 0.056326931245
1.800000000000 4.000000000000 0.065469108224
2.000000000000 4.000000000000 0.073283946874
2.200000000000 4.000000000000 0.079002556861
2.400000000000 4.000000000000 0.082025976833
2.600000000000 4.000000000000 0.082025976833
2.800000000000 4.000000000000 0.079002556861
3.000000000000 4.000000000000 0.073283946874
3.200000000000 4.000000000000 0.065469108224
3.400000000000 4.000000000000 0.056326931245
3.600000000000 4.000000000000 0.046676206924
3.800000000000 4.000000000000 0.037273272269
4.000000000000 4.000000000000 0.028729693961
4.200000000000 4.000000000000 0.021472509287
4.400000000000 4.000000000000 0.015747788897
4.600000000000 4.000000000000 0.011658033680
4.800000000000 4.000000000000 0.009217490883

0.000000000000 4.200000000000 0.006283872805
0.200000000000 4.200000000000 0.006889140458
0.400000000000 4.200000000000 0.008713193402
0.600000000000 4.200000000000 0.011769863413
0.800000000000 4.200000000000 0.016048504232
1.000000000000 4.200000000000 0.021472509287
1.200000000000 4.200000000000 0.027857967939
1.400000000000 4.200000000000 0.034885714452
1.600000000000 4.200000000000 0.042098664640
1.800000000000 4.200000000000 0.048931531492
2.000000000000 4.200000000000 0.054772348559
2.200000000000 4.200000000000 0.059046444400
2.400000000000 4.200000000000 0.061306152654
2.600000000000 4.200000000000 0.061306152654
2.800000000000 4.200000000000 0.059046444400
3.000000000000 4.200000000000 0.054772348559
3.200000000000 4.200000000000 0.048931531492
3.400000000000 4.200000000000 0.042098664640
3.600000000000 4.200000000000 0.034885714452
3.800000000000 4.200000000000 0.027857967939
4.000000000000 4.200000000000 0.021472509287
4.200000000000 4.200000000000 0.016048504232
4.400000000000 4.200000000000 0.011769863413
4.600000000000 4.200000000000 0.008713193402
4.800000000000 4.200000000000 0.006889140458

0.000000000000 4.400000000000 0.004608564205
0.200000000000 4.400000000000 0.005052462028
0.400000000000 4.400000000000 0.006390206329
0.600000000000 4.400000000000 0.008631942244
0.800000000000 4.400000000000 0.011769863413
1.000000000000 4.400000000000 0.015747788897
1.200000000000 4.400000000000 0.020430841535
1.400000000000 4.400000000000 0.025584948354
1.600000000000 4.400000000000 0.030874886840
1.800000000000 4.400000000000 0.035886077982
2.000000000000 4.400000000000 0.040169707281
2.200000000000 4.400000000000 0.043304311622
2.400000000000 4.400000000000 0.044961572843
2.600000000000 4.400000000000 0.044961572843
2.800000000000 4.400000000000 0.043304311622
3.000000000000 4.400000000000 0.040169707281
3.200000000000 4.400000000000 0.035886077982
3.400000000000 4.400000000000 0.030874886840
3.600000000000 4.400000000000 0.025584948354
3.800000000000 4.400000000000 0.020430841535
4.000000000000 4.400000000000 0.015747788897
4.200000000000 4.400000000000 0.011769863413
4.400000000000 4.400000000000 0.008631942244
4.600000000000 4.400000000000 0.006390206329
4.800000000000 4.400000000000 0.005052462028

0.000000000000 4.600000000000 0.003411722688
0.200000000000 4.600000000000 0.003740337537
0.400000000000 4.600000000000 0.004730661721
0.600000000000 4.600000000000 0.006390206329
0.800000000000 4.600000000000 0.008713193402
1.000000000000 4.600000000000 0.011658033680
1.200000000000 4.600000000000 0.015124879327
1.400000000000 4.600000000000 0.018940447806
1.600000000000 4.600000000000 0.022856575210
1.800000000000 4.600000000000 0.026566349398
2.000000000000 4.600000000000 0.029737513018
2.200000000000 4.600000000000 0.032058056433
2.400000000000 4.600000000000 0.033284925052
2.600000000000 4.600000000000 0.033284925052
2.800000000000 4.600000000000 0.032058056433
3.000000000000 4.600000000000 0.029737513018
3.200000000000 4.600000000000 0.026566349398
3.400000000000 4.600000000000 0.022856575210
3.600000000000 4.600000000000 0.018940447806
3.800000000000 4.600000000000 0.015124879327
4.000000000000 4.600000000000 0.011658033680
4.200000000000 4.600000000000 0.008713193402
4.400000000000 4.600000000000 0.006390206329
4.600000000000 4.600000000000 0.004730661721
4.800000000000 4.600000000000 0.003740337537

0.000000000000 4.800000000000 0.002697514412
0.200000000000 4.800000000000 0.002957334696
0.400000000000 4.800000000000 0.003740337537
0.600000000000 4.800000000000 0.005052462028
0.800000000000 4.800000000000 0.006889140458
1.000000000000 4.800000000000 0.009217490883
1.200000000000 4.800000000000 0.011958568915
1.400000000000 4.800000000000 0.014975368404
1.600000000000 4.800000000000 0.018071677408
1.800000000000 4.800000000000 0.021004833804
2.000000000000 4.800000000000 0.023512135618
2.200000000000 4.800000000000 0.025346889554
2.400000000000 4.800000000000 0.026316922066
2.600000000000 4.800000000000 0.026316922066
2.800000000000 4.800000000000 0.025346889554
3.000000000000 4.800000000000 0.023512135618
3.200000000000 4.800000000000 0.021004833804
3.400000000000 4.800000000000 0.018071677408
3.600000000000 4.800000000000 0.014975368404
3.800000000000 4.800000000000 0.011958568915
4.000000000000 4.800000000000 0.009217490883
4.200000000000 4.800000000000 0.006889140458
4.400000000000 4.800000000000 0.005052462028
4.600000000000 4.800000000000 0.003740337537
4.800000000000 4.800000000000 0.002957334696

