# x y u
0.000000000000 0.000000000000 0.364662698989
0.200000000000 0.000000000000 0.227043874962
0.400000000000 0.000000000000 0.120852480718
0.600000000000 0.000000000000 0.054809353598
0.800000000000 0.000000000000 0.021047676398
1.000000000000 0.000000000000 0.006775017392
1.200000000000 0.000000000000 0.001799788964
1.400000000000 0.000000000000 0.000386034895
1.600000000000 0.000000000000 0.000063554728
1.800000000000 0.000000000000 0.000007288095
2.000000000000 0.000000000000 0.000003659875
2.200000000000 0.000000000000 0.000022717325
2.400000000000 0.000000000000 0.000116869631
2.600000000000 0.000000000000 0.000512928167
2.800000000000 0.000000000000 0.001995876339
3.000000000000 0.000000000000 0.006840823314
3.200000000000 0.000000000000 0.020476382021
3.400000000000 0.000000000000 0.053175877004
3.600000000000 0.000000000000 0.118875713685
3.800000000000 0.000000000000 0.226946165848
4.000000000000 0.000000000000 0.368096789230
4.200000000000 0.000000000000 0.506535265973
4.400000000000 0.000000000000 0.592164213053
4.600000000000 0.000000000000 0.589617429270
4.800000000000 0.000000000000 0.501326243191

0.000000000000 0.200000000000 0.227043874962
0.200000000000 0.200000000000 0.141522049296
0.400000000000 0.200000000000 0.075431807185
0.600000000000 0.200000000000 0.034264182263
0.800000000000 0.200000000000 0.013182552086
1.000000000000 0.200000000000 0.004252757541
1.200000000000 0.200000000000 0.001132791406
1.400000000000 0.200000000000 0.000243773201
1.600000000000 0.200000000000 0.000040317288
1.800000000000 0.200000000000 0.000004661229
2.000000000000 0.200000000000 0.000002302448
2.200000000000 0.200000000000 0.000014183331
2.400000000000 0.200000000000 0.000072877179
2.600000000000 0.200000000000 0.000319589055
2.800000000000 0.200000000000 0.001242495478
3.000000000000 0.200000000000 0.004255169546
3.200000000000 0.200000000000 0.012727815256
3.400000000000 0.200000000000 0.033033650247
3.600000000000 0.200000000000 0.073814661934
3.800000000000 0.200000000000 0.140886002300
4.000000000000 0.200000000000 0.228507450723
4.200000000000 0.200000000000 0.314512018455
4.400000000000 0.200000000000 0.367830513441
4.600000000000 0.200000000000 0.366467869782
4.800000000000 0.200000000000 0.311834256634

0.000000000000 0.400000000000 0.120852480718
0.200000000000 0.400000000000 0.075431807185
0.400000000000 0.400000000000 0.040268058544
0.600000000000 0.400000000000 0.018324329894
0.800000000000 0.400000000000 0.007064751818
1.000000000000 0.400000000000 0.002284758522
1.200000000000 0.400000000000 0.000610386760
1.400000000000 0.400000000000 0.000131826551
1.600000000000 0.400000000000 0.000021910826
1.800000000000 0.400000000000 0.000002554720
2.000000000000 0.400000000000 0.000001235688
2.200000000000 0.400000000000 0.000007551318
2.400000000000 0.400000000000 0.000038761701
2.600000000000 0.400000000000 0.000169865552
2.800000000000 0.400000000000 0.000659919225
3.000000000000 0.400000000000 0.002258519141
3.200000000000 0.400000000000 0.006751830398
3.400000000000 0.400000000000 0.017516174783
3.600000000000 0.400000000000 0.039130238482
3.800000000000 0.400000000000 0.074682258146
4.000000000000 0.400000000000 0.121151853818
4.200000000000 0.400000000000 0.166818293246
4.400000000000 0.400000000000 0.195217852998
4.600000000000 0.400000000000 0.194650088146
4.800000000000 0.400000000000 0.165793369998

0.000000000000 0.600000000000 0.054809353598
0.200000000000 0.600000000000 0.034264182263
0.400000000000 0.600000000000 0.018324329894
0.600000000000 0.600000000000 0.008355799161
0.800000000000 0.600000000000 0.003229122334
1.000000000000 0.600000000000 0.001047195853
1.200000000000 0.600000000000 0.000280684870
1.400000000000 0.600000000000 0.000060860688
1.600000000000 0.600000000000 0.000010170562
1.800000000000 0.600000000000 0.000001196442
2.000000000000 0.600000000000 0.000000563869
2.200000000000 0.600000000000 0.000003416234
2.400000000000 0.600000000000 0.000017522316
2.600000000000 0.600000000000 0.000076745465
2.800000000000 0.600000000000 0.000297973058
3.000000000000 0.600000000000 0.001019259675
3.200000000000 0.600000000000 0.003045883270
3.400000000000 0.600000000000 0.007899910574
3.600000000000 0.600000000000 0.017646792058
3.800000000000 0.600000000000 0.033685256598
4.000000000000 0.600000000000 0.054667100949
4.200000000000 0.600000000000 0.075320282539
4.400000000000 0.600000000000 0.088216473069
4.600000000000 0.600000000000 0.088049903480
4.800000000000 0.600000000000 0.075086900626

0.000000000000 0.800000000000 0.021047676398
0.200000000000 0.800000000000 0.013182552086
0.400000000000 0.800000000000 0.007064751818
0.600000000000 0.800000000000 0.003229122334
0.800000000000 0.800000000000 0.001251276920
1.000000000000 0.800000000000 0.000407056314
1.200000000000 0.800000000000 0.000109508228
1.400000000000 0.800000000000 0.000023849677
1.600000000000 0.800000000000 0.000004009543
1.800000000000 0.800000000000 0.000000476172
2.000000000000 0.800000000000 0.000000217411
2.200000000000 0.800000000000 0.000001304677
2.400000000000 0.800000000000 0.000006688259
2.600000000000 0.800000000000 0.000029281478
2.800000000000 0.800000000000 0.000113635814
3.000000000000 0.800000000000 0.000388567038
3.200000000000 0.800000000000 0.001160915373
3.400000000000 0.800000000000 0.003010814102
3.600000000000 0.800000000000 0.006726515024
3.800000000000 0.800000000000 0.012844991417
4.000000000000 0.800000000000 0.020859312728
4.200000000000 0.800000000000 0.028765262004
4.400000000000 0.800000000000 0.033727213157
4.600000000000 0.800000000000 0.033706844009
4.800000000000 0.800000000000 0.028786739575

0.000000000000 1.000000000000 0.006775017392
0.200000000000 1.000000000000 0.004252757541
0.400000000000 1.000000000000 0.002284758522
0.600000000000 1.000000000000 0.001047195853
0.800000000000 1.000000000000 0.000407056314
1.000000000000 1.000000000000 0.000132897174
1.200000000000 1.000000000000 0.000035903341
1.400000000000 1.000000000000 0.000007858593
1.600000000000 1.000000000000 0.000001330111
1.800000000000 1.000000000000 0.000000159602
2.000000000000 1.000000000000 0.000000070107
2.200000000000 1.000000000000 0.000000416134
2.400000000000 1.000000000000 0.000002132678
2.600000000000 1.000000000000 0.000009334523
2.800000000000 1.000000000000 0.000036214210
3.000000000000 1.000000000000 0.000123808451
3.200000000000 1.000000000000 0.000369895023
3.400000000000 1.000000000000 0.000959475253
3.600000000000 1.000000000000 0.002144428882
3.800000000000 1.000000000000 0.004097748033
4.000000000000 1.000000000000 0.006660706377
4.200000000000 1.000000000000 0.009196143934
4.400000000000 1.000000000000 0.010797692420
4.600000000000 1.000000000000 0.010808589064
4.800000000000 1.000000000000 0.009247575847

0.000000000000 1.200000000000 0.001799788964
0.200000000000 1.200000000000 0.001132791406
0.400000000000 1.200000000000 0.000610386760
0.600000000000 1.200000000000 0.000280684870
0.800000000000 1.200000000000 0.000109508228
1.000000000000 1.200000000000 0.000035903341
1.200000000000 1.200000000000 0.000009747168
1.400000000000 1.200000000000 0.000002145859
1.600000000000 1.200000000000 0.000000366020
1.800000000000 1.200000000000 0.000000044426
2.000000000000 1.200000000000 0.000000018608
2.200000000000 1.200000000000 0.000000109026
2.400000000000 1.200000000000 0.000000558790
2.600000000000 1.200000000000 0.000002445625
2.800000000000 1.200000000000 0.000009486932
3.000000000000 1.200000000000 0.000032435168
3.200000000000 1.200000000000 0.000096928032
3.400000000000 1.200000000000 0.000251536650
3.600000000000 1.200000000000 0.000562588529
3.800000000000 1.200000000000 0.001076141369
4.000000000000 1.200000000000 0.001751539104
4.200000000000 1.200000000000 0.002422128240
4.400000000000 1.200000000000 0.002849152904
4.600000000000 1.200000000000 0.002857848915
4.800000000000 1.200000000000 0.002450600572

0.000000000000 1.400000000000 0.000386034895
0.200000000000 1.400000000000 0.000243773201
0.400000000000 1.400000000000 0.000131826551
0.600000000000 1.400000000000 0.000060860688
0.800000000000 1.400000000000 0.000023849677
1.000000000000 1.400000000000 0.000007858593
1.200000000000 1.400000000000 0.000002145859
1.400000000000 1.400000000000 0.000000475641
1.600000000000 1.400000000000 0.000000081866
1.800000000000 1.400000000000 0.000000010067
2.000000000000 1.400000000000 0.000000003977
2.200000000000 1.400000000000 0.000000022926
2.400000000000 1.400000000000 0.000000117560
2.600000000000 1.400000000000 0.000000514618
2.800000000000 1.400000000000 0.000001996529
3.000000000000 1.400000000000 0.000006828235
3.200000000000 1.400000000000 0.000020416747
3.400000000000 1.400000000000 0.000053026338
3.600000000000 1.400000000000 0.000118732398
3.800000000000 1.400000000000 0.000227451232
4.000000000000 1.400000000000 0.000370873381
4.200000000000 1.400000000000 0.000513945849
4.400000000000 1.400000000000 0.000605982513
4.600000000000 1.400000000000 0.000609405670
4.800000000000 1.400000000000 0.000524032786

0.000000000000 1.600000000000 0.000063554728
0.200000000000 1.600000000000 0.000040317288
0.400000000000 1.600000000000 0.000021910826
0.600000000000 1.600000000000 0.000010170562
0.800000000000 1.600000000000 0.000004009543
1.000000000000 1.600000000000 0.000001330111
1.200000000000 1.600000000000 0.000000366020
1.400000000000 1.600000000000 0.000000081866
1.600000000000 1.600000000000 0.000000014258
1.800000000000 1.600000000000 0.000000001783
2.000000000000 1.600000000000 0.000000000651
2.200000000000 1.600000000000 0.000000003665
2.400000000000 1.600000000000 0.000000018812
2.600000000000 1.600000000000 0.000000082383
2.800000000000 1.600000000000 0.000000319722
3.000000000000 1.600000000000 0.000001094137
3.200000000000 1.600000000000 0.000003274610
3.400000000000 1.600000000000 0.000008515788
3.600000000000 1.600000000000 0.000019100683
3.800000000000 1.600000000000 0.000036671032
4.000000000000 1.600000000000 0.000059953284
4.200000000000 1.600000000000 0.000083334791
4.400000000000 1.600000000000 0.000098590224
4.600000000000 1.600000000000 0.000099511231
4.800000000000 1.600000000000 0.000085908892

0.000000000000 1.800000000000 0.000007288095
0.200000000000 1.800000000000 0.000004661229
0.400000000000 1.800000000000 0.000002554720
0.600000000000 1.800000000000 0.000001196442
0.800000000000 1.800000000000 0.000000476172
1.000000000000 1.800000000000 0.000000159602
1.200000000000 1.800000000000 0.000000044426
1.400000000000 1.800000000000 0.000000010067
1.600000000000 1.800000000000 0.000000001783
1.800000000000 1.800000000000 0.000000000228
2.000000000000 1.800000000000 0.000000000071
2.200000000000 1.800000000000 0.000000000386
2.400000000000 1.800000000000 0.000000001994
2.600000000000 1.800000000000 0.000000008763
2.800000000000 1.800000000000 0.000000034117
3.000000000000 1.800000000000 0.000000117215
3.200000000000 1.800000000000 0.000000352422
3.400000000000 1.800000000000 0.000000921300
3.600000000000 1.800000000000 0.000002078816
3.800000000000 1.800000000000 0.000004017696
4.000000000000 1.800000000000 0.000006615565
4.200000000000 1.800000000000 0.000009264206
4.400000000000 1.800000000000 0.000011043697
4.600000000000 1.800000000000 0.000011233039
4.800000000000 1.800000000000 0.000009773563

0.000000000000 2.000000000000 0.000003659875
0.200000000000 2.000000000000 0.000002302448
0.400000000000 2.000000000000 0.000001235688
0.600000000000 2.000000000000 0.000000563869
0.800000000000 2.000000000000 0.000000217411
1.000000000000 2.000000000000 0.000000070107
1.200000000000 2.000000000000 0.000000018608
1.400000000000 2.000000000000 0.000000003977
1.600000000000 2.000000000000 0.000000000651
1.800000000000 2.000000000000 0.000000000071
2.000000000000 2.000000000000 0.000000000023
2.200000000000 2.000000000000 0.000000000152
2.400000000000 2.000000000000 0.000000000829
2.600000000000 2.000000000000 0.000000003756
2.800000000000 2.000000000000 0.000000015090
3.000000000000 2.000000000000 0.000000053489
3.200000000000 2.000000000000 0.000000165558
3.400000000000 2.000000000000 0.000000444461
3.600000000000 2.000000000000 0.000001026525
3.800000000000 2.000000000000 0.000002021095
4.000000000000 2.000000000000 0.000003371024
4.200000000000 2.000000000000 0.000004754142
4.400000000000 2.000000000000 0.000005676665
4.600000000000 2.000000000000 0.000005754997
4.800000000000 2.000000000000 0.000004968137

0.000000000000 2.200000000000 0.000022717325
0.200000000000 2.200000000000 0.000014183331
0.400000000000 2.200000000000 0.000007551318
0.600000000000 2.200000000000 0.000003416234
0.800000000000 2.200000000000 0.000001304677
1.000000000000 2.200000000000 0.000000416134
1.200000000000 2.200000000000 0.000000109026
1.400000000000 2.200000000000 0.000000022926
1.600000000000 2.200000000000 0.000000003665
1.800000000000 2.200000000000 0.000000000386
2.000000000000 2.200000000000 0.000000000152
2.200000000000 2.200000000000 0.000000001049
2.400000000000 2.200000000000 0.000000005645
2.600000000000 2.200000000000 0.000000025422
2.800000000000 2.200000000000 0.000000101533
3.000000000000 2.200000000000 0.000000357564
3.200000000000 2.200000000000 0.000001099175
3.400000000000 2.200000000000 0.000002929834
3.600000000000 2.200000000000 0.000006716084
3.800000000000 2.200000000000 0.000013121156
4.000000000000 2.200000000000 0.000021715968
4.200000000000 2.200000000000 0.000030393156
4.400000000000 2.200000000000 0.000036020819
4.600000000000 2.200000000000 0.000036250658
4.800000000000 2.200000000000 0.000031066429

0.000000000000 2.400000000000 0.000116869631
0.200000000000 2.400000000000 0.000072877179
0.400000000000 2.400000000000 0.000038761701
0.600000000000 2.400000000000 0.000017522316
0.800000000000 2.400000000000 0.000006688259
1.000000000000 2.400000000000 0.000002132678
1.200000000000 2.400000000000 0.000000558790
1.400000000000 2.400000000000 0.000000117560
1.600000000000 2.400000000000 0.000000018812
1.800000000000 2.400000000000 0.000000001994
2.000000000000 2.400000000000 0.000000000829
2.200000000000 2.400000000000 0.000000005645
2.400000000000 2.400000000000 0.000000030174
2.600000000000 2.400000000000 0.000000135393
2.800000000000 2.400000000000 0.000000538852
3.000000000000 2.400000000000 0.000001890656
3.200000000000 2.400000000000 0.000005790768
3.400000000000 2.400000000000 0.000015379567
3.600000000000 2.400000000000 0.000035130163
3.800000000000 2.400000000000 0.000068403951
4.000000000000 2.400000000000 0.000112866499
4.200000000000 2.400000000000 0.000157540628
4.400000000000 2.400000000000 0.000186275050
4.600000000000 2.400000000000 0.000187086600
4.800000000000 2.400000000000 0.000160055414

0.000000000000 2.600000000000 0.000512928167
0.200000000000 2.600000000000 0.000319589055
0.400000000000 2.600000000000 0.000169865552
0.600000000000 2.600000000000 0.000076745465
0.800000000000 2.600000000000 0.000029281478
1.000000000000 2.600000000000 0.000009334523
1.200000000000 2.600000000000 0.000002445625
1.400000000000 2.600000000000 0.000000514618
1.600000000000 2.600000000000 0.000000082383
1.800000000000 2.600000000000 0.000000008763
2.000000000000 2.600000000000 0.000000003756
2.200000000000 2.600000000000 0.000000025422
2.400000000000 2.600000000000 0.000000135393
2.600000000000 2.600000000000 0.000000606365
2.800000000000 2.600000000000 0.000002408701
3.000000000000 2.600000000000 0.000008434245
3.200000000000 2.600000000000 0.000025780132
3.400000000000 2.600000000000 0.000068329148
3.600000000000 2.600000000000 0.000155760486
3.800000000000 2.600000000000 0.000302695037
4.000000000000 2.600000000000 0.000498539157
4.200000000000 2.600000000000 0.000694730973
4.400000000000 2.600000000000 0.000820259492
4.600000000000 2.600000000000 0.000822791532
4.800000000000 2.600000000000 0.000703135716

0.000000000000 2.800000000000 0.001995876339
0.200000000000 2.800000000000 0.001242495478
0.400000000000 2.800000000000 0.000659919225
0.600000000000 2.800000000000 0.000297973058
0.800000000000 2.800000000000 0.000113635814
1.000000000000 2.800000000000 0.000036214210
1.200000000000 2.800000000000 0.000009486932
1.400000000000 2.800000000000 0.000001996529
1.600000000000 2.800000000000 0.000000319722
1.800000000000 2.800000000000 0.000000034117
2.000000000000 2.800000000000 0.000000015090
2.200000000000 2.800000000000 0.000000101533
2.400000000000 2.800000000000 0.000000538852
2.600000000000 2.800000000000 0.000002408701
2.800000000000 2.800000000000 0.000009550067
3.000000000000 2.800000000000 0.000033372211
3.200000000000 2.800000000000 0.000101795872
3.400000000000 2.800000000000 0.000269247007
3.600000000000 2.800000000000 0.000612492447
3.800000000000 2.800000000000 0.001187890395
4.000000000000 2.800000000000 0.001952808116
4.200000000000 2.800000000000 0.002716723308
4.400000000000 2.800000000000 0.003202810137
4.600000000000 2.800000000000 0.003208480638
4.800000000000 2.800000000000 0.002738735344

0.000000000000 3.000000000000 0.006840823314
0.200000000000 3.000000000000 0.004255169546
0.400000000000 3.000000000000 0.002258519141
0.600000000000 3.000000000000 0.001019259675
0.800000000000 3.000000000000 0.000388567038
1.000000000000 3.000000000000 0.000123808451
1.200000000000 3.000000000000 0.000032435168
1.400000000000 3.000000000000 0.000006828235
1.600000000000 3.000000000000 0.000001094137
1.800000000000 3.000000000000 0.000000117215
2.000000000000 3.000000000000 0.000000053489
2.200000000000 3.000000000000 0.000000357564
2.400000000000 3.000000000000 0.000001890656
2.600000000000 3.000000000000 0.000008434245
2.800000000000 3.000000000000 0.000033372211
3.000000000000 3.000000000000 0.000116364764
3.200000000000 3.000000000000 0.000354176562
3.400000000000 3.000000000000 0.000934741706
3.600000000000 3.000000000000 0.002121765892
3.800000000000 3.000000000000 0.004106451595
4.000000000000 3.000000000000 0.006737747635
4.200000000000 3.000000000000 0.009357374508
4.400000000000 3.000000000000 0.011015000205
4.600000000000 3.000000000000 0.011020051460
4.800000000000 3.000000000000 0.009396016665

0.000000000000 3.200000000000 0.020476382021
0.200000000000 3.200000000000 0.012727815256
0.400000000000 3.200000000000 0.006751830398
0.600000000000 3.200000000000 0.003045883270
0.800000000000 3.200000000000 0.001160915373
1.000000000000 3.200000000000 0.000369895023
1.200000000000 3.200000000000 0.000096928032
1.400000000000 3.200000000000 0.000020416747
1.600000000000 3.200000000000 0.000003274610
1.800000000000 3.200000000000 0.000000352422
2.000000000000 3.200000000000 0.000000165558
2.200000000000 3.200000000000 0.000001099175
2.400000000000 3.200000000000 0.000005790768
2.600000000000 3.200000000000 0.000025780132
2.800000000000 3.200000000000 0.000101795872
3.000000000000 3.200000000000 0.000354176562
3.200000000000 3.200000000000 0.001075648147
3.400000000000 3.200000000000 0.002832669153
3.600000000000 3.200000000000 0.006416020405
3.800000000000 3.200000000000 0.012392039854
4.000000000000 3.200000000000 0.020294374128
4.200000000000 3.200000000000 0.028138005894
4.400000000000 3.200000000000 0.033074836472
4.600000000000 3.200000000000 0.033049180301
4.800000000000 3.200000000000 0.028149264223

0.000000000000 3.400000000000 0.053175877004
0.200000000000 3.400000000000 0.033033650247
0.400000000000 3.400000000000 0.017516174783
0.600000000000 3.400000000000 0.007899910574
0.800000000000 3.400000000000 0.003010814102
1.000000000000 3.400000000000 0.000959475253
1.200000000000 3.400000000000 0.000251536650
1.400000000000 3.400000000000 0.000053026338
1.600000000000 3.400000000000 0.000008515788
1.800000000000 3.400000000000 0.000000921300
2.000000000000 3.400000000000 0.000000444461
2.200000000000 3.400000000000 0.000002929834
2.400000000000 3.400000000000 0.000015379567
2.600000000000 3.400000000000 0.000068329148
2.800000000000 3.400000000000 0.000269247007
3.000000000000 3.400000000000 0.000934741706
3.200000000000 3.400000000000 0.002832669153
3.400000000000 3.400000000000 0.007443563661
3.600000000000 3.400000000000 0.016823872032
3.800000000000 3.400000000000 0.032428610224
4.000000000000 3.400000000000 0.053011426288
4.200000000000 3.400000000000 0.073382768039
4.400000000000 3.400000000000 0.086140083996
4.600000000000 3.400000000000 0.085974370119
4.800000000000 3.400000000000 0.073158068468

0.000000000000 3.600000000000 0.118875713685
0.200000000000 3.600000000000 0.073814661934
0.400000000000 3.600000000000 0.039130238482
0.600000000000 3.600000000000 0.017646792058
0.800000000000 3.600000000000 0.006726515024
1.000000000000 3.600000000000 0.002144428882
1.200000000000 3.600000000000 0.000562588529
1.400000000000 3.600000000000 0.000118732398
1.600000000000 3.600000000000 0.000019100683
1.800000000000 3.600000000000 0.000002078816
2.000000000000 3.600000000000 0.000001026525
2.200000000000 3.600000000000 0.000006716084
2.400000000000 3.600000000000 0.000035130163
2.600000000000 3.600000000000 0.000155760486
2.800000000000 3.600000000000 0.000612492447
3.000000000000 3.600000000000 0.002121765892
3.200000000000 3.600000000000 0.006416020405
3.400000000000 3.600000000000 0.016823872032
3.600000000000 3.600000000000 0.037946284978
3.800000000000 3.600000000000 0.073000879135
4.000000000000 3.600000000000 0.119128538272
4.200000000000 3.600000000000 0.164661265445
4.400000000000 3.600000000000 0.193044891246
4.600000000000 3.600000000000 0.192475650963
4.800000000000 3.600000000000 0.163648872133

0.000000000000 3.800000000000 0.226946165848
0.200000000000 3.800000000000 0.140886002300
0.400000000000 3.800000000000 0.074682258146
0.600000000000 3.800000000000 0.033685256598
0.800000000000 3.800000000000 0.012844991417
1.000000000000 3.800000000000 0.004097748033
1.200000000000 3.800000000000 0.001076141369
1.400000000000 3.800000000000 0.000227451232
1.600000000000 3.800000000000 0.000036671032
1.800000000000 3.800000000000 0.000004017696
2.000000000000 3.800000000000 0.000002021095
2.200000000000 3.800000000000 0.000013121156
2.400000000000 3.800000000000 0.000068403951
2.600000000000 3.800000000000 0.000302695037
2.800000000000 3.800000000000 0.001187890395
3.000000000000 3.800000000000 0.004106451595
3.200000000000 3.800000000000 0.012392039854
3.400000000000 3.800000000000 0.032428610224
3.600000000000 3.800000000000 0.073000879135
3.800000000000 3.800000000000 0.140187476352
4.000000000000 3.800000000000 0.228409941407
4.200000000000 3.800000000000 0.315294802855
4.400000000000 3.800000000000 0.369246946820
4.600000000000 3.800000000000 0.367847444681
4.800000000000 3.800000000000 0.312558030140

0.000000000000 4.000000000000 0.368096789230
0.200000000000 4.000000000000 0.228507450723
0.400000000000 4.000000000000 0.121151853818
0.600000000000 4.000000000000 0.054667100949
0.800000000000 4.000000000000 0.020859312728
1.000000000000 4.000000000000 0.006660706377
1.200000000000 4.000000000000 0.001751539104
1.400000000000 4.000000000000 0.000370873381
1.600000000000 4.000000000000 0.000059953284
1.800000000000 4.000000000000 0.000006615565
2.000000000000 4.000000000000 0.000003371024
2.200000000000 4.000000000000 0.000021715968
2.400000000000 4.000000000000 0.000112866499
2.600000000000 4.000000000000 0.000498539157
2.800000000000 4.000000000000 0.001952808116
3.000000000000 4.000000000000 0.006737747635
3.200000000000 4.000000000000 0.020294374128
3.400000000000 4.000000000000 0.053011426288
3.600000000000 4.000000000000 0.119128538272
3.800000000000 4.000000000000 0.228409941407
4.000000000000 4.000000000000 0.371652682909
4.200000000000 4.000000000000 0.512464735165
4.400000000000 4.000000000000 0.599646377911
4.600000000000 4.000000000000 0.597002676891
4.800000000000 4.000000000000 0.507062174674

0.000000000000 4.200000000000 0.506535265973
0.200000000000 4.200000000000 0.314512018455
0.400000000000 4.200000000000 0.166818293246
0.600000000000 4.200000000000 0.075320282539
0.800000000000 4.200000000000 0.028765262004
1.000000000000 4.200000000000 0.009196143934
1.200000000000 4.200000000000 0.002422128240
1.400000000000 4.200000000000 0.000513945849
1.600000000000 4.200000000000 0.000083334791
1.800000000000 4.200000000000 0.000009264206
2.000000000000 4.200000000000 0.000004754142
2.200000000000 4.200000000000 0.000030393156
2.400000000000 4.200000000000 0.000157540628
2.600000000000 4.200000000000 0.000694730973
2.800000000000 4.200000000000 0.002716723308
3.000000000000 4.200000000000 0.009357374508
3.200000000000 4.200000000000 0.028138005894
3.400000000000 4.200000000000 0.073382768039
3.600000000000 4.200000000000 0.164661265445
3.800000000000 4.200000000000 0.315294802855
4.000000000000 4.200000000000 0.512464735165
4.200000000000 4.200000000000 0.706028031052
4.400000000000 4.200000000000 0.825634029628
4.600000000000 4.200000000000 0.821673226469
4.800000000000 4.200000000000 0.697756554414

0.000000000000 4.400000000000 0.592164213053
0.200000000000 4.400000000000 0.367830513441
0.400000000000 4.400000000000 0.195217852998
0.600000000000 4.400000000000 0.088216473069
0.800000000000 4.400000000000 0.033727213157
1.000000000000 4.400000000000 0.010797692420
1.200000000000 4.400000000000 0.002849152904
1.400000000000 4.400000000000 0.000605982513
1.600000000000 4.400000000000 0.000098590224
1.800000000000 4.400000000000 0.000011043697
2.000000000000 4.400000000000 0.000005676665
2.200000000000 4.400000000000 0.000036020819
2.400000000000 4.400000000000 0.000186275050
2.600000000000 4.400000000000 0.000820259492
2.800000000000 4.400000000000 0.003202810137
3.000000000000 4.400000000000 0.011015000205
3.200000000000 4.400000000000 0.033074836472
3.400000000000 4.400000000000 0.086140083996
3.600000000000 4.400000000000 0.193044891246
3.800000000000 4.400000000000 0.369246946820
4.000000000000 4.400000000000 0.599646377911
4.200000000000 4.400000000000 0.825634029628
4.400000000000 4.400000000000 0.965132402757
4.600000000000 4.400000000000 0.960338654305
4.800000000000 4.400000000000 0.815532697756

0.000000000000 4.600000000000 0.589617429270
0.200000000000 4.600000000000 0.366467869782
0.400000000000 4.600000000000 0.194650088146
0.600000000000 4.600000000000 0.088049903480
0.800000000000 4.600000000000 0.033706844009
1.000000000000 4.600000000000 0.010808589064
1.200000000000 4.600000000000 0.002857848915
1.400000000000 4.600000000000 0.000609405670
1.600000000000 4.600000000000 0.000099511231
1.800000000000 4.600000000000 0.000011233039
2.000000000000 4.600000000000 0.000005754997
2.200000000000 4.600000000000 0.000036250658
2.400000000000 4.600000000000 0.000187086600
2.600000000000 4.600000000000 0.000822791532
2.800000000000 4.600000000000 0.003208480638
3.000000000000 4.600000000000 0.011020051460
3.200000000000 4.600000000000 0.033049180301
3.400000000000 4.600000000000 0.085974370119
3.600000000000 4.600000000000 0.192475650963
3.800000000000 4.600000000000 0.367847444681
4.000000000000 4.600000000000 0.597002676891
4.200000000000 4.600000000000 0.821673226469
4.400000000000 4.600000000000 0.960338654305
4.600000000000 4.600000000000 0.955600815959
4.800000000000 4.600000000000 0.811691907045

0.000000000000 4.800000000000 0.501326243191
0.200000000000 4.800000000000 0.311834256634
0.400000000000 4.800000000000 0.165793369998
0.600000000000 4.800000000000 0.075086900626
0.800000000000 4.800000000000 0.028786739575
1.000000000000 4.800000000000 0.009247575847
1.200000000000 4.800000000000 0.002450600572
1.400000000000 4.800000000000 0.000524032786
1.600000000000 4.800000000000 0.000085908892
1.800000000000 4.800000000000 0.000009773563
2.000000000000 4.800000000000 0.000004968137
2.200000000000 4.800000000000 0.000031066429
2.400000000000 4.800000000000 0.000160055414
2.600000000000 4.800000000000 0.000703135716
2.800000000000 4.800000000000 0.002738735344
3.000000000000 4.800000000000 0.009396016665
3.200000000000 4.800000000000 0.028149264223
3.400000000000 4.800000000000 0.073158068468
3.600000000000 4.800000000000 0.163648872133
3.800000000000 4.800000000000 0.312558030140
4.000000000000 4.800000000000 0.507062174674
4.200000000000 4.800000000000 0.697756554414
4.400000000000 4.800000000000 0.815532697756
4.600000000000 4.800000000000 0.811691907045
4.800000000000 4.800000000000 0.689738151614

