# x y u
0.000000000000 0.000000000000 0.018901748392
0.200000000000 0.000000000000 0.007909703231
0.400000000000 0.000000000000 0.002798656311
0.600000000000 0.000000000000 0.000829559507
0.800000000000 0.000000000000 0.000203531952
1.000000000000 0.000000000000 0.000040538454
1.200000000000 0.000000000000 0.000006333906
1.400000000000 0.000000000000 0.000000726344
1.600000000000 0.000000000000 0.000001973428
1.800000000000 0.000000000000 0.000011110214
2.000000000000 0.000000000000 0.000053789225
2.200000000000 0.000000000000 0.000227002701
2.400000000000 0.000000000000 0.000840411953
2.600000000000 0.000000000000 0.002713814170
2.800000000000 0.000000000000 0.007594000134
3.000000000000 0.000000000000 0.018304119394
3.200000000000 0.000000000000 0.037767389451
3.400000000000 0.000000000000 0.066390273827
3.600000000000 0.000000000000 0.099197508597
3.800000000000 0.000000000000 0.125980512913
4.000000000000 0.000000000000 0.136192653538
4.200000000000 0.000000000000 0.125580244609
4.400000000000 0.000000000000 0.098941193566
4.600000000000 0.000000000000 0.066674080338
4.800000000000 0.000000000000 0.038421965753

0.000000000000 0.200000000000 0.007909703231
0.200000000000 0.200000000000 0.003315755914
0.400000000000 0.200000000000 0.001175551806
0.600000000000 0.200000000000 0.000349251443
0.800000000000 0.200000000000 0.000085915259
1.000000000000 0.200000000000 0.000017165042
1.200000000000 0.200000000000 0.000002692849
1.400000000000 0.200000000000 0.000000310941
1.600000000000 0.200000000000 0.000000821205
1.800000000000 0.200000000000 0.000004618304
2.000000000000 0.200000000000 0.000022348301
2.200000000000 0.200000000000 0.000094274461
2.400000000000 0.200000000000 0.000348889472
2.600000000000 0.200000000000 0.001126289648
2.800000000000 0.200000000000 0.003151116549
3.000000000000 0.200000000000 0.007594969183
3.200000000000 0.200000000000 0.015672863094
3.400000000000 0.200000000000 0.027559200645
3.600000000000 0.200000000000 0.041197329634
3.800000000000 0.200000000000 0.052353802127
4.000000000000 0.200000000000 0.056642235418
4.200000000000 0.200000000000 0.052277155257
4.400000000000 0.200000000000 0.041231881065
4.600000000000 0.200000000000 0.027819038367
4.800000000000 0.200000000000 0.016053237543

0.000000000000 0.400000000000 0.002798656311
0.200000000000 0.400000000000 0.001175551806
0.400000000000 0.400000000000 0.000417718218
0.600000000000 0.400000000000 0.000124422708
0.800000000000 0.400000000000 0.000030698002
1.000000000000 0.400000000000 0.000006154193
1.200000000000 0.400000000000 0.000000969795
1.400000000000 0.400000000000 0.000000112720
1.600000000000 0.400000000000 0.000000288089
1.800000000000 0.400000000000 0.000001618592
2.000000000000 0.400000000000 0.000007829657
2.200000000000 0.400000000000 0.000033018446
2.400000000000 0.400000000000 0.000122162167
2.600000000000 0.400000000000 0.000394305570
2.800000000000 0.400000000000 0.001103154136
3.000000000000 0.400000000000 0.002659205077
3.200000000000 0.400000000000 0.005489143795
3.400000000000 0.400000000000 0.009656824116
3.600000000000 0.400000000000 0.014445302507
3.800000000000 0.400000000000 0.018372494395
4.000000000000 0.400000000000 0.019897083702
4.200000000000 0.400000000000 0.018384579226
4.400000000000 0.400000000000 0.014518804814
4.600000000000 0.400000000000 0.009809839053
4.800000000000 0.400000000000 0.005669914747

0.000000000000 0.600000000000 0.000829559507
0.200000000000 0.600000000000 0.000349251443
0.400000000000 0.600000000000 0.000124422708
0.600000000000 0.600000000000 0.000037169280
0.800000000000 0.600000000000 0.000009200983
1.000000000000 0.600000000000 0.000001851662
1.200000000000 0.600000000000 0.000000293246
1.400000000000 0.600000000000 0.000000034301
1.600000000000 0.600000000000 0.000000084372
1.800000000000 0.600000000000 0.000000473626
2.000000000000 0.600000000000 0.000002290587
2.200000000000 0.600000000000 0.000009657904
2.400000000000 0.600000000000 0.000035728180
2.600000000000 0.600000000000 0.000115321390
2.800000000000 0.600000000000 0.000322684103
3.000000000000 0.600000000000 0.000778090090
3.200000000000 0.600000000000 0.001606950828
3.400000000000 0.600000000000 0.002829038662
3.600000000000 0.600000000000 0.004235652621
3.800000000000 0.600000000000 0.005392948595
4.000000000000 0.600000000000 0.005847646410
4.200000000000 0.600000000000 0.005410589744
4.400000000000 0.600000000000 0.004279438448
4.600000000000 0.600000000000 0.002896356959
4.800000000000 0.600000000000 0.001677170665

0.000000000000 0.800000000000 0.000203531952
0.200000000000 0.800000000000 0.000085915259
0.400000000000 0.800000000000 0.000030698002
0.600000000000 0.800000000000 0.000009200983
0.800000000000 0.800000000000 0.000002286178
1.000000000000 0.800000000000 0.000000462075
1.200000000000 0.800000000000 0.000000073586
1.400000000000 0.800000000000 0.000000008660
1.600000000000 0.800000000000 0.000000020369
1.800000000000 0.800000000000 0.000000114259
2.000000000000 0.800000000000 0.000000552567
2.200000000000 0.800000000000 0.000002329775
2.400000000000 0.800000000000 0.000008619164
2.600000000000 0.800000000000 0.000027825970
2.800000000000 0.800000000000 0.000077888493
3.000000000000 0.800000000000 0.000187914828
3.200000000000 0.800000000000 0.000388382815
3.400000000000 0.800000000000 0.000684408420
3.600000000000 0.800000000000 0.001025894575
3.800000000000 0.800000000000 0.001307955227
4.000000000000 0.800000000000 0.001420375518
4.200000000000 0.800000000000 0.001316406561
4.400000000000 0.800000000000 0.001043095255
4.600000000000 0.800000000000 0.000707381591
4.800000000000 0.800000000000 0.000410510477

0.000000000000 1.000000000000 0.000040538454
0.200000000000 1.000000000000 0.000017165042
0.400000000000 1.000000000000 0.000006154193
0.600000000000 1.000000000000 0.000001851662
0.800000000000 1.000000000000 0.000000462075
1.000000000000 1.000000000000 0.000000093857
1.200000000000 1.000000000000 0.000000015042
1.400000000000 1.000000000000 0.000000001782
1.600000000000 1.000000000000 0.000000003974
1.800000000000 1.000000000000 0.000000022276
2.000000000000 1.000000000000 0.000000107743
2.200000000000 1.000000000000 0.000000454338
2.400000000000 1.000000000000 0.000001681217
2.600000000000 1.000000000000 0.000005429698
2.800000000000 1.000000000000 0.000015207039
3.000000000000 1.000000000000 0.000036717197
3.200000000000 1.000000000000 0.000075963995
3.400000000000 1.000000000000 0.000134031108
3.600000000000 1.000000000000 0.000201201349
3.800000000000 1.000000000000 0.000256947272
4.000000000000 1.000000000000 0.000279546693
4.200000000000 1.000000000000 0.000259605963
4.400000000000 1.000000000000 0.000206156157
4.600000000000 1.000000000000 0.000140137159
4.800000000000 1.000000000000 0.000081534233

0.000000000000 1.200000000000 0.000006333906
0.200000000000 1.200000000000 0.000002692849
0.400000000000 1.200000000000 0.000000969795
0.600000000000 1.200000000000 0.000000293246
0.800000000000 1.200000000000 0.000000073586
1.000000000000 1.200000000000 0.000000015042
1.200000000000 1.200000000000 0.000000002430
1.400000000000 1.200000000000 0.000000000290
1.600000000000 1.200000000000 0.000000000603
1.800000000000 1.200000000000 0.000000003380
2.000000000000 1.200000000000 0.000000016350
2.200000000000 1.200000000000 0.000000068962
2.400000000000 1.200000000000 0.000000255274
2.600000000000 1.200000000000 0.000000824922
2.800000000000 1.200000000000 0.000002312301
3.000000000000 1.200000000000 0.000005589285
3.200000000000 1.200000000000 0.000011580291
3.400000000000 1.200000000000 0.000020468209
3.600000000000 1.200000000000 0.000030788821
3.800000000000 1.200000000000 0.000039409785
4.000000000000 1.200000000000 0.000042984342
4.200000000000 1.200000000000 0.000040027503
4.400000000000 1.200000000000 0.000031880148
4.600000000000 1.200000000000 0.000021739809
4.800000000000 1.200000000000 0.000012692009

0.000000000000 1.400000000000 0.000000726344
0.200000000000 1.400000000000 0.000000310941
0.400000000000 1.400000000000 0.000000112720
0.600000000000 1.400000000000 0.000000034301
0.800000000000 1.400000000000 0.000000008660
1.000000000000 1.400000000000 0.000000001782
1.200000000000 1.400000000000 0.000000000290
1.400000000000 1.400000000000 0.000000000033
1.600000000000 1.400000000000 0.000000000057
1.800000000000 1.400000000000 0.000000000325
2.000000000000 1.400000000000 0.000000001590
2.200000000000 1.400000000000 0.000000006779
2.400000000000 1.400000000000 0.000000025390
2.600000000000 1.400000000000 0.000000083078
2.800000000000 1.400000000000 0.000000235911
3.000000000000 1.400000000000 0.000000577896
3.200000000000 1.400000000000 0.000001213478
3.400000000000 1.400000000000 0.000002173037
3.600000000000 1.400000000000 0.000003309556
3.800000000000 1.400000000000 0.000004285549
4.000000000000 1.400000000000 0.000004724490
4.200000000000 1.400000000000 0.000004443015
4.400000000000 1.400000000000 0.000003570918
4.600000000000 1.400000000000 0.000002455619
4.800000000000 1.400000000000 0.000001444863

0.000000000000 1.600000000000 0.000001973428
0.200000000000 1.600000000000 0.000000821205
0.400000000000 1.600000000000 0.000000288089
0.600000000000 1.600000000000 0.000000084372
0.800000000000 1.600000000000 0.000000020369
1.000000000000 1.600000000000 0.000000003974
1.200000000000 1.600000000000 0.000000000603
1.400000000000 1.600000000000 0.000000000057
1.600000000000 1.600000000000 0.000000000156
1.800000000000 1.600000000000 0.000000000922
2.000000000000 1.600000000000 0.000000004588
2.200000000000 1.600000000000 0.000000019840
2.400000000000 1.600000000000 0.000000075267
2.600000000000 1.600000000000 0.000000248992
2.800000000000 1.600000000000 0.000000713189
3.000000000000 1.600000000000 0.000001757477
3.200000000000 1.600000000000 0.000003700533
3.400000000000 1.600000000000 0.000006621904
3.600000000000 1.600000000000 0.000010043397
3.800000000000 1.600000000000 0.000012910068
4.000000000000 1.600000000000 0.000014086989
4.200000000000 1.600000000000 0.000013076537
4.400000000000 1.600000000000 0.000010346353
4.600000000000 1.600000000000 0.000006985155
4.800000000000 1.600000000000 0.000004023285

0.000000000000 1.800000000000 0.000011110214
0.200000000000 1.800000000000 0.000004618304
0.400000000000 1.800000000000 0.000001618592
0.600000000000 1.800000000000 0.000000473626
0.800000000000 1.800000000000 0.000000114259
1.000000000000 1.800000000000 0.000000022276
1.200000000000 1.800000000000 0.000000003380
1.400000000000 1.800000000000 0.000000000325
1.600000000000 1.800000000000 0.000000000922
1.800000000000 1.800000000000 0.000000005407
2.000000000000 1.800000000000 0.000000026800
2.200000000000 1.800000000000 0.000000115515
2.400000000000 1.800000000000 0.000000436790
2.600000000000 1.800000000000 0.000001440162
2.800000000000 1.800000000000 0.000004111564
3.000000000000 1.800000000000 0.000010099552
3.200000000000 1.800000000000 0.000021200503
3.400000000000 1.800000000000 0.000037828977
3.600000000000 1.800000000000 0.000057225824
3.800000000000 1.800000000000 0.000073387848
4.000000000000 1.800000000000 0.000079910983
4.200000000000 1.800000000000 0.000074040861
4.400000000000 1.800000000000 0.000058484723
4.600000000000 1.800000000000 0.000039426007
4.800000000000 1.800000000000 0.000022678026

0.000000000000 2.000000000000 0.000053789225
0.200000000000 2.000000000000 0.000022348301
0.400000000000 2.000000000000 0.000007829657
0.600000000000 2.000000000000 0.000002290587
0.800000000000 2.000000000000 0.000000552567
1.000000000000 2.000000000000 0.000000107743
1.200000000000 2.000000000000 0.000000016350
1.400000000000 2.000000000000 0.000000001590
1.600000000000 2.000000000000 0.000000004588
1.800000000000 2.000000000000 0.000000026800
2.000000000000 2.000000000000 0.000000132560
2.200000000000 2.000000000000 0.000000570299
2.400000000000 2.000000000000 0.000002152376
2.600000000000 2.000000000000 0.000007083110
2.800000000000 2.000000000000 0.000020183209
3.000000000000 2.000000000000 0.000049484152
3.200000000000 2.000000000000 0.000103685742
3.400000000000 2.000000000000 0.000184695145
3.600000000000 2.000000000000 0.000278961898
3.800000000000 2.000000000000 0.000357246901
4.000000000000 2.000000000000 0.000388517494
4.200000000000 2.000000000000 0.000359583073
4.400000000000 2.000000000000 0.000283760953
4.600000000000 2.000000000000 0.000191130360
4.800000000000 2.000000000000 0.000109860122

0.000000000000 2.200000000000 0.000227002701
0.200000000000 2.200000000000 0.000094274461
0.400000000000 2.200000000000 0.000033018446
0.600000000000 2.200000000000 0.000009657904
0.800000000000 2.200000000000 0.000002329775
1.000000000000 2.200000000000 0.000000454338
1.200000000000 2.200000000000 0.000000068962
1.400000000000 2.200000000000 0.000000006779
1.600000000000 2.200000000000 0.000000019840
1.800000000000 2.200000000000 0.000000115515
2.000000000000 2.200000000000 0.000000570299
2.200000000000 2.200000000000 0.000002449488
2.400000000000 2.200000000000 0.000009229114
2.600000000000 2.200000000000 0.000030319330
2.800000000000 2.200000000000 0.000086246389
3.000000000000 2.200000000000 0.000211095949
3.200000000000 2.200000000000 0.000441590719
3.400000000000 2.200000000000 0.000785392981
3.600000000000 2.200000000000 0.001184579596
3.800000000000 2.200000000000 0.001515089203
4.000000000000 2.200000000000 0.001645858265
4.200000000000 2.200000000000 0.001521777585
4.400000000000 2.200000000000 0.001199853408
4.600000000000 2.200000000000 0.000807566887
4.800000000000 2.200000000000 0.000463883843

0.000000000000 2.400000000000 0.000840411953
0.200000000000 2.400000000000 0.000348889472
0.400000000000 2.400000000000 0.000122162167
0.600000000000 2.400000000000 0.000035728180
0.800000000000 2.400000000000 0.000008619164
1.000000000000 2.400000000000 0.000001681217
1.200000000000 2.400000000000 0.000000255274
1.400000000000 2.400000000000 0.000000025390
1.600000000000 2.400000000000 0.000000075267
1.800000000000 2.400000000000 0.000000436790
2.000000000000 2.400000000000 0.000002152376
2.200000000000 2.400000000000 0.000009229114
2.400000000000 2.400000000000 0.000034713786
2.600000000000 2.400000000000 0.000113842495
2.800000000000 2.400000000000 0.000323274214
3.000000000000 2.400000000000 0.000789887176
3.200000000000 2.400000000000 0.001649629862
3.400000000000 2.400000000000 0.002929416698
3.600000000000 2.400000000000 0.004412104777
3.800000000000 2.400000000000 0.005636017201
4.000000000000 2.400000000000 0.006115658231
4.200000000000 2.400000000000 0.005649094617
4.400000000000 2.400000000000 0.004450291555
4.600000000000 2.400000000000 0.002993113964
4.800000000000 2.400000000000 0.001718255961

0.000000000000 2.600000000000 0.002713814170
0.200000000000 2.600000000000 0.001126289648
0.400000000000 2.600000000000 0.000394305570
0.600000000000 2.600000000000 0.000115321390
0.800000000000 2.600000000000 0.000027825970
1.000000000000 2.600000000000 0.000005429698
1.200000000000 2.600000000000 0.000000824922
1.400000000000 2.600000000000 0.000000083078
1.600000000000 2.600000000000 0.000000248992
1.800000000000 2.600000000000 0.000001440162
2.000000000000 2.600000000000 0.000007083110
2.200000000000 2.600000000000 0.000030319330
2.400000000000 2.600000000000 0.000113842495
2.600000000000 2.600000000000 0.000372681823
2.800000000000 2.600000000000 0.001056432951
3.000000000000 2.600000000000 0.002576834755
3.200000000000 2.600000000000 0.005372663736
3.400000000000 2.600000000000 0.009526139822
3.600000000000 2.600000000000 0.014327775005
3.800000000000 2.600000000000 0.018279810439
4.000000000000 2.600000000000 0.019814219955
4.200000000000 2.600000000000 0.018285667818
4.400000000000 2.600000000000 0.014393880183
4.600000000000 2.600000000000 0.009674434892
4.800000000000 2.600000000000 0.005550810977

0.000000000000 2.800000000000 0.007594000134
0.200000000000 2.800000000000 0.003151116549
0.400000000000 2.800000000000 0.001103154136
0.600000000000 2.800000000000 0.000322684103
0.800000000000 2.800000000000 0.000077888493
1.000000000000 2.800000000000 0.000015207039
1.200000000000 2.800000000000 0.000002312301
1.400000000000 2.800000000000 0.000000235911
1.600000000000 2.800000000000 0.000000713189
1.800000000000 2.800000000000 0.000004111564
2.000000000000 2.800000000000 0.000020183209
2.200000000000 2.800000000000 0.000086246389
2.400000000000 2.800000000000 0.000323274214
2.600000000000 2.800000000000 0.001056432951
2.800000000000 2.800000000000 0.002989451808
3.000000000000 2.800000000000 0.007279463450
3.200000000000 2.800000000000 0.015153076273
3.400000000000 2.800000000000 0.026827578523
3.600000000000 2.800000000000 0.040296254395
3.800000000000 2.800000000000 0.051351291028
4.000000000000 2.800000000000 0.055605925120
4.200000000000 2.800000000000 0.051272644235
4.400000000000 2.800000000000 0.040331599074
4.600000000000 2.800000000000 0.027092194190
4.800000000000 2.800000000000 0.015537550464

0.000000000000 3.000000000000 0.018304119394
0.200000000000 3.000000000000 0.007594969183
0.400000000000 3.000000000000 0.002659205077
0.600000000000 3.000000000000 0.000778090090
0.800000000000 3.000000000000 0.000187914828
1.000000000000 3.000000000000 0.000036717197
1.200000000000 3.000000000000 0.000005589285
1.400000000000 3.000000000000 0.000000577896
1.600000000000 3.000000000000 0.000001757477
1.800000000000 3.000000000000 0.000010099552
2.000000000000 3.000000000000 0.000049484152
2.200000000000 3.000000000000 0.000211095949
2.400000000000 3.000000000000 0.000789887176
2.600000000000 3.000000000000 0.002576834755
2.800000000000 3.000000000000 0.007279463450
3.000000000000 3.000000000000 0.017696687275
3.200000000000 3.000000000000 0.036780532768
3.400000000000 3.000000000000 0.065025335498
3.600000000000 3.000000000000 0.097548674249
3.800000000000 3.000000000000 0.124176367873
4.000000000000 3.000000000000 0.134342305747
4.200000000000 3.000000000000 0.123779986115
4.400000000000 3.000000000000 0.097307779944
4.600000000000 3.000000000000 0.065334849047
4.800000000000 3.000000000000 0.037457747819

0.000000000000 3.200000000000 0.037767389451
0.200000000000 3.200000000000 0.015672863094
0.400000000000 3.200000000000 0.005489143795
0.600000000000 3.200000000000 0.001606950828
0.800000000000 3.200000000000 0.000388382815
1.000000000000 3.200000000000 0.000075963995
1.200000000000 3.200000000000 0.000011580291
1.400000000000 3.200000000000 0.000001213478
1.600000000000 3.200000000000 0.000003700533
1.800000000000 3.200000000000 0.000021200503
2.000000000000 3.200000000000 0.000103685742
2.200000000000 3.200000000000 0.000441590719
2.400000000000 3.200000000000 0.001649629862
2.600000000000 3.200000000000 0.005372663736
2.800000000000 3.200000000000 0.015153076273
3.000000000000 3.200000000000 0.036780532768
3.200000000000 3.200000000000 0.076333133919
3.400000000000 3.200000000000 0.134775172069
3.600000000000 3.200000000000 0.201955352196
3.800000000000 3.200000000000 0.256836667670
4.000000000000 3.200000000000 0.277644985171
4.200000000000 3.200000000000 0.255656506368
4.400000000000 3.200000000000 0.200885952892
4.600000000000 3.200000000000 0.134835993952
4.800000000000 3.200000000000 0.077290142077

0.000000000000 3.400000000000 0.066390273827
0.200000000000 3.400000000000 0.027559200645
0.400000000000 3.400000000000 0.009656824116
0.600000000000 3.400000000000 0.002829038662
0.800000000000 3.400000000000 0.000684408420
1.000000000000 3.400000000000 0.000134031108
1.200000000000 3.400000000000 0.000020468209
1.400000000000 3.400000000000 0.000002173037
1.600000000000 3.400000000000 0.000006621904
1.800000000000 3.400000000000 0.000037828977
2.000000000000 3.400000000000 0.000184695145
2.200000000000 3.400000000000 0.000785392981
2.400000000000 3.400000000000 0.002929416698
2.600000000000 3.400000000000 0.009526139822
2.800000000000 3.400000000000 0.026827578523
3.000000000000 3.400000000000 0.065025335498
3.200000000000 3.400000000000 0.134775172069
3.400000000000 3.400000000000 0.237686610113
3.600000000000 3.400000000000 0.355814806145
3.800000000000 3.400000000000 0.452144565774
4.000000000000 3.400000000000 0.488468688686
4.200000000000 3.400000000000 0.449573723526
4.400000000000 3.400000000000 0.353148599958
4.600000000000 3.400000000000 0.236996515282
4.800000000000 3.400000000000 0.135847802758

0.000000000000 3.600000000000 0.099197508597
0.200000000000 3.600000000000 0.041197329634
0.400000000000 3.600000000000 0.014445302507
0.600000000000 3.600000000000 0.004235652621
0.800000000000 3.600000000000 0.001025894575
1.000000000000 3.600000000000 0.000201201349
1.200000000000 3.600000000000 0.000030788821
1.400000000000 3.600000000000 0.000003309556
1.600000000000 3.600000000000 0.000010043397
1.800000000000 3.600000000000 0.000057225824
2.000000000000 3.600000000000 0.000278961898
2.200000000000 3.600000000000 0.001184579596
2.400000000000 3.600000000000 0.004412104777
2.600000000000 3.600000000000 0.014327775005
2.800000000000 3.600000000000 0.040296254395
3.000000000000 3.600000000000 0.097548674249
3.200000000000 3.600000000000 0.201955352196
3.400000000000 3.600000000000 0.355814806145
3.600000000000 3.600000000000 0.532222003655
3.800000000000 3.600000000000 0.675884434410
4.000000000000 3.600000000000 0.729847066387
4.200000000000 3.600000000000 0.671530139469
4.400000000000 3.600000000000 0.527421107684
4.600000000000 3.600000000000 0.353949765894
4.800000000000 3.600000000000 0.202916178270

0.000000000000 3.800000000000 0.125980512913
0.200000000000 3.800000000000 0.052353802127
0.400000000000 3.800000000000 0.018372494395
0.600000000000 3.800000000000 0.005392948595
0.800000000000 3.800000000000 0.001307955227
1.000000000000 3.800000000000 0.000256947272
1.200000000000 3.800000000000 0.000039409785
1.400000000000 3.800000000000 0.000004285549
1.600000000000 3.800000000000 0.000012910068
1.800000000000 3.800000000000 0.000073387848
2.000000000000 3.800000000000 0.000357246901
2.200000000000 3.800000000000 0.001515089203
2.400000000000 3.800000000000 0.005636017201
2.600000000000 3.800000000000 0.018279810439
2.800000000000 3.800000000000 0.051351291028
3.000000000000 3.800000000000 0.124176367873
3.200000000000 3.800000000000 0.256836667670
3.400000000000 3.800000000000 0.452144565774
3.600000000000 3.800000000000 0.675884434410
3.800000000000 3.800000000000 0.857932973284
4.000000000000 3.800000000000 0.926159358274
4.200000000000 3.800000000000 0.852039854506
4.400000000000 3.800000000000 0.669201704786
4.600000000000 3.800000000000 0.449168920675
4.800000000000 3.800000000000 0.257583378836

0.000000000000 4.000000000000 0.136192653538
0.200000000000 4.000000000000 0.056642235418
0.400000000000 4.000000000000 0.019897083702
0.600000000000 4.000000000000 0.005847646410
0.800000000000 4.000000000000 0.001420375518
1.000000000000 4.000000000000 0.000279546693
1.200000000000 4.000000000000 0.000042984342
1.400000000000 4.000000000000 0.000004724490
1.600000000000 4.000000000000 0.000014086989
1.800000000000 4.000000000000 0.000079910983
2.000000000000 4.000000000000 0.000388517494
2.200000000000 4.000000000000 0.001645858265
2.400000000000 4.000000000000 0.006115658231
2.600000000000 4.000000000000 0.019814219955
2.800000000000 4.000000000000 0.055605925120
3.000000000000 4.000000000000 0.134342305747
3.200000000000 4.000000000000 0.277644985171
3.400000000000 4.000000000000 0.488468688686
3.600000000000 4.000000000000 0.729847066387
3.800000000000 4.000000000000 0.926159358274
4.000000000000 4.000000000000 0.999678689297
4.200000000000 4.000000000000 0.919692358405
4.400000000000 4.000000000000 0.722454771620
4.600000000000 4.000000000000 0.485061319569
4.800000000000 4.000000000000 0.278292951358

0.000000000000 4.200000000000 0.125580244609
0.200000000000 4.200000000000 0.052277155257
0.400000000000 4.200000000000 0.018384579226
0.600000000000 4.200000000000 0.005410589744
0.800000000000 4.200000000000 0.001316406561
1.000000000000 4.200000000000 0.000259605963
1.200000000000 4.200000000000 0.000040027503
1.400000000000 4.200000000000 0.000004443015
1.600000000000 4.200000000000 0.000013076537
1.800000000000 4.200000000000 0.000074040861
2.000000000000 4.200000000000 0.000359583073
2.200000000000 4.200000000000 0.001521777585
2.400000000000 4.200000000000 0.005649094617
2.600000000000 4.200000000000 0.018285667818
2.800000000000 4.200000000000 0.051272644235
3.000000000000 4.200000000000 0.123779986115
3.200000000000 4.200000000000 0.255656506368
3.400000000000 4.200000000000 0.449573723526
3.600000000000 4.200000000000 0.671530139469
3.800000000000 4.200000000000 0.852039854506
4.000000000000 4.200000000000 0.919692358405
4.200000000000 4.200000000000 0.846245662984
4.400000000000 4.200000000000 0.664963573867
4.600000000000 4.200000000000 0.446661573361
4.800000000000 4.200000000000 0.256414537966

0.000000000000 4.400000000000 0.098941193566
0.200000000000 4.400000000000 0.041231881065
0.400000000000 4.400000000000 0.014518804814
0.600000000000 4.400000000000 0.004279438448
0.800000000000 4.400000000000 0.001043095255
1.000000000000 4.400000000000 0.000206156157
1.200000000000 4.400000000000 0.000031880148
1.400000000000 4.400000000000 0.000003570918
1.600000000000 4.400000000000 0.000010346353
1.800000000000 4.400000000000 0.000058484723
2.000000000000 4.400000000000 0.000283760953
2.200000000000 4.400000000000 0.001199853408
2.400000000000 4.400000000000 0.004450291555
2.600000000000 4.400000000000 0.014393880183
2.800000000000 4.400000000000 0.040331599074
3.000000000000 4.400000000000 0.097307779944
3.200000000000 4.400000000000 0.200885952892
3.400000000000 4.400000000000 0.353148599958
3.600000000000 4.400000000000 0.527421107684
3.800000000000 4.400000000000 0.669201704786
4.000000000000 4.400000000000 0.722454771620
4.200000000000 4.400000000000 0.664963573867
4.400000000000 4.400000000000 0.522748849015
4.600000000000 4.400000000000 0.351340729789
4.800000000000 4.400000000000 0.201841703329

0.000000000000 4.600000000000 0.066674080338
0.200000000000 4.600000000000 0.027819038367
0.400000000000 4.600000000000 0.009809839053
0.600000000000 4.600000000000 0.002896356959
0.800000000000 4.600000000000 0.000707381591
1.000000000000 4.600000000000 0.000140137159
1.200000000000 4.600000000000 0.000021739809
1.400000000000 4.600000000000 0.000002455619
1.600000000000 4.600000000000 0.000006985155
1.800000000000 4.600000000000 0.000039426007
2.000000000000 4.600000000000 0.000191130360
2.200000000000 4.600000000000 0.000807566887
2.400000000000 4.600000000000 0.002993113964
2.600000000000 4.600000000000 0.009674434892
2.800000000000 4.600000000000 0.027092194190
3.000000000000 4.600000000000 0.065334849047
3.200000000000 4.600000000000 0.134835993952
3.400000000000 4.600000000000 0.236996515282
3.600000000000 4.600000000000 0.353949765894
3.800000000000 4.600000000000 0.449168920675
4.000000000000 4.600000000000 0.485061319569
4.200000000000 4.600000000000 0.446661573361
4.400000000000 4.600000000000 0.351340729789
4.600000000000 4.600000000000 0.236308476233
4.800000000000 4.600000000000 0.135875499633

0.000000000000 4.800000000000 0.038421965753
0.200000000000 4.800000000000 0.016053237543
0.400000000000 4.800000000000 0.005669914747
0.600000000000 4.800000000000 0.001677170665
0.800000000000 4.800000000000 0.000410510477
1.000000000000 4.800000000000 0.000081534233
1.200000000000 4.800000000000 0.000012692009
1.400000000000 4.800000000000 0.000001444863
1.600000000000 4.800000000000 0.000004023285
1.800000000000 4.800000000000 0.000022678026
2.000000000000 4.800000000000 0.000109860122
2.200000000000 4.800000000000 0.000463883843
2.400000000000 4.800000000000 0.001718255961
2.600000000000 4.800000000000 0.005550810977
2.800000000000 4.800000000000 0.015537550464
3.000000000000 4.800000000000 0.037457747819
3.200000000000 4.800000000000 0.077290142077
3.400000000000 4.800000000000 0.135847802758
3.600000000000 4.800000000000 0.202916178270
3.800000000000 4.800000000000 0.257583378836
4.000000000000 4.800000000000 0.278292951358
4.200000000000 4.800000000000 0.256414537966
4.400000000000 4.800000000000 0.201841703329
4.600000000000 4.800000000000 0.135875499633
4.800000000000 4.800000000000 0.078207332145

