# x y u
0.000000000000 0.000000000000 0.053132184022
0.200000000000 0.000000000000 0.053278142759
0.400000000000 0.000000000000 0.053706853539
0.600000000000 0.000000000000 0.054391394563
0.800000000000 0.000000000000 0.055288775382
1.000000000000 0.000000000000 0.056342632751
1.200000000000 0.000000000000 0.057486766581
1.400000000000 0.000000000000 0.058649295166
1.600000000000 0.000000000000 0.059757169689
1.800000000000 0.000000000000 0.060740764859
2.000000000000 0.000000000000 0.061538257054
2.200000000000 0.000000000000 0.062099514051
2.400000000000 0.000000000000 0.062389250675
2.600000000000 0.000000000000 0.062389250675
2.800000000000 0.000000000000 0.062099514051
3.000000000000 0.000000000000 0.061538257054
3.200000000000 0.000000000000 0.060740764859
3.400000000000 0.000000000000 0.059757169689
3.600000000000 0.000000000000 0.058649295166
3.800000000000 0.000000000000 0.057486766581
4.000000000000 0.000000000000 0.056342632751
4.200000000000 0.000000000000 0.055288775382
4.400000000000 0.000000000000 0.054391394563
4.600000000000 0.000000000000 0.053706853539
4.800000000000 0.000000000000 0.053278142759

0.000000000000 0.200000000000 0.053278142759
0.200000000000 0.200000000000 0.053424502449
0.400000000000 0.200000000000 0.053854390914
0.600000000000 0.200000000000 0.054540812399
0.800000000000 0.200000000000 0.055440658356
1.000000000000 0.200000000000 0.056497410712
1.200000000000 0.200000000000 0.057644687521
1.400000000000 0.200000000000 0.058810409616
1.600000000000 0.200000000000 0.059921327512
1.800000000000 0.200000000000 0.060907624655
2.000000000000 0.200000000000 0.061707307591
2.200000000000 0.200000000000 0.062270106382
2.400000000000 0.200000000000 0.062560638923
2.600000000000 0.200000000000 0.062560638923
2.800000000000 0.200000000000 0.062270106382
3.000000000000 0.200000000000 0.061707307591
3.200000000000 0.200000000000 0.060907624655
3.400000000000 0.200000000000 0.059921327512
3.600000000000 0.200000000000 0.058810409616
3.800000000000 0.200000000000 0.057644687521
4.000000000000 0.200000000000 0.056497410712
4.200000000000 0.200000000000 0.055440658356
4.400000000000 0.200000000000 0.054540812399
4.600000000000 0.200000000000 0.053854390914
4.800000000000 0.200000000000 0.053424502449

0.000000000000 0.400000000000 0.053706853539
0.200000000000 0.400000000000 0.053854390914
0.400000000000 0.400000000000 0.054287738481
0.600000000000 0.400000000000 0.054979683263
0.800000000000 0.400000000000 0.055886769840
1.000000000000 0.400000000000 0.056952025364
1.200000000000 0.400000000000 0.058108533747
1.400000000000 0.400000000000 0.059283635837
1.600000000000 0.400000000000 0.060403492745
1.800000000000 0.400000000000 0.061397726138
2.000000000000 0.400000000000 0.062203843730
2.200000000000 0.400000000000 0.062771171088
2.400000000000 0.400000000000 0.063064041402
2.600000000000 0.400000000000 0.063064041402
2.800000000000 0.400000000000 0.062771171088
3.000000000000 0.400000000000 0.062203843730
3.200000000000 0.400000000000 0.061397726138
3.400000000000 0.400000000000 0.060403492745
3.600000000000 0.400000000000 0.059283635837
3.800000000000 0.400000000000 0.058108533747
4.000000000000 0.400000000000 0.056952025364
4.200000000000 0.400000000000 0.055886769840
4.400000000000 0.400000000000 0.054979683263
4.600000000000 0.400000000000 0.054287738481
4.800000000000 0.400000000000 0.053854390914

0.000000000000 0.600000000000 0.054391394563
0.200000000000 0.600000000000 0.054540812399
0.400000000000 0.600000000000 0.054979683263
0.600000000000 0.600000000000 0.055680447333
0.800000000000 0.600000000000 0.056599095321
1.000000000000 0.600000000000 0.057677928221
1.200000000000 0.600000000000 0.058849177058
1.400000000000 0.600000000000 0.060039256589
1.600000000000 0.600000000000 0.061173386804
1.800000000000 0.600000000000 0.062180292349
2.000000000000 0.600000000000 0.062996684436
2.200000000000 0.600000000000 0.063571242750
2.400000000000 0.600000000000 0.063867845887
2.600000000000 0.600000000000 0.063867845887
2.800000000000 0.600000000000 0.063571242750
3.000000000000 0.600000000000 0.062996684436
3.200000000000 0.600000000000 0.062180292349
3.400000000000 0.600000000000 0.061173386804
3.600000000000 0.600000000000 0.060039256589
3.800000000000 0.600000000000 0.058849177058
4.000000000000 0.600000000000 0.057677928221
4.200000000000 0.600000000000 0.056599095321
4.400000000000 0.600000000000 0.055680447333
4.600000000000 0.600000000000 0.054979683263
4.800000000000 0.600000000000 0.054540812399

0.000000000000 0.800000000000 0.055288775382
0.200000000000 0.800000000000 0.055440658356
0.400000000000 0.800000000000 0.055886769840
0.600000000000 0.800000000000 0.056599095321
0.800000000000 0.800000000000 0.057532899430
1.000000000000 0.800000000000 0.058629531230
1.200000000000 0.800000000000 0.059820103672
1.400000000000 0.800000000000 0.061029817483
1.600000000000 0.800000000000 0.062182658908
1.800000000000 0.800000000000 0.063206176674
2.000000000000 0.800000000000 0.064036037835
2.200000000000 0.800000000000 0.064620075380
2.400000000000 0.800000000000 0.064921571961
2.600000000000 0.800000000000 0.064921571961
2.800000000000 0.800000000000 0.064620075380
3.000000000000 0.800000000000 0.064036037835
3.200000000000 0.800000000000 0.063206176674
3.400000000000 0.800000000000 0.062182658908
3.600000000000 0.800000000000 0.061029817483
3.800000000000 0.800000000000 0.059820103672
4.000000000000 0.800000000000 0.058629531230
4.200000000000 0.800000000000 0.057532899430
4.400000000000 0.800000000000 0.056599095321
4.600000000000 0.800000000000 0.055886769840
4.800000000000 0.800000000000 0.055440658356

0.000000000000 1.000000000000 0.056342632751
0.200000000000 1.000000000000 0.056497410712
0.400000000000 1.000000000000 0.056952025364
0.600000000000 1.000000000000 0.057677928221
0.800000000000 1.000000000000 0.058629531230
1.000000000000 1.000000000000 0.059747065529
1.200000000000 1.000000000000 0.060960331038
1.400000000000 1.000000000000 0.062193102762
1.600000000000 1.000000000000 0.063367918077
1.800000000000 1.000000000000 0.064410944742
2.000000000000 1.000000000000 0.065256623583
2.200000000000 1.000000000000 0.065851793254
2.400000000000 1.000000000000 0.066159036552
2.600000000000 1.000000000000 0.066159036552
2.800000000000 1.000000000000 0.065851793254
3.000000000000 1.000000000000 0.065256623583
3.200000000000 1.000000000000 0.064410944742
3.400000000000 1.000000000000 0.063367918077
3.600000000000 1.000000000000 0.062193102762
3.800000000000 1.000000000000 0.060960331038
4.000000000000 1.000000000000 0.059747065529
4.200000000000 1.000000000000 0.058629531230
4.400000000000 1.000000000000 0.057677928221
4.600000000000 1.000000000000 0.056952025364
4.800000000000 1.000000000000 0.056497410712

0.000000000000 1.200000000000 0.057486766581
0.200000000000 1.200000000000 0.057644687521
0.400000000000 1.200000000000 0.058108533747
0.600000000000 1.200000000000 0.058849177058
0.800000000000 1.200000000000 0.059820103672
1.000000000000 1.200000000000 0.060960331038
1.200000000000 1.200000000000 0.062198233568
1.400000000000 1.200000000000 0.063456038412
1.600000000000 1.200000000000 0.064654709963
1.800000000000 1.200000000000 0.065718916715
2.000000000000 1.200000000000 0.066581768225
2.200000000000 1.200000000000 0.067189023632
2.400000000000 1.200000000000 0.067502505926
2.600000000000 1.200000000000 0.067502505926
2.800000000000 1.200000000000 0.067189023632
3.000000000000 1.200000000000 0.066581768225
3.200000000000 1.200000000000 0.065718916715
3.400000000000 1.200000000000 0.064654709963
3.600000000000 1.200000000000 0.063456038412
3.800000000000 1.200000000000 0.062198233568
4.000000000000 1.200000000000 0.060960331038
4.200000000000 1.200000000000 0.059820103672
4.400000000000 1.200000000000 0.058849177058
4.600000000000 1.200000000000 0.058108533747
4.800000000000 1.200000000000 0.057644687521

0.000000000000 1.400000000000 0.058649295166
0.200000000000 1.400000000000 0.058810409616
0.400000000000 1.400000000000 0.059283635837
0.600000000000 1.400000000000 0.060039256589
0.800000000000 1.400000000000 0.061029817483
1.000000000000 1.400000000000 0.062193102762
1.200000000000 1.400000000000 0.063456038412
1.400000000000 1.400000000000 0.064739278847
1.600000000000 1.400000000000 0.065962190181
1.800000000000 1.400000000000 0.067047917541
2.000000000000 1.400000000000 0.067928217812
2.200000000000 1.400000000000 0.068547753263
2.400000000000 1.400000000000 0.068867574861
2.600000000000 1.400000000000 0.068867574861
2.800000000000 1.400000000000 0.068547753263
3.000000000000 1.400000000000 0.067928217812
3.200000000000 1.400000000000 0.067047917541
3.400000000000 1.400000000000 0.065962190181
3.600000000000 1.400000000000 0.064739278847
3.800000000000 1.400000000000 0.063456038412
4.000000000000 1.400000000000 0.062193102762
4.200000000000 1.400000000000 0.061029817483
4.400000000000 1.400000000000 0.060039256589
4.600000000000 1.400000000000 0.059283635837
4.800000000000 1.400000000000 0.058810409616

0.000000000000 1.600000000000 0.059757169689
0.200000000000 1.600000000000 0.059921327512
0.400000000000 1.600000000000 0.060403492745
0.600000000000 1.600000000000 0.061173386804
0.800000000000 1.600000000000 0.062182658908
1.000000000000 1.600000000000 0.063367918077
1.200000000000 1.600000000000 0.064654709963
1.400000000000 1.600000000000 0.065962190181
1.600000000000 1.600000000000 0.067208201711
1.800000000000 1.600000000000 0.068314437929
2.000000000000 1.600000000000 0.069211366641
2.200000000000 1.600000000000 0.069842604813
2.400000000000 1.600000000000 0.070168467684
2.600000000000 1.600000000000 0.070168467684
2.800000000000 1.600000000000 0.069842604813
3.000000000000 1.600000000000 0.069211366641
3.200000000000 1.600000000000 0.068314437929
3.400000000000 1.600000000000 0.067208201711
3.600000000000 1.600000000000 0.065962190181
3.800000000000 1.600000000000 0.064654709963
4.000000000000 1.600000000000 0.063367918077
4.200000000000 1.600000000000 0.062182658908
4.400000000000 1.600000000000 0.061173386804
4.600000000000 1.600000000000 0.060403492745
4.800000000000 1.600000000000 0.059921327512

0.000000000000 1.800000000000 0.060740764859
0.200000000000 1.800000000000 0.060907624655
0.400000000000 1.800000000000 0.061397726138
0.600000000000 1.800000000000 0.062180292349
0.800000000000 1.800000000000 0.063206176674
1.000000000000 1.800000000000 0.064410944742
1.200000000000 1.800000000000 0.065718916715
1.400000000000 1.800000000000 0.067047917541
1.600000000000 1.800000000000 0.068314437929
1.800000000000 1.800000000000 0.069438882358
2.000000000000 1.800000000000 0.070350574162
2.200000000000 1.800000000000 0.070992202266
2.400000000000 1.800000000000 0.071323428711
2.600000000000 1.800000000000 0.071323428711
2.800000000000 1.800000000000 0.070992202266
3.000000000000 1.800000000000 0.070350574162
3.200000000000 1.800000000000 0.069438882358
3.400000000000 1.800000000000 0.068314437929
3.600000000000 1.800000000000 0.067047917541
3.800000000000 1.800000000000 0.065718916715
4.000000000000 1.800000000000 0.064410944742
4.200000000000 1.800000000000 0.063206176674
4.400000000000 1.800000000000 0.062180292349
4.600000000000 1.800000000000 0.061397726138
4.800000000000 1.800000000000 0.060907624655

0.000000000000 2.000000000000 0.061538257054
0.200000000000 2.000000000000 0.061707307591
0.400000000000 2.000000000000 0.062203843730
0.600000000000 2.000000000000 0.062996684436
0.800000000000 2.000000000000 0.064036037835
1.000000000000 2.000000000000 0.065256623583
1.200000000000 2.000000000000 0.066581768225
1.400000000000 2.000000000000 0.067928217812
1.600000000000 2.000000000000 0.069211366641
1.800000000000 2.000000000000 0.070350574162
2.000000000000 2.000000000000 0.071274235780
2.200000000000 2.000000000000 0.071924287968
2.400000000000 2.000000000000 0.072259863162
2.600000000000 2.000000000000 0.072259863162
2.800000000000 2.000000000000 0.071924287968
3.000000000000 2.000000000000 0.071274235780
3.200000000000 2.000000000000 0.070350574162
3.400000000000 2.000000000000 0.069211366641
3.600000000000 2.000000000000 0.067928217812
3.800000000000 2.000000000000 0.066581768225
4.000000000000 2.000000000000 0.065256623583
4.200000000000 2.000000000000 0.064036037835
4.400000000000 2.000000000000 0.062996684436
4.600000000000 2.000000000000 0.062203843730
4.800000000000 2.000000000000 0.061707307591

0.000000000000 2.200000000000 0.062099514051
0.200000000000 2.200000000000 0.062270106382
0.400000000000 2.200000000000 0.062771171088
0.600000000000 2.200000000000 0.063571242750
0.800000000000 2.200000000000 0.064620075380
1.000000000000 2.200000000000 0.065851793254
1.200000000000 2.200000000000 0.067189023632
1.400000000000 2.200000000000 0.068547753263
1.600000000000 2.200000000000 0.069842604813
1.800000000000 2.200000000000 0.070992202266
2.000000000000 2.200000000000 0.071924287968
2.200000000000 2.200000000000 0.072580268836
2.400000000000 2.200000000000 0.072918904581
2.600000000000 2.200000000000 0.072918904581
2.800000000000 2.200000000000 0.072580268836
3.000000000000 2.200000000000 0.071924287968
3.200000000000 2.200000000000 0.070992202266
3.400000000000 2.200000000000 0.069842604813
3.600000000000 2.200000000000 0.068547753263
3.800000000000 2.200000000000 0.067189023632
4.000000000000 2.200000000000 0.065851793254
4.200000000000 2.200000000000 0.064620075380
4.400000000000 2.200000000000 0.063571242750
4.600000000000 2.200000000000 0.062771171088
4.800000000000 2.200000000000 0.062270106382

0.000000000000 2.400000000000 0.062389250675
0.200000000000 2.400000000000 0.062560638923
0.400000000000 2.400000000000 0.063064041402
0.600000000000 2.400000000000 0.063867845887
0.800000000000 2.400000000000 0.064921571961
1.000000000000 2.400000000000 0.066159036552
1.200000000000 2.400000000000 0.067502505926
1.400000000000 2.400000000000 0.068867574861
1.600000000000 2.400000000000 0.070168467684
1.800000000000 2.400000000000 0.071323428711
2.000000000000 2.400000000000 0.072259863162
2.200000000000 2.400000000000 0.072918904581
2.400000000000 2.400000000000 0.073259120269
2.600000000000 2.400000000000 0.073259120269
2.800000000000 2.400000000000 0.072918904581
3.000000000000 2.400000000000 0.072259863162
3.200000000000 2.400000000000 0.071323428711
3.400000000000 2.400000000000 0.070168467684
3.600000000000 2.400000000000 0.068867574861
3.800000000000 2.400000000000 0.067502505926
4.000000000000 2.400000000000 0.066159036552
4.200000000000 2.400000000000 0.064921571961
4.400000000000 2.400000000000 0.063867845887
4.600000000000 2.400000000000 0.063064041402
4.800000000000 2.400000000000 0.062560638923

0.000000000000 2.600000000000 0.062389250675
0.200000000000 2.600000000000 0.062560638923
0.400000000000 2.600000000000 0.063064041402
0.600000000000 2.600000000000 0.063867845887
0.800000000000 2.600000000000 0.064921571961
1.000000000000 2.600000000000 0.066159036552
1.200000000000 2.600000000000 0.067502505926
1.400000000000 2.600000000000 0.068867574861
1.600000000000 2.600000000000 0.070168467684
1.800000000000 2.600000000000 0.071323428711
2.000000000000 2.600000000000 0.072259863162
2.200000000000 2.600000000000 0.072918904581
2.400000000000 2.600000000000 0.073259120269
2.600000000000 2.600000000000 0.073259120269
2.800000000000 2.600000000000 0.072918904581
3.000000000000 2.600000000000 0.072259863162
3.200000000000 2.600000000000 0.071323428711
3.400000000000 2.600000000000 0.070168467684
3.600000000000 2.600000000000 0.068867574861
3.800000000000 2.600000000000 0.067502505926
4.000000000000 2.600000000000 0.066159036552
4.200000000000 2.600000000000 0.064921571961
4.400000000000 2.600000000000 0.063867845887
4.600000000000 2.600000000000 0.063064041402
4.800000000000 2.600000000000 0.062560638923

0.000000000000 2.800000000000 0.062099514051
0.200000000000 2.800000000000 0.062270106382
0.400000000000 2.800000000000 0.062771171088
0.600000000000 2.800000000000 0.063571242750
0.800000000000 2.800000000000 0.064620075380
1.000000000000 2.800000000000 0.065851793254
1.200000000000 2.800000000000 0.067189023632
1.400000000000 2.800000000000 0.068547753263
1.600000000000 2.800000000000 0.069842604813
1.800000000000 2.800000000000 0.070992202266
2.000000000000 2.800000000000 0.071924287968
2.200000000000 2.800000000000 0.072580268836
2.400000000000 2.800000000000 0.072918904581
2.600000000000 2.800000000000 0.072918904581
2.800000000000 2.800000000000 0.072580268836
3.000000000000 2.800000000000 0.071924287968
3.200000000000 2.800000000000 0.070992202266
3.400000000000 2.800000000000 0.069842604813
3.600000000000 2.800000000000 0.068547753263
3.800000000000 2.800000000000 0.067189023632
4.000000000000 2.800000000000 0.065851793254
4.200000000000 2.800000000000 0.064620075380
4.400000000000 2.800000000000 0.063571242750
4.600000000000 2.800000000000 0.062771171088
4.800000000000 2.800000000000 0.062270106382

0.000000000000 3.000000000000 0.061538257054
0.200000000000 3.000000000000 0.061707307591
0.400000000000 3.000000000000 0.062203843730
0.600000000000 3.000000000000 0.062996684436
0.800000000000 3.000000000000 0.064036037835
1.000000000000 3.000000000000 0.065256623583
1.200000000000 3.000000000000 0.066581768225
1.400000000000 3.000000000000 0.067928217812
1.600000000000 3.000000000000 0.069211366641
1.800000000000 3.000000000000 0.070350574162
2.000000000000 3.000000000000 0.071274235780
2.200000000000 3.000000000000 0.071924287968
2.400000000000 3.000000000000 0.072259863162
2.600000000000 3.000000000000 0.072259863162
2.800000000000 3.000000000000 0.071924287968
3.000000000000 3.000000000000 0.071274235780
3.200000000000 3.000000000000 0.070350574162
3.400000000000 3.000000000000 0.069211366641
3.600000000000 3.000000000000 0.067928217812
3.800000000000 3.000000000000 0.066581768225
4.000000000000 3.000000000000 0.065256623583
4.200000000000 3.000000000000 0.064036037835
4.400000000000 3.000000000000 0.062996684436
4.600000000000 3.000000000000 0.062203843730
4.800000000000 3.000000000000 0.061707307591

0.000000000000 3.200000000000 0.060740764859
0.200000000000 3.200000000000 0.060907624655
0.400000000000 3.200000000000 0.061397726138
0.600000000000 3.200000000000 0.062180292349
0.800000000000 3.200000000000 0.063206176674
1.000000000000 3.200000000000 0.064410944742
1.200000000000 3.200000000000 0.065718916715
1.400000000000 3.200000000000 0.067047917541
1.600000000000 3.200000000000 0.068314437929
1.800000000000 3.200000000000 0.069438882358
2.000000000000 3.200000000000 0.070350574162
2.200000000000 3.200000000000 0.070992202266
2.400000000000 3.200000000000 0.071323428711
2.600000000000 3.200000000000 0.071323428711
2.800000000000 3.200000000000 0.070992202266
3.000000000000 3.200000000000 0.070350574162
3.200000000000 3.200000000000 0.069438882358
3.400000000000 3.200000000000 0.068314437929
3.600000000000 3.200000000000 0.067047917541
3.800000000000 3.200000000000 0.065718916715
4.000000000000 3.200000000000 0.064410944742
4.200000000000 3.200000000000 0.063206176674
4.400000000000 3.200000000000 0.062180292349
4.600000000000 3.200000000000 0.061397726138
4.800000000000 3.200000000000 0.060907624655

0.000000000000 3.400000000000 0.059757169689
0.200000000000 3.400000000000 0.059921327512
0.400000000000 3.400000000000 0.060403492745
0.600000000000 3.400000000000 0.061173386804
0.800000000000 3.400000000000 0.062182658908
1.000000000000 3.400000000000 0.063367918077
1.200000000000 3.400000000000 0.064654709963
1.400000000000 3.400000000000 0.065962190181
1.600000000000 3.400000000000 0.067208201711
1.800000000000 3.400000000000 0.068314437929
2.000000000000 3.400000000000 0.069211366641
2.200000000000 3.400000000000 0.069842604813
2.400000000000 3.400000000000 0.070168467684
2.600000000000 3.400000000000 0.070168467684
2.800000000000 3.400000000000 0.069842604813
3.000000000000 3.400000000000 0.069211366641
3.200000000000 3.400000000000 0.068314437929
3.400000000000 3.400000000000 0.067208201711
3.600000000000 3.400000000000 0.065962190181
3.800000000000 3.400000000000 0.064654709963
4.000000000000 3.400000000000 0.063367918077
4.200000000000 3.400000000000 0.062182658908
4.400000000000 3.400000000000 0.061173386804
4.600000000000 3.400000000000 0.060403492745
4.800000000000 3.400000000000 0.059921327512

0.000000000000 3.600000000000 0.058649295166
0.200000000000 3.600000000000 0.058810409616
0.400000000000 3.600000000000 0.059283635837
0.600000000000 3.600000000000 0.060039256589
0.800000000000 3.600000000000 0.061029817483
1.000000000000 3.600000000000 0.062193102762
1.200000000000 3.600000000000 0.063456038412
1.400000000000 3.600000000000 0.064739278847
1.600000000000 3.600000000000 0.065962190181
1.800000000000 3.600000000000 0.067047917541
2.000000000000 3.600000000000 0.067928217812
2.200000000000 3.600000000000 0.068547753263
2.400000000000 3.600000000000 0.068867574861
2.600000000000 3.600000000000 0.068867574861
2.800000000000 3.600000000000 0.068547753263
3.000000000000 3.600000000000 0.067928217812
3.200000000000 3.600000000000 0.067047917541
3.400000000000 3.600000000000 0.065962190181
3.600000000000 3.600000000000 0.064739278847
3.800000000000 3.600000000000 0.063456038412
4.000000000000 3.600000000000 0.062193102762
4.200000000000 3.600000000000 0.061029817483
4.400000000000 3.600000000000 0.060039256589
4.600000000000 3.600000000000 0.059283635837
4.800000000000 3.600000000000 0.058810409616

0.000000000000 3.800000000000 0.057486766581
0.200000000000 3.800000000000 0.057644687521
0.400000000000 3.800000000000 0.058108533747
0.600000000000 3.800000000000 0.058849177058
0.800000000000 3.800000000000 0.059820103672
1.000000000000 3.800000000000 0.060960331038
1.200000000000 3.800000000000 0.062198233568
1.400000000000 3.800000000000 0.063456038412
1.600000000000 3.800000000000 0.064654709963
1.800000000000 3.800000000000 0.065718916715
2.000000000000 3.800000000000 0.066581768225
2.200000000000 3.800000000000 0.067189023632
2.400000000000 3.800000000000 0.067502505926
2.600000000000 3.800000000000 0.067502505926
2.800000000000 3.800000000000 0.067189023632
3.000000000000 3.800000000000 0.066581768225
3.200000000000 3.800000000000 0.065718916715
3.400000000000 3.800000000000 0.064654709963
3.600000000000 3.800000000000 0.063456038412
3.800000000000 3.800000000000 0.062198233568
4.000000000000 3.800000000000 0.060960331038
4.200000000000 3.800000000000 0.059820103672
4.400000000000 3.800000000000 0.058849177058
4.600000000000 3.800000000000 0.058108533747
4.800000000000 3.800000000000 0.057644687521

0.000000000000 4.000000000000 0.056342632751
0.200000000000 4.000000000000 0.056497410712
0.400000000000 4.000000000000 0.056952025364
0.600000000000 4.000000000000 0.057677928221
0.800000000000 4.000000000000 0.058629531230
1.000000000000 4.000000000000 0.059747065529
1.200000000000 4.000000000000 0.060960331038
1.400000000000 4.000000000000 0.062193102762
1.600000000000 4.000000000000 0.063367918077
1.800000000000 4.000000000000 0.064410944742
2.000000000000 4.000000000000 0.065256623583
2.200000000000 4.000000000000 0.065851793254
2.400000000000 4.000000000000 0.066159036552
2.600000000000 4.000000000000 0.066159036552
2.800000000000 4.000000000000 0.065851793254
3.000000000000 4.000000000000 0.065256623583
3.200000000000 4.000000000000 0.064410944742
3.400000000000 4.000000000000 0.063367918077
3.600000000000 4.000000000000 0.062193102762
3.800000000000 4.000000000000 0.060960331038
4.000000000000 4.000000000000 0.059747065529
4.200000000000 4.000000000000 0.058629531230
4.400000000000 4.000000000000 0.057677928221
4.600000000000 4.000000000000 0.056952025364
4.800000000000 4.000000000000 0.056497410712

0.000000000000 4.200000000000 0.055288775382
0.200000000000 4.200000000000 0.055440658356
0.400000000000 4.200000000000 0.055886769840
0.600000000000 4.200000000000 0.056599095321
0.800000000000 4.200000000000 0.057532899430
1.000000000000 4.200000000000 0.058629531230
1.200000000000 4.200000000000 0.059820103672
1.400000000000 4.200000000000 0.061029817483
1.600000000000 4.200000000000 0.062182658908
1.800000000000 4.200000000000 0.063206176674
2.000000000000 4.200000000000 0.064036037835
2.200000000000 4.200000000000 0.064620075380
2.400000000000 4.200000000000 0.064921571961
2.600000000000 4.200000000000 0.064921571961
2.800000000000 4.200000000000 0.064620075380
3.000000000000 4.200000000000 0.064036037835
3.200000000000 4.200000000000 0.063206176674
3.400000000000 4.200000000000 0.062182658908
3.600000000000 4.200000000000 0.061029817483
3.800000000000 4.200000000000 0.059820103672
4.000000000000 4.200000000000 0.058629531230
4.200000000000 4.200000000000 0.057532899430
4.400000000000 4.200000000000 0.056599095321
4.600000000000 4.200000000000 0.055886769840
4.800000000000 4.200000000000 0.055440658356

0.000000000000 4.400000000000 0.054391394563
0.200000000000 4.400000000000 0.054540812399
0.400000000000 4.400000000000 0.054979683263
0.600000000000 4.400000000000 0.055680447333
0.800000000000 4.400000000000 0.056599095321
1.000000000000 4.400000000000 0.057677928221
1.200000000000 4.400000000000 0.058849177058
1.400000000000 4.400000000000 0.060039256589
1.600000000000 4.400000000000 0.061173386804
1.800000000000 4.400000000000 0.062180292349
2.000000000000 4.400000000000 0.062996684436
2.200000000000 4.400000000000 0.063571242750
2.400000000000 4.400000000000 0.063867845887
2.600000000000 4.400000000000 0.063867845887
2.800000000000 4.400000000000 0.063571242750
3.000000000000 4.400000000000 0.062996684436
3.200000000000 4.400000000000 0.062180292349
3.400000000000 4.400000000000 0.061173386804
3.600000000000 4.400000000000 0.060039256589
3.800000000000 4.400000000000 0.058849177058
4.000000000000 4.400000000000 0.057677928221
4.200000000000 4.400000000000 0.056599095321
4.400000000000 4.400000000000 0.055680447333
4.600000000000 4.400000000000 0.054979683263
4.800000000000 4.400000000000 0.054540812399

0.000000000000 4.600000000000 0.053706853539
0.200000000000 4.600000000000 0.053854390914
0.400000000000 4.600000000000 0.054287738481
0.600000000000 4.600000000000 0.054979683263
0.800000000000 4.600000000000 0.055886769840
1.000000000000 4.600000000000 0.056952025364
1.200000000000 4.600000000000 0.058108533747
1.400000000000 4.600000000000 0.059283635837
1.600000000000 4.600000000000 0.060403492745
1.800000000000 4.600000000000 0.061397726138
2.000000000000 4.600000000000 0.062203843730
2.200000000000 4.600000000000 0.062771171088
2.400000000000 4.600000000000 0.063064041402
2.600000000000 4.600000000000 0.063064041402
2.800000000000 4.600000000000 0.062771171088
3.000000000000 4.600000000000 0.062203843730
3.200000000000 4.600000000000 0.061397726138
3.400000000000 4.600000000000 0.060403492745
3.600000000000 4.600000000000 0.059283635837
3.800000000000 4.600000000000 0.058108533747
4.000000000000 4.600000000000 0.056952025364
4.200000000000 4.600000000000 0.055886769840
4.400000000000 4.600000000000 0.054979683263
4.600000000000 4.600000000000 0.054287738481
4.800000000000 4.600000000000 0.053854390914

0.000000000000 4.800000000000 0.053278142759
0.200000000000 4.800000000000 0.053424502449
0.400000000000 4.800000000000 0.053854390914
0.600000000000 4.800000000000 0.054540812399
0.800000000000 4.800000000000 0.055440658356
1.000000000000 4.800000000000 0.056497410712
1.200000000000 4.800000000000 0.057644687521
1.400000000000 4.800000000000 0.058810409616
1.600000000000 4.800000000000 0.059921327512
1.800000000000 4.800000000000 0.060907624655
2.000000000000 4.800000000000 0.061707307591
2.200000000000 4.800000000000 0.062270106382
2.400000000000 4.800000000000 0.062560638923
2.600000000000 4.800000000000 0.062560638923
2.800000000000 4.800000000000 0.062270106382
3.000000000000 4.800000000000 0.061707307591
3.200000000000 4.800000000000 0.060907624655
3.400000000000 4.800000000000 0.059921327512
3.600000000000 4.800000000000 0.058810409616
3.800000000000 4.800000000000 0.057644687521
4.000000000000 4.800000000000 0.056497410712
4.200000000000 4.800000000000 0.055440658356
4.400000000000 4.800000000000 0.054540812399
4.600000000000 4.800000000000 0.053854390914
4.800000000000 4.800000000000 0.053424502449

