# x y u
0.000000000000 0.000000000000 -0.000000120870
0.200000000000 0.000000000000 -0.000001210661
0.400000000000 0.000000000000 -0.000002167727
0.600000000000 0.000000000000 -0.000004389294
0.800000000000 0.000000000000 -0.000013106064
1.000000000000 0.000000000000 -0.000032217950
1.200000000000 0.000000000000 -0.000056445676
1.400000000000 0.000000000000 -0.000071018469
1.600000000000 0.000000000000 -0.000062120700
1.800000000000 0.000000000000 -0.000028946505
2.000000000000 0.000000000000 0.000014454815
2.200000000000 0.000000000000 0.000049175990
2.400000000000 0.000000000000 0.000063711293
2.600000000000 0.000000000000 0.000058640896
2.800000000000 0.000000000000 0.000042636071
3.000000000000 0.000000000000 0.000025324763
3.200000000000 0.000000000000 0.000012406098
3.400000000000 0.000000000000 0.000004924069
3.600000000000 0.000000000000 0.000001434255
3.800000000000 0.000000000000 0.000000254233
4.000000000000 0.000000000000 0.000000096043
4.200000000000 0.000000000000 0.000000019608
4.400000000000 0.000000000000 -0.000000173363
4.600000000000 0.000000000000 -0.000000058738
4.800000000000 0.000000000000 0.000000246801

0.000000000000 0.200000000000 -0.000001210661
0.200000000000 0.200000000000 -0.000000283533
0.400000000000 0.200000000000 0.000008651575
0.600000000000 0.200000000000 0.000022761269
0.800000000000 0.200000000000 0.000051079869
1.000000000000 0.200000000000 0.000144483872
1.200000000000 0.200000000000 0.000382519242
1.400000000000 0.200000000000 0.000800825270
1.600000000000 0.200000000000 0.001321460478
1.800000000000 0.200000000000 0.001766448545
2.000000000000 0.200000000000 0.001959666117
2.200000000000 0.200000000000 0.001835279979
2.400000000000 0.200000000000 0.001466356105
2.600000000000 0.200000000000 0.001004157619
2.800000000000 0.200000000000 0.000588769570
3.000000000000 0.200000000000 0.000293540916
3.200000000000 0.200000000000 0.000122395609
3.400000000000 0.200000000000 0.000040848927
3.600000000000 0.200000000000 0.000009706942
3.800000000000 0.200000000000 0.000001358563
4.000000000000 0.200000000000 0.000000115199
4.200000000000 0.200000000000 -0.000000596261
4.400000000000 0.200000000000 -0.000000652238
4.600000000000 0.200000000000 0.000000822416
4.800000000000 0.200000000000 0.000001053606

0.000000000000 0.400000000000 -0.000002167727
0.200000000000 0.400000000000 0.000008651575
0.400000000000 0.400000000000 0.000053953623
0.600000000000 0.400000000000 0.000138340828
0.800000000000 0.400000000000 0.000331514861
1.000000000000 0.400000000000 0.000854417771
1.200000000000 0.400000000000 0.001989252168
1.400000000000 0.400000000000 0.003796489617
1.600000000000 0.400000000000 0.005891962690
1.800000000000 0.400000000000 0.007555416819
2.000000000000 0.400000000000 0.008141298578
2.200000000000 0.400000000000 0.007466627467
2.400000000000 0.400000000000 0.005875614197
2.600000000000 0.400000000000 0.003979987487
2.800000000000 0.400000000000 0.002316659999
3.000000000000 0.400000000000 0.001150382141
3.200000000000 0.400000000000 0.000479237666
3.400000000000 0.400000000000 0.000160629417
3.600000000000 0.400000000000 0.000039066183
3.800000000000 0.400000000000 0.000005811684
4.000000000000 0.400000000000 0.000000148639
4.200000000000 0.400000000000 -0.000002260791
4.400000000000 0.400000000000 -0.000001732103
4.600000000000 0.400000000000 0.000003188635
4.800000000000 0.400000000000 0.000003321557

0.000000000000 0.600000000000 -0.000004389294
0.200000000000 0.600000000000 0.000022761269
0.400000000000 0.600000000000 0.000138340828
0.600000000000 0.600000000000 0.000357506384
0.800000000000 0.600000000000 0.000854288440
1.000000000000 0.600000000000 0.002178016530
1.200000000000 0.600000000000 0.005036107616
1.400000000000 0.600000000000 0.009589779522
1.600000000000 0.600000000000 0.014887266718
1.800000000000 0.600000000000 0.019121022570
2.000000000000 0.600000000000 0.020652188162
2.200000000000 0.600000000000 0.018994829468
2.400000000000 0.600000000000 0.014996611396
2.600000000000 0.600000000000 0.010196711429
2.800000000000 0.600000000000 0.005961367913
3.000000000000 0.600000000000 0.002975806764
3.200000000000 0.600000000000 0.001248009641
3.400000000000 0.600000000000 0.000422441276
3.600000000000 0.600000000000 0.000104588675
3.800000000000 0.600000000000 0.000016101811
4.000000000000 0.600000000000 0.000000628775
4.200000000000 0.600000000000 -0.000005537701
4.400000000000 0.600000000000 -0.000004497100
4.600000000000 0.600000000000 0.000007744412
4.800000000000 0.600000000000 0.000008753808

0.000000000000 0.800000000000 -0.000013106064
0.200000000000 0.800000000000 0.000051079869
0.400000000000 0.800000000000 0.000331514861
0.600000000000 0.800000000000 0.000854288440
0.800000000000 0.800000000000 0.002034368428
1.000000000000 0.800000000000 0.005227428175
1.200000000000 0.800000000000 0.012202858976
1.400000000000 0.800000000000 0.023392764474
1.600000000000 0.800000000000 0.036468850151
1.800000000000 0.800000000000 0.046964030403
2.000000000000 0.800000000000 0.050808955349
2.200000000000 0.800000000000 0.046779711106
2.400000000000 0.800000000000 0.036955833207
2.600000000000 0.800000000000 0.025135716880
2.800000000000 0.800000000000 0.014696915495
3.000000000000 0.800000000000 0.007336226867
3.200000000000 0.800000000000 0.003076347334
3.400000000000 0.800000000000 0.001040981877
3.600000000000 0.800000000000 0.000257526538
3.800000000000 0.800000000000 0.000039817949
4.000000000000 0.800000000000 0.000001768025
4.200000000000 0.800000000000 -0.000013934438
4.400000000000 0.800000000000 -0.000011401043
4.600000000000 0.800000000000 0.000019545832
4.800000000000 0.800000000000 0.000021721720

0.000000000000 1.000000000000 -0.000032217950
0.200000000000 1.000000000000 0.000144483872
0.400000000000 1.000000000000 0.000854417771
0.600000000000 1.000000000000 0.002178016530
0.800000000000 1.000000000000 0.005227428175
1.000000000000 1.000000000000 0.013440776552
1.200000000000 1.000000000000 0.031142565898
1.400000000000 1.000000000000 0.059177748373
1.600000000000 1.000000000000 0.091538067566
1.800000000000 1.000000000000 0.117103725749
2.000000000000 1.000000000000 0.125982340639
2.200000000000 1.000000000000 0.115432927626
2.400000000000 1.000000000000 0.090805438105
2.600000000000 1.000000000000 0.061527006818
2.800000000000 1.000000000000 0.035850189712
3.000000000000 1.000000000000 0.017837499250
3.200000000000 1.000000000000 0.007455950725
3.400000000000 1.000000000000 0.002513967677
3.600000000000 1.000000000000 0.000619970540
3.800000000000 1.000000000000 0.000096202986
4.000000000000 1.000000000000 0.000003127570
4.200000000000 1.000000000000 -0.000035202635
4.400000000000 1.000000000000 -0.000025473358
4.600000000000 1.000000000000 0.000049956775
4.800000000000 1.000000000000 0.000049636249

0.000000000000 1.200000000000 -0.000056445676
0.200000000000 1.200000000000 0.000382519242
0.400000000000 1.200000000000 0.001989252168
0.600000000000 1.200000000000 0.005036107616
0.800000000000 1.200000000000 0.012202858976
1.000000000000 1.200000000000 0.031142565898
1.200000000000 1.200000000000 0.071020292541
1.400000000000 1.200000000000 0.133025943124
1.600000000000 1.200000000000 0.203477119284
1.800000000000 1.200000000000 0.258088577333
2.000000000000 1.200000000000 0.275829030321
2.200000000000 1.200000000000 0.251430172650
2.400000000000 1.200000000000 0.196984148840
2.600000000000 1.200000000000 0.133045241497
2.800000000000 1.200000000000 0.077335466659
3.000000000000 1.200000000000 0.038414657957
3.200000000000 1.200000000000 0.016041433683
3.400000000000 1.200000000000 0.005409102813
3.600000000000 1.200000000000 0.001339650248
3.800000000000 1.200000000000 0.000211153089
4.000000000000 1.200000000000 0.000004241948
4.200000000000 1.200000000000 -0.000076640391
4.400000000000 1.200000000000 -0.000047894986
4.600000000000 1.200000000000 0.000109664091
4.800000000000 1.200000000000 0.000098628717

0.000000000000 1.400000000000 -0.000071018469
0.200000000000 1.400000000000 0.000800825270
0.400000000000 1.400000000000 0.003796489617
0.600000000000 1.400000000000 0.009589779522
0.800000000000 1.400000000000 0.023392764474
1.000000000000 1.400000000000 0.059177748373
1.200000000000 1.400000000000 0.133025943124
1.400000000000 1.400000000000 0.246155943531
1.600000000000 1.400000000000 0.373152372459
1.800000000000 1.400000000000 0.470241322181
2.000000000000 1.400000000000 0.500227202703
2.200000000000 1.400000000000 0.454477544374
2.400000000000 1.400000000000 0.355270957217
2.600000000000 1.400000000000 0.239641045941
2.800000000000 1.400000000000 0.139238821124
3.000000000000 1.400000000000 0.069200183377
3.200000000000 1.400000000000 0.028944148242
3.400000000000 1.400000000000 0.009795313126
3.600000000000 1.400000000000 0.002450015417
3.800000000000 1.400000000000 0.000395156241
4.000000000000 1.400000000000 0.000005694958
4.200000000000 1.400000000000 -0.000136380815
4.400000000000 1.400000000000 -0.000075613319
4.600000000000 1.400000000000 0.000195829590
4.800000000000 1.400000000000 0.000165966698

0.000000000000 1.600000000000 -0.000062120700
0.200000000000 1.600000000000 0.001321460478
0.400000000000 1.600000000000 0.005891962690
0.600000000000 1.600000000000 0.014887266718
0.800000000000 1.600000000000 0.036468850151
1.000000000000 1.600000000000 0.091538067566
1.200000000000 1.600000000000 0.203477119284
1.400000000000 1.600000000000 0.373152372459
1.600000000000 1.600000000000 0.562108140783
1.800000000000 1.600000000000 0.705354346432
2.000000000000 1.600000000000 0.748278624766
2.200000000000 1.600000000000 0.678760206540
2.400000000000 1.600000000000 0.530245752930
2.600000000000 1.600000000000 0.357733269694
2.800000000000 1.600000000000 0.208072735748
3.000000000000 1.600000000000 0.103620064805
3.200000000000 1.600000000000 0.043483938399
3.400000000000 1.600000000000 0.014800268377
3.600000000000 1.600000000000 0.003748444527
3.800000000000 1.600000000000 0.000620193120
4.000000000000 1.600000000000 0.000009053125
4.200000000000 1.600000000000 -0.000199146006
4.400000000000 1.600000000000 -0.000101366175
4.600000000000 1.600000000000 0.000286007603
4.800000000000 1.600000000000 0.000236099228

0.000000000000 1.800000000000 -0.000028946505
0.200000000000 1.800000000000 0.001766448545
0.400000000000 1.800000000000 0.007555416819
0.600000000000 1.800000000000 0.019121022570
0.800000000000 1.800000000000 0.046964030403
1.000000000000 1.800000000000 0.117103725749
1.200000000000 1.800000000000 0.258088577333
1.400000000000 1.800000000000 0.470241322181
1.600000000000 1.800000000000 0.705354346432
1.800000000000 1.800000000000 0.882842039019
2.000000000000 1.800000000000 0.935336175538
2.200000000000 1.800000000000 0.848138026944
2.400000000000 1.800000000000 0.662862181425
2.600000000000 1.800000000000 0.447746317845
2.800000000000 1.800000000000 0.260956847259
3.000000000000 1.800000000000 0.130345678241
3.200000000000 1.800000000000 0.054935580159
3.400000000000 1.800000000000 0.018827152404
3.600000000000 1.800000000000 0.004833768828
3.800000000000 1.800000000000 0.000820759361
4.000000000000 1.800000000000 0.000015269528
4.200000000000 1.800000000000 -0.000242521444
4.400000000000 1.800000000000 -0.000116824649
4.600000000000 1.800000000000 0.000347600042
4.800000000000 1.800000000000 0.000286032178

0.000000000000 2.000000000000 0.000014454815
0.200000000000 2.000000000000 0.001959666117
0.400000000000 2.000000000000 0.008141298578
0.600000000000 2.000000000000 0.020652188162
0.800000000000 2.000000000000 0.050808955349
1.000000000000 2.000000000000 0.125982340639
1.200000000000 2.000000000000 0.275829030321
1.400000000000 2.000000000000 0.500227202703
1.600000000000 2.000000000000 0.748278624766
1.800000000000 2.000000000000 0.935336175538
2.000000000000 2.000000000000 0.990687197166
2.200000000000 2.000000000000 0.898826404367
2.400000000000 2.000000000000 0.703364887958
2.600000000000 2.000000000000 0.476035360652
2.800000000000 2.000000000000 0.278201907457
3.000000000000 2.000000000000 0.139469888851
3.200000000000 2.000000000000 0.059075823004
3.400000000000 2.000000000000 0.020401093534
3.600000000000 2.000000000000 0.005312636538
3.800000000000 2.000000000000 0.000925595984
4.000000000000 2.000000000000 0.000023136915
4.200000000000 2.000000000000 -0.000250011856
4.400000000000 2.000000000000 -0.000116908375
4.600000000000 2.000000000000 0.000357039374
4.800000000000 2.000000000000 0.000297648987

0.000000000000 2.200000000000 0.000049175990
0.200000000000 2.200000000000 0.001835279979
0.400000000000 2.200000000000 0.007466627467
0.600000000000 2.200000000000 0.018994829468
0.800000000000 2.200000000000 0.046779711106
1.000000000000 2.200000000000 0.115432927626
1.200000000000 2.200000000000 0.251430172650
1.400000000000 2.200000000000 0.454477544374
1.600000000000 2.200000000000 0.678760206540
1.800000000000 2.200000000000 0.848138026944
2.000000000000 2.200000000000 0.898826404367
2.200000000000 2.200000000000 0.816522898332
2.400000000000 2.200000000000 0.640182263829
2.600000000000 2.200000000000 0.434383395623
2.800000000000 2.200000000000 0.254698056351
3.000000000000 2.200000000000 0.128226767069
3.200000000000 2.200000000000 0.054616713433
3.400000000000 2.200000000000 0.019016872982
3.600000000000 2.200000000000 0.005024879603
3.800000000000 2.200000000000 0.000898170028
4.000000000000 2.200000000000 0.000029582118
4.200000000000 2.200000000000 -0.000220550738
4.400000000000 2.200000000000 -0.000102284640
4.600000000000 2.200000000000 0.000313410017
4.800000000000 2.200000000000 0.000267907818

0.000000000000 2.400000000000 0.000063711293
0.200000000000 2.400000000000 0.001466356105
0.400000000000 2.400000000000 0.005875614197
0.600000000000 2.400000000000 0.014996611396
0.800000000000 2.400000000000 0.036955833207
1.000000000000 2.400000000000 0.090805438105
1.200000000000 2.400000000000 0.196984148840
1.400000000000 2.400000000000 0.355270957217
1.600000000000 2.400000000000 0.530245752930
1.800000000000 2.400000000000 0.662862181425
2.000000000000 2.400000000000 0.703364887958
2.200000000000 2.400000000000 0.640182263829
2.400000000000 2.400000000000 0.503182480042
2.600000000000 2.400000000000 0.342490860176
2.800000000000 2.400000000000 0.201589734984
3.000000000000 2.400000000000 0.101973826812
3.200000000000 2.400000000000 0.043701623459
3.400000000000 2.400000000000 0.015351235121
3.600000000000 2.400000000000 0.004117871394
3.800000000000 2.400000000000 0.000755261914
4.000000000000 2.400000000000 0.000031708123
4.200000000000 2.400000000000 -0.000167556186
4.400000000000 2.400000000000 -0.000078537291
4.600000000000 2.400000000000 0.000236627731
4.800000000000 2.400000000000 0.000209482157

0.000000000000 2.600000000000 0.000058640896
0.200000000000 2.600000000000 0.001004157619
0.400000000000 2.600000000000 0.003979987487
0.600000000000 2.600000000000 0.010196711429
0.800000000000 2.600000000000 0.025135716880
1.000000000000 2.600000000000 0.061527006818
1.200000000000 2.600000000000 0.133045241497
1.400000000000 2.600000000000 0.239641045941
1.600000000000 2.600000000000 0.357733269694
1.800000000000 2.600000000000 0.447746317845
2.000000000000 2.600000000000 0.476035360652
2.200000000000 2.600000000000 0.434383395623
2.400000000000 2.600000000000 0.342490860176
2.600000000000 2.600000000000 0.233984488451
2.800000000000 2.600000000000 0.138335536862
3.000000000000 2.600000000000 0.070353918890
3.200000000000 2.600000000000 0.030356053255
3.400000000000 2.600000000000 0.010765727863
3.600000000000 2.600000000000 0.002933824252
3.800000000000 2.600000000000 0.000552491032
4.000000000000 2.600000000000 0.000028710535
4.200000000000 2.600000000000 -0.000109823060
4.400000000000 2.600000000000 -0.000052965085
4.600000000000 2.600000000000 0.000153922932
4.800000000000 2.600000000000 0.000142467727

0.000000000000 2.800000000000 0.000042636071
0.200000000000 2.800000000000 0.000588769570
0.400000000000 2.800000000000 0.002316659999
0.600000000000 2.800000000000 0.005961367913
0.800000000000 2.800000000000 0.014696915495
1.000000000000 2.800000000000 0.035850189712
1.200000000000 2.800000000000 0.077335466659
1.400000000000 2.800000000000 0.139238821124
1.600000000000 2.800000000000 0.208072735748
1.800000000000 2.800000000000 0.260956847259
2.000000000000 2.800000000000 0.278201907457
2.200000000000 2.800000000000 0.254698056351
2.400000000000 2.800000000000 0.201589734984
2.600000000000 2.800000000000 0.138335536862
2.800000000000 2.800000000000 0.082210463255
3.000000000000 2.800000000000 0.042067920764
3.200000000000 2.800000000000 0.018290402884
3.400000000000 2.800000000000 0.006555380044
3.600000000000 2.800000000000 0.001816890683
3.800000000000 2.800000000000 0.000351744560
4.000000000000 2.800000000000 0.000022118473
4.200000000000 2.800000000000 -0.000061914780
4.400000000000 2.800000000000 -0.000031294362
4.600000000000 2.800000000000 0.000085978836
4.800000000000 2.800000000000 0.000084064508

0.000000000000 3.000000000000 0.000025324763
0.200000000000 3.000000000000 0.000293540916
0.400000000000 3.000000000000 0.001150382141
0.600000000000 3.000000000000 0.002975806764
0.800000000000 3.000000000000 0.007336226867
1.000000000000 3.000000000000 0.017837499250
1.200000000000 3.000000000000 0.038414657957
1.400000000000 3.000000000000 0.069200183377
1.600000000000 3.000000000000 0.103620064805
1.800000000000 3.000000000000 0.130345678241
2.000000000000 3.000000000000 0.139469888851
2.200000000000 3.000000000000 0.128226767069
2.400000000000 3.000000000000 0.101973826812
2.600000000000 3.000000000000 0.070353918890
2.800000000000 3.000000000000 0.042067920764
3.000000000000 3.000000000000 0.021681789154
3.200000000000 3.000000000000 0.009510053656
3.400000000000 3.000000000000 0.003449249000
3.600000000000 3.000000000000 0.000973897283
3.800000000000 3.000000000000 0.000194231292
4.000000000000 3.000000000000 0.000014538149
4.200000000000 3.000000000000 -0.000029754131
4.400000000000 3.000000000000 -0.000016085930
4.600000000000 3.000000000000 0.000040850803
4.800000000000 3.000000000000 0.000042725966

0.000000000000 3.200000000000 0.000012406098
0.200000000000 3.200000000000 0.000122395609
0.400000000000 3.200000000000 0.000479237666
0.600000000000 3.200000000000 0.001248009641
0.800000000000 3.200000000000 0.003076347334
1.000000000000 3.200000000000 0.007455950725
1.200000000000 3.200000000000 0.016041433683
1.400000000000 3.200000000000 0.028944148242
1.600000000000 3.200000000000 0.043483938399
1.800000000000 3.200000000000 0.054935580159
2.000000000000 3.200000000000 0.059075823004
2.200000000000 3.200000000000 0.054616713433
2.400000000000 3.200000000000 0.043701623459
2.600000000000 3.200000000000 0.030356053255
2.800000000000 3.200000000000 0.018290402884
3.000000000000 3.200000000000 0.009510053656
3.200000000000 3.200000000000 0.004215654150
3.400000000000 3.200000000000 0.001550618679
3.600000000000 3.200000000000 0.000447235029
3.800000000000 3.200000000000 0.000092212558
4.000000000000 3.200000000000 0.000008138093
4.200000000000 3.200000000000 -0.000011940121
4.400000000000 3.200000000000 -0.000007092128
4.600000000000 3.200000000000 0.000016153827
4.800000000000 3.200000000000 0.000018427579

0.000000000000 3.400000000000 0.000004924069
0.200000000000 3.400000000000 0.000040848927
0.400000000000 3.400000000000 0.000160629417
0.600000000000 3.400000000000 0.000422441276
0.800000000000 3.400000000000 0.001040981877
1.000000000000 3.400000000000 0.002513967677
1.200000000000 3.400000000000 0.005409102813
1.400000000000 3.400000000000 0.009795313126
1.600000000000 3.400000000000 0.014800268377
1.800000000000 3.400000000000 0.018827152404
2.000000000000 3.400000000000 0.020401093534
2.200000000000 3.400000000000 0.019016872982
2.400000000000 3.400000000000 0.015351235121
2.600000000000 3.400000000000 0.010765727863
2.800000000000 3.400000000000 0.006555380044
3.000000000000 3.400000000000 0.003449249000
3.200000000000 3.400000000000 0.001550618679
3.400000000000 3.400000000000 0.000580818108
3.600000000000 3.400000000000 0.000172038081
3.800000000000 3.400000000000 0.000036927115
4.000000000000 3.400000000000 0.000003853453
4.200000000000 3.400000000000 -0.000003805995
4.400000000000 3.400000000000 -0.000002616073
4.600000000000 3.400000000000 0.000005037404
4.800000000000 3.400000000000 0.000006537218

0.000000000000 3.600000000000 0.000001434255
0.200000000000 3.600000000000 0.000009706942
0.400000000000 3.600000000000 0.000039066183
0.600000000000 3.600000000000 0.000104588675
0.800000000000 3.600000000000 0.000257526538
1.000000000000 3.600000000000 0.000619970540
1.200000000000 3.600000000000 0.001339650248
1.400000000000 3.600000000000 0.002450015417
1.600000000000 3.600000000000 0.003748444527
1.800000000000 3.600000000000 0.004833768828
2.000000000000 3.600000000000 0.005312636538
2.200000000000 3.600000000000 0.005024879603
2.400000000000 3.600000000000 0.004117871394
2.600000000000 3.600000000000 0.002933824252
2.800000000000 3.600000000000 0.001816890683
3.000000000000 3.600000000000 0.000973897283
3.200000000000 3.600000000000 0.000447235029
3.400000000000 3.600000000000 0.000172038081
3.600000000000 3.600000000000 0.000052887746
3.800000000000 3.600000000000 0.000011983052
4.000000000000 3.600000000000 0.000001506663
4.200000000000 3.600000000000 -0.000000858633
4.400000000000 3.600000000000 -0.000000771626
4.600000000000 3.600000000000 0.000001091222
4.800000000000 3.600000000000 0.000001779755

0.000000000000 3.800000000000 0.000000254233
0.200000000000 3.800000000000 0.000001358563
0.400000000000 3.800000000000 0.000005811684
0.600000000000 3.800000000000 0.000016101811
0.800000000000 3.800000000000 0.000039817949
1.000000000000 3.800000000000 0.000096202986
1.200000000000 3.800000000000 0.000211153089
1.400000000000 3.800000000000 0.000395156241
1.600000000000 3.800000000000 0.000620193120
1.800000000000 3.800000000000 0.000820759361
2.000000000000 3.800000000000 0.000925595984
2.200000000000 3.800000000000 0.000898170028
2.400000000000 3.800000000000 0.000755261914
2.600000000000 3.800000000000 0.000552491032
2.800000000000 3.800000000000 0.000351744560
3.000000000000 3.800000000000 0.000194231292
3.200000000000 3.800000000000 0.000092212558
3.400000000000 3.800000000000 0.000036927115
3.600000000000 3.800000000000 0.000011983052
3.800000000000 3.800000000000 0.000002931885
4.000000000000 3.800000000000 0.000000447593
4.200000000000 3.800000000000 -0.000000108613
4.400000000000 3.800000000000 -0.000000155563
4.600000000000 3.800000000000 0.000000129043
4.800000000000 3.800000000000 0.000000312060

0.000000000000 4.000000000000 0.000000096043
0.200000000000 4.000000000000 0.000000115199
0.400000000000 4.000000000000 0.000000148639
0.600000000000 4.000000000000 0.000000628775
0.800000000000 4.000000000000 0.000001768025
1.000000000000 4.000000000000 0.000003127570
1.200000000000 4.000000000000 0.000004241948
1.400000000000 4.000000000000 0.000005694958
1.600000000000 4.000000000000 0.000009053125
1.800000000000 4.000000000000 0.000015269528
2.000000000000 4.000000000000 0.000023136915
2.200000000000 4.000000000000 0.000029582118
2.400000000000 4.000000000000 0.000031708123
2.600000000000 4.000000000000 0.000028710535
2.800000000000 4.000000000000 0.000022118473
3.000000000000 4.000000000000 0.000014538149
3.200000000000 4.000000000000 0.000008138093
3.400000000000 4.000000000000 0.000003853453
3.600000000000 4.000000000000 0.000001506663
3.800000000000 4.000000000000 0.000000447593
4.000000000000 4.000000000000 0.000000088010
4.200000000000 4.000000000000 0.000000024914
4.400000000000 4.000000000000 0.000000003002
4.600000000000 4.000000000000 -0.000000035492
4.800000000000 4.000000000000 -0.000000000811

0.000000000000 4.200000000000 0.000000019608
0.200000000000 4.200000000000 -0.000000596261
0.400000000000 4.200000000000 -0.000002260791
0.600000000000 4.200000000000 -0.000005537701
0.800000000000 4.200000000000 -0.000013934438
1.000000000000 4.200000000000 -0.000035202635
1.200000000000 4.200000000000 -0.000076640391
1.400000000000 4.200000000000 -0.000136380815
1.600000000000 4.200000000000 -0.000199146006
1.800000000000 4.200000000000 -0.000242521444
2.000000000000 4.200000000000 -0.000250011856
2.200000000000 4.200000000000 -0.000220550738
2.400000000000 4.200000000000 -0.000167556186
2.600000000000 4.200000000000 -0.000109823060
2.800000000000 4.200000000000 -0.000061914780
3.000000000000 4.200000000000 -0.000029754131
3.200000000000 4.200000000000 -0.000011940121
3.400000000000 4.200000000000 -0.000003805995
3.600000000000 4.200000000000 -0.000000858633
3.800000000000 4.200000000000 -0.000000108613
4.000000000000 4.200000000000 0.000000024914
4.200000000000 4.200000000000 0.000000073782
4.400000000000 4.200000000000 0.000000009892
4.600000000000 4.200000000000 -0.000000108896
4.800000000000 4.200000000000 -0.000000042886

0.000000000000 4.400000000000 -0.000000173363
0.200000000000 4.400000000000 -0.000000652238
0.400000000000 4.400000000000 -0.000001732103
0.600000000000 4.400000000000 -0.000004497100
0.800000000000 4.400000000000 -0.000011401043
1.000000000000 4.400000000000 -0.000025473358
1.200000000000 4.400000000000 -0.000047894986
1.400000000000 4.400000000000 -0.000075613319
1.600000000000 4.400000000000 -0.000101366175
1.800000000000 4.400000000000 -0.000116824649
2.000000000000 4.400000000000 -0.000116908375
2.200000000000 4.400000000000 -0.000102284640
2.400000000000 4.400000000000 -0.000078537291
2.600000000000 4.400000000000 -0.000052965085
2.800000000000 4.400000000000 -0.000031294362
3.000000000000 4.400000000000 -0.000016085930
3.200000000000 4.400000000000 -0.000007092128
3.400000000000 4.400000000000 -0.000002616073
3.600000000000 4.400000000000 -0.000000771626
3.800000000000 4.400000000000 -0.000000155563
4.000000000000 4.400000000000 0.000000003002
4.200000000000 4.400000000000 0.000000009892
4.400000000000 4.400000000000 -0.000000017989
4.600000000000 4.400000000000 -0.000000013326
4.800000000000 4.400000000000 -0.000000012646

0.000000000000 4.600000000000 -0.000000058738
0.200000000000 4.600000000000 0.000000822416
0.400000000000 4.600000000000 0.000003188634
0.600000000000 4.600000000000 0.000007744412
0.800000000000 4.600000000000 0.000019545832
1.000000000000 4.600000000000 0.000049956775
1.200000000000 4.600000000000 0.000109664091
1.400000000000 4.600000000000 0.000195829590
1.600000000000 4.600000000000 0.000286007603
1.800000000000 4.600000000000 0.000347600042
2.000000000000 4.600000000000 0.000357039374
2.200000000000 4.600000000000 0.000313410017
2.400000000000 4.600000000000 0.000236627731
2.600000000000 4.600000000000 0.000153922932
2.800000000000 4.600000000000 0.000085978836
3.000000000000 4.600000000000 0.000040850803
3.200000000000 4.600000000000 0.000016153827
3.400000000000 4.600000000000 0.000005037404
3.600000000000 4.600000000000 0.000001091222
3.800000000000 4.600000000000 0.000000129043
4.000000000000 4.600000000000 -0.000000035492
4.200000000000 4.600000000000 -0.000000108896
4.400000000000 4.600000000000 -0.000000013326
4.600000000000 4.600000000000 0.000000165157
4.800000000000 4.600000000000 0.000000056184

0.000000000000 4.800000000000 0.000000246801
0.200000000000 4.800000000000 0.000001053606
0.400000000000 4.800000000000 0.000003321557
0.600000000000 4.800000000000 0.000008753808
0.800000000000 4.800000000000 0.000021721720
1.000000000000 4.800000000000 0.000049636249
1.200000000000 4.800000000000 0.000098628717
1.400000000000 4.800000000000 0.000165966698
1.600000000000 4.800000000000 0.000236099228
1.800000000000 4.800000000000 0.000286032178
2.000000000000 4.800000000000 0.000297648987
2.200000000000 4.800000000000 0.000267907818
2.400000000000 4.800000000000 0.000209482157
2.600000000000 4.800000000000 0.000142467727
2.800000000000 4.800000000000 0.000084064508
3.000000000000 4.800000000000 0.000042725966
3.200000000000 4.800000000000 0.000018427579
3.400000000000 4.800000000000 0.000006537218
3.600000000000 4.800000000000 0.000001779755
3.800000000000 4.800000000000 0.000000312060
4.000000000000 4.800000000000 -0.000000000811
4.200000000000 4.800000000000 -0.000000042886
4.400000000000 4.800000000000 -0.000000012646
4.600000000000 4.800000000000 0.000000056184
4.800000000000 4.800000000000 0.000000093540

