# x y u
0.000000000000 0.000000000000 0.047616953039
0.200000000000 0.000000000000 0.047839262340
0.400000000000 0.000000000000 0.048492259070
0.600000000000 0.000000000000 0.049535015819
0.800000000000 0.000000000000 0.050902155135
1.000000000000 0.000000000000 0.052507922106
1.200000000000 0.000000000000 0.054251536172
1.400000000000 0.000000000000 0.056023494918
1.600000000000 0.000000000000 0.057712440842
1.800000000000 0.000000000000 0.059212163011
2.000000000000 0.000000000000 0.060428292516
2.200000000000 0.000000000000 0.061284265626
2.400000000000 0.000000000000 0.061726171636
2.600000000000 0.000000000000 0.061726171636
2.800000000000 0.000000000000 0.061284265626
3.000000000000 0.000000000000 0.060428292516
3.200000000000 0.000000000000 0.059212163011
3.400000000000 0.000000000000 0.057712440842
3.600000000000 0.000000000000 0.056023494918
3.800000000000 0.000000000000 0.054251536172
4.000000000000 0.000000000000 0.052507922106
4.200000000000 0.000000000000 0.050902155135
4.400000000000 0.000000000000 0.049535015819
4.600000000000 0.000000000000 0.048492259070
4.800000000000 0.000000000000 0.047839262340

0.000000000000 0.200000000000 0.047839262340
0.200000000000 0.200000000000 0.048062609519
0.400000000000 0.200000000000 0.048718654844
0.600000000000 0.200000000000 0.049766279831
0.800000000000 0.200000000000 0.051139801806
1.000000000000 0.200000000000 0.052753065497
1.200000000000 0.200000000000 0.054504819839
1.400000000000 0.200000000000 0.056285051191
1.600000000000 0.200000000000 0.057981882165
1.800000000000 0.200000000000 0.059488605970
2.000000000000 0.200000000000 0.060710413125
2.200000000000 0.200000000000 0.061570382449
2.400000000000 0.200000000000 0.062014351551
2.600000000000 0.200000000000 0.062014351551
2.800000000000 0.200000000000 0.061570382449
3.000000000000 0.200000000000 0.060710413125
3.200000000000 0.200000000000 0.059488605970
3.400000000000 0.200000000000 0.057981882165
3.600000000000 0.200000000000 0.056285051191
3.800000000000 0.200000000000 0.054504819839
4.000000000000 0.200000000000 0.052753065497
4.200000000000 0.200000000000 0.051139801806
4.400000000000 0.200000000000 0.049766279831
4.600000000000 0.200000000000 0.048718654844
4.800000000000 0.200000000000 0.048062609519

0.000000000000 0.400000000000 0.048492259070
0.200000000000 0.400000000000 0.048718654844
0.400000000000 0.400000000000 0.049383654914
0.600000000000 0.400000000000 0.050445579543
0.800000000000 0.400000000000 0.051837849517
1.000000000000 0.400000000000 0.053473133581
1.200000000000 0.400000000000 0.055248798634
1.400000000000 0.400000000000 0.057053329396
1.600000000000 0.400000000000 0.058773321399
1.800000000000 0.400000000000 0.060300611350
2.000000000000 0.400000000000 0.061539095657
2.200000000000 0.400000000000 0.062410803201
2.400000000000 0.400000000000 0.062860832294
2.600000000000 0.400000000000 0.062860832294
2.800000000000 0.400000000000 0.062410803201
3.000000000000 0.400000000000 0.061539095657
3.200000000000 0.400000000000 0.060300611350
3.400000000000 0.400000000000 0.058773321399
3.600000000000 0.400000000000 0.057053329396
3.800000000000 0.400000000000 0.055248798634
4.000000000000 0.400000000000 0.053473133581
4.200000000000 0.400000000000 0.051837849517
4.400000000000 0.400000000000 0.050445579543
4.600000000000 0.400000000000 0.049383654914
4.800000000000 0.400000000000 0.048718654844

0.000000000000 0.600000000000 0.049535015819
0.200000000000 0.600000000000 0.049766279831
0.400000000000 0.600000000000 0.050445579543
0.600000000000 0.600000000000 0.051530338971
0.800000000000 0.600000000000 0.052952547230
1.000000000000 0.600000000000 0.054622995164
1.200000000000 0.600000000000 0.056436842729
1.400000000000 0.600000000000 0.058280176707
1.600000000000 0.600000000000 0.060037154070
1.800000000000 0.600000000000 0.061597285665
2.000000000000 0.600000000000 0.062862401367
2.200000000000 0.600000000000 0.063752853425
2.400000000000 0.600000000000 0.064212559590
2.600000000000 0.600000000000 0.064212559590
2.800000000000 0.600000000000 0.063752853425
3.000000000000 0.600000000000 0.062862401367
3.200000000000 0.600000000000 0.061597285665
3.400000000000 0.600000000000 0.060037154070
3.600000000000 0.600000000000 0.058280176707
3.800000000000 0.600000000000 0.056436842729
4.000000000000 0.600000000000 0.054622995164
4.200000000000 0.600000000000 0.052952547230
4.400000000000 0.600000000000 0.051530338971
4.600000000000 0.600000000000 0.050445579543
4.800000000000 0.600000000000 0.049766279831

0.000000000000 0.800000000000 0.050902155135
0.200000000000 0.800000000000 0.051139801806
0.400000000000 0.800000000000 0.051837849517
0.600000000000 0.800000000000 0.052952547230
0.800000000000 0.800000000000 0.054414007027
1.000000000000 0.800000000000 0.056130557667
1.200000000000 0.800000000000 0.057994465624
1.400000000000 0.800000000000 0.059888673789
1.600000000000 0.800000000000 0.061694141980
1.800000000000 0.800000000000 0.063297331655
2.000000000000 0.800000000000 0.064597363290
2.200000000000 0.800000000000 0.065512390938
2.400000000000 0.800000000000 0.065984784535
2.600000000000 0.800000000000 0.065984784535
2.800000000000 0.800000000000 0.065512390938
3.000000000000 0.800000000000 0.064597363290
3.200000000000 0.800000000000 0.063297331655
3.400000000000 0.800000000000 0.061694141980
3.600000000000 0.800000000000 0.059888673789
3.800000000000 0.800000000000 0.057994465624
4.000000000000 0.800000000000 0.056130557667
4.200000000000 0.800000000000 0.054414007027
4.400000000000 0.800000000000 0.052952547230
4.600000000000 0.800000000000 0.051837849517
4.800000000000 0.800000000000 0.051139801806

0.000000000000 1.000000000000 0.052507922106
0.200000000000 1.000000000000 0.052753065497
0.400000000000 1.000000000000 0.053473133581
0.600000000000 1.000000000000 0.054622995164
0.800000000000 1.000000000000 0.056130557667
1.000000000000 1.000000000000 0.057901258020
1.200000000000 1.000000000000 0.059823964171
1.400000000000 1.000000000000 0.061777926367
1.600000000000 1.000000000000 0.063640349228
1.800000000000 1.000000000000 0.065294112564
2.000000000000 1.000000000000 0.066635154541
2.200000000000 1.000000000000 0.067579047330
2.400000000000 1.000000000000 0.068066342889
2.600000000000 1.000000000000 0.068066342889
2.800000000000 1.000000000000 0.067579047330
3.000000000000 1.000000000000 0.066635154541
3.200000000000 1.000000000000 0.065294112564
3.400000000000 1.000000000000 0.063640349228
3.600000000000 1.000000000000 0.061777926367
3.800000000000 1.000000000000 0.059823964171
4.000000000000 1.000000000000 0.057901258020
4.200000000000 1.000000000000 0.056130557667
4.400000000000 1.000000000000 0.054622995164
4.600000000000 1.000000000000 0.053473133581
4.800000000000 1.000000000000 0.052753065497

0.000000000000 1.200000000000 0.054251536172
0.200000000000 1.200000000000 0.054504819839
0.400000000000 1.200000000000 0.055248798634
0.600000000000 1.200000000000 0.056436842729
0.800000000000 1.200000000000 0.057994465624
1.000000000000 1.200000000000 0.059823964171
1.200000000000 1.200000000000 0.061810516045
1.400000000000 1.200000000000 0.063829361857
1.600000000000 1.200000000000 0.065753628660
1.800000000000 1.200000000000 0.067462307152
2.000000000000 1.200000000000 0.068847880004
2.200000000000 1.200000000000 0.069823115862
2.400000000000 1.200000000000 0.070326592643
2.600000000000 1.200000000000 0.070326592643
2.800000000000 1.200000000000 0.069823115862
3.000000000000 1.200000000000 0.068847880004
3.200000000000 1.200000000000 0.067462307152
3.400000000000 1.200000000000 0.065753628660
3.600000000000 1.200000000000 0.063829361857
3.800000000000 1.200000000000 0.061810516045
4.000000000000 1.200000000000 0.059823964171
4.200000000000 1.200000000000 0.057994465624
4.400000000000 1.200000000000 0.056436842729
4.600000000000 1.200000000000 0.055248798634
4.800000000000 1.200000000000 0.054504819839

0.000000000000 1.400000000000 0.056023494918
0.200000000000 1.400000000000 0.056285051191
0.400000000000 1.400000000000 0.057053329396
0.600000000000 1.400000000000 0.058280176707
0.800000000000 1.400000000000 0.059888673789
1.000000000000 1.400000000000 0.061777926367
1.200000000000 1.400000000000 0.063829361857
1.400000000000 1.400000000000 0.065914146048
1.600000000000 1.400000000000 0.067901262145
1.800000000000 1.400000000000 0.069665748507
2.000000000000 1.400000000000 0.071096576139
2.200000000000 1.400000000000 0.072103664586
2.400000000000 1.400000000000 0.072623585634
2.600000000000 1.400000000000 0.072623585634
2.800000000000 1.400000000000 0.072103664586
3.000000000000 1.400000000000 0.071096576139
3.200000000000 1.400000000000 0.069665748507
3.400000000000 1.400000000000 0.067901262145
3.600000000000 1.400000000000 0.065914146048
3.800000000000 1.400000000000 0.063829361857
4.000000000000 1.400000000000 0.061777926367
4.200000000000 1.400000000000 0.059888673789
4.400000000000 1.400000000000 0.058280176707
4.600000000000 1.400000000000 0.057053329396
4.800000000000 1.400000000000 0.056285051191

0.000000000000 1.600000000000 0.057712440842
0.200000000000 1.600000000000 0.057981882165
0.400000000000 1.600000000000 0.058773321399
0.600000000000 1.600000000000 0.060037154070
0.800000000000 1.600000000000 0.061694141980
1.000000000000 1.600000000000 0.063640349228
1.200000000000 1.600000000000 0.065753628660
1.400000000000 1.600000000000 0.067901262145
1.600000000000 1.600000000000 0.069948283165
1.800000000000 1.600000000000 0.071765962906
2.000000000000 1.600000000000 0.073239925218
2.200000000000 1.600000000000 0.074277374022
2.400000000000 1.600000000000 0.074812968954
2.600000000000 1.600000000000 0.074812968954
2.800000000000 1.600000000000 0.074277374022
3.000000000000 1.600000000000 0.073239925218
3.200000000000 1.600000000000 0.071765962906
3.400000000000 1.600000000000 0.069948283165
3.600000000000 1.600000000000 0.067901262145
3.800000000000 1.600000000000 0.065753628660
4.000000000000 1.600000000000 0.063640349228
4.200000000000 1.600000000000 0.061694141980
4.400000000000 1.600000000000 0.060037154070
4.600000000000 1.600000000000 0.058773321399
4.800000000000 1.600000000000 0.057981882165

0.000000000000 1.800000000000 0.059212163011
0.200000000000 1.800000000000 0.059488605970
0.400000000000 1.800000000000 0.060300611350
0.600000000000 1.800000000000 0.061597285665
0.800000000000 1.800000000000 0.063297331655
1.000000000000 1.800000000000 0.065294112564
1.200000000000 1.800000000000 0.067462307152
1.400000000000 1.800000000000 0.069665748507
1.600000000000 1.800000000000 0.071765962906
1.800000000000 1.800000000000 0.073630876420
2.000000000000 1.800000000000 0.075143140748
2.200000000000 1.800000000000 0.076207548436
2.400000000000 1.800000000000 0.076757061204
2.600000000000 1.800000000000 0.076757061204
2.800000000000 1.800000000000 0.076207548436
3.000000000000 1.800000000000 0.075143140748
3.200000000000 1.800000000000 0.073630876420
3.400000000000 1.800000000000 0.071765962906
3.600000000000 1.800000000000 0.069665748507
3.800000000000 1.800000000000 0.067462307152
4.000000000000 1.800000000000 0.065294112564
4.200000000000 1.800000000000 0.063297331655
4.400000000000 1.800000000000 0.061597285665
4.600000000000 1.800000000000 0.060300611350
4.800000000000 1.800000000000 0.059488605970

0.000000000000 2.000000000000 0.060428292516
0.200000000000 2.000000000000 0.060710413125
0.400000000000 2.000000000000 0.061539095657
0.600000000000 2.000000000000 0.062862401367
0.800000000000 2.000000000000 0.064597363290
1.000000000000 2.000000000000 0.066635154541
1.200000000000 2.000000000000 0.068847880004
1.400000000000 2.000000000000 0.071096576139
1.600000000000 2.000000000000 0.073239925218
1.800000000000 2.000000000000 0.075143140748
2.000000000000 2.000000000000 0.076686464302
2.200000000000 2.000000000000 0.077772733036
2.400000000000 2.000000000000 0.078333531821
2.600000000000 2.000000000000 0.078333531821
2.800000000000 2.000000000000 0.077772733036
3.000000000000 2.000000000000 0.076686464302
3.200000000000 2.000000000000 0.075143140748
3.400000000000 2.000000000000 0.073239925218
3.600000000000 2.000000000000 0.071096576139
3.800000000000 2.000000000000 0.068847880004
4.000000000000 2.000000000000 0.066635154541
4.200000000000 2.000000000000 0.064597363290
4.400000000000 2.000000000000 0.062862401367
4.600000000000 2.000000000000 0.061539095657
4.800000000000 2.000000000000 0.060710413125

0.000000000000 2.200000000000 0.061284265626
0.200000000000 2.200000000000 0.061570382449
0.400000000000 2.200000000000 0.062410803201
0.600000000000 2.200000000000 0.063752853425
0.800000000000 2.200000000000 0.065512390938
1.000000000000 2.200000000000 0.067579047330
1.200000000000 2.200000000000 0.069823115862
1.400000000000 2.200000000000 0.072103664586
1.600000000000 2.200000000000 0.074277374022
1.800000000000 2.200000000000 0.076207548436
2.000000000000 2.200000000000 0.077772733036
2.200000000000 2.200000000000 0.078874388672
2.400000000000 2.200000000000 0.079443131124
2.600000000000 2.200000000000 0.079443131124
2.800000000000 2.200000000000 0.078874388672
3.000000000000 2.200000000000 0.077772733036
3.200000000000 2.200000000000 0.076207548436
3.400000000000 2.200000000000 0.074277374022
3.600000000000 2.200000000000 0.072103664586
3.800000000000 2.200000000000 0.069823115862
4.000000000000 2.200000000000 0.067579047330
4.200000000000 2.200000000000 0.065512390938
4.400000000000 2.200000000000 0.063752853425
4.600000000000 2.200000000000 0.062410803201
4.800000000000 2.200000000000 0.061570382449

0.000000000000 2.400000000000 0.061726171636
0.200000000000 2.400000000000 0.062014351551
0.400000000000 2.400000000000 0.062860832294
0.600000000000 2.400000000000 0.064212559590
0.800000000000 2.400000000000 0.065984784535
1.000000000000 2.400000000000 0.068066342889
1.200000000000 2.400000000000 0.070326592643
1.400000000000 2.400000000000 0.072623585634
1.600000000000 2.400000000000 0.074812968954
1.800000000000 2.400000000000 0.076757061204
2.000000000000 2.400000000000 0.078333531821
2.200000000000 2.400000000000 0.079443131124
2.400000000000 2.400000000000 0.080015974586
2.600000000000 2.400000000000 0.080015974586
2.800000000000 2.400000000000 0.079443131124
3.000000000000 2.400000000000 0.078333531821
3.200000000000 2.400000000000 0.076757061204
3.400000000000 2.400000000000 0.074812968954
3.600000000000 2.400000000000 0.072623585634
3.800000000000 2.400000000000 0.070326592643
4.000000000000 2.400000000000 0.068066342889
4.200000000000 2.400000000000 0.065984784535
4.400000000000 2.400000000000 0.064212559590
4.600000000000 2.400000000000 0.062860832294
4.800000000000 2.400000000000 0.062014351551

0.000000000000 2.600000000000 0.061726171636
0.200000000000 2.600000000000 0.062014351551
0.400000000000 2.600000000000 0.062860832294
0.600000000000 2.600000000000 0.064212559590
0.800000000000 2.600000000000 0.065984784535
1.000000000000 2.600000000000 0.068066342889
1.200000000000 2.600000000000 0.070326592643
1.400000000000 2.600000000000 0.072623585634
1.600000000000 2.600000000000 0.074812968954
1.800000000000 2.600000000000 0.076757061204
2.000000000000 2.600000000000 0.078333531821
2.200000000000 2.600000000000 0.079443131124
2.400000000000 2.600000000000 0.080015974586
2.600000000000 2.600000000000 0.080015974586
2.800000000000 2.600000000000 0.079443131124
3.000000000000 2.600000000000 0.078333531821
3.200000000000 2.600000000000 0.076757061204
3.400000000000 2.600000000000 0.074812968954
3.600000000000 2.600000000000 0.072623585634
3.800000000000 2.600000000000 0.070326592643
4.000000000000 2.600000000000 0.068066342889
4.200000000000 2.600000000000 0.065984784535
4.400000000000 2.600000000000 0.064212559590
4.600000000000 2.600000000000 0.062860832294
4.800000000000 2.600000000000 0.062014351551

0.000000000000 2.800000000000 0.061284265626
0.200000000000 2.800000000000 0.061570382449
0.400000000000 2.800000000000 0.062410803201
0.600000000000 2.800000000000 0.063752853425
0.800000000000 2.800000000000 0.065512390938
1.000000000000 2.800000000000 0.067579047330
1.200000000000 2.800000000000 0.069823115862
1.400000000000 2.800000000000 0.072103664586
1.600000000000 2.800000000000 0.074277374022
1.800000000000 2.800000000000 0.076207548436
2.000000000000 2.800000000000 0.077772733036
2.200000000000 2.800000000000 0.078874388672
2.400000000000 2.800000000000 0.079443131124
2.600000000000 2.800000000000 0.079443131124
2.800000000000 2.800000000000 0.078874388672
3.000000000000 2.800000000000 0.077772733036
3.200000000000 2.800000000000 0.076207548436
3.400000000000 2.800000000000 0.074277374022
3.600000000000 2.800000000000 0.072103664586
3.800000000000 2.800000000000 0.069823115862
4.000000000000 2.800000000000 0.067579047330
4.200000000000 2.800000000000 0.065512390938
4.400000000000 2.800000000000 0.063752853425
4.600000000000 2.800000000000 0.062410803201
4.800000000000 2.800000000000 0.061570382449

0.000000000000 3.000000000000 0.060428292516
0.200000000000 3.000000000000 0.060710413125
0.400000000000 3.000000000000 0.061539095657
0.600000000000 3.000000000000 0.062862401367
0.800000000000 3.000000000000 0.064597363290
1.000000000000 3.000000000000 0.066635154541
1.200000000000 3.000000000000 0.068847880004
1.400000000000 3.000000000000 0.071096576139
1.600000000000 3.000000000000 0.073239925218
1.800000000000 3.000000000000 0.075143140748
2.000000000000 3.000000000000 0.076686464302
2.200000000000 3.000000000000 0.077772733036
2.400000000000 3.000000000000 0.078333531821
2.600000000000 3.000000000000 0.078333531821
2.800000000000 3.000000000000 0.077772733036
3.000000000000 3.000000000000 0.076686464302
3.200000000000 3.000000000000 0.075143140748
3.400000000000 3.000000000000 0.073239925218
3.600000000000 3.000000000000 0.071096576139
3.800000000000 3.000000000000 0.068847880004
4.000000000000 3.000000000000 0.066635154541
4.200000000000 3.000000000000 0.064597363290
4.400000000000 3.000000000000 0.062862401367
4.600000000000 3.000000000000 0.061539095657
4.800000000000 3.000000000000 0.060710413125

0.000000000000 3.200000000000 0.059212163011
0.200000000000 3.200000000000 0.059488605970
0.400000000000 3.200000000000 0.060300611350
0.600000000000 3.200000000000 0.061597285665
0.800000000000 3.200000000000 0.063297331655
1.000000000000 3.200000000000 0.065294112564
1.200000000000 3.200000000000 0.067462307152
1.400000000000 3.200000000000 0.069665748507
1.600000000000 3.200000000000 0.071765962906
1.800000000000 3.200000000000 0.073630876420
2.000000000000 3.200000000000 0.075143140748
2.200000000000 3.200000000000 0.076207548436
2.400000000000 3.200000000000 0.076757061204
2.600000000000 3.200000000000 0.076757061204
2.800000000000 3.200000000000 0.076207548436
3.000000000000 3.200000000000 0.075143140748
3.200000000000 3.200000000000 0.073630876420
3.400000000000 3.200000000000 0.071765962906
3.600000000000 3.200000000000 0.069665748507
3.800000000000 3.200000000000 0.067462307152
4.000000000000 3.200000000000 0.065294112564
4.200000000000 3.200000000000 0.063297331655
4.400000000000 3.200000000000 0.061597285665
4.600000000000 3.200000000000 0.060300611350
4.800000000000 3.200000000000 0.059488605970

0.000000000000 3.400000000000 0.057712440842
0.200000000000 3.400000000000 0.057981882165
0.400000000000 3.400000000000 0.058773321399
0.600000000000 3.400000000000 0.060037154070
0.800000000000 3.400000000000 0.061694141980
1.000000000000 3.400000000000 0.063640349228
1.200000000000 3.400000000000 0.065753628660
1.400000000000 3.400000000000 0.067901262145
1.600000000000 3.400000000000 0.069948283165
1.800000000000 3.400000000000 0.071765962906
2.000000000000 3.400000000000 0.073239925218
2.200000000000 3.400000000000 0.074277374022
2.400000000000 3.400000000000 0.074812968954
2.600000000000 3.400000000000 0.074812968954
2.800000000000 3.400000000000 0.074277374022
3.000000000000 3.400000000000 0.073239925218
3.200000000000 3.400000000000 0.071765962906
3.400000000000 3.400000000000 0.069948283165
3.600000000000 3.400000000000 0.067901262145
3.800000000000 3.400000000000 0.065753628660
4.000000000000 3.400000000000 0.063640349228
4.200000000000 3.400000000000 0.061694141980
4.400000000000 3.400000000000 0.060037154070
4.600000000000 3.400000000000 0.058773321399
4.800000000000 3.400000000000 0.057981882165

0.000000000000 3.600000000000 0.056023494918
0.200000000000 3.600000000000 0.056285051191
0.400000000000 3.600000000000 0.057053329396
0.600000000000 3.600000000000 0.058280176707
0.800000000000 3.600000000000 0.059888673789
1.000000000000 3.600000000000 0.061777926367
1.200000000000 3.600000000000 0.063829361857
1.400000000000 3.600000000000 0.065914146048
1.600000000000 3.600000000000 0.067901262145
1.800000000000 3.600000000000 0.069665748507
2.000000000000 3.600000000000 0.071096576139
2.200000000000 3.600000000000 0.072103664586
2.400000000000 3.600000000000 0.072623585634
2.600000000000 3.600000000000 0.072623585634
2.800000000000 3.600000000000 0.072103664586
3.000000000000 3.600000000000 0.071096576139
3.200000000000 3.600000000000 0.069665748507
3.400000000000 3.600000000000 0.067901262145
3.600000000000 3.600000000000 0.065914146048
3.800000000000 3.600000000000 0.063829361857
4.000000000000 3.600000000000 0.061777926367
4.200000000000 3.600000000000 0.059888673789
4.400000000000 3.600000000000 0.058280176707
4.600000000000 3.600000000000 0.057053329396
4.800000000000 3.600000000000 0.056285051191

0.000000000000 3.800000000000 0.054251536172
0.200000000000 3.800000000000 0.054504819839
0.400000000000 3.800000000000 0.055248798634
0.600000000000 3.800000000000 0.056436842729
0.800000000000 3.800000000000 0.057994465624
1.000000000000 3.800000000000 0.059823964171
1.200000000000 3.800000000000 0.061810516045
1.400000000000 3.800000000000 0.063829361857
1.600000000000 3.800000000000 0.065753628660
1.800000000000 3.800000000000 0.067462307152
2.000000000000 3.800000000000 0.068847880004
2.200000000000 3.800000000000 0.069823115862
2.400000000000 3.800000000000 0.070326592643
2.600000000000 3.800000000000 0.070326592643
2.800000000000 3.800000000000 0.069823115862
3.000000000000 3.800000000000 0.068847880004
3.200000000000 3.800000000000 0.067462307152
3.400000000000 3.800000000000 0.065753628660
3.600000000000 3.800000000000 0.063829361857
3.800000000000 3.800000000000 0.061810516045
4.000000000000 3.800000000000 0.059823964171
4.200000000000 3.800000000000 0.057994465624
4.400000000000 3.800000000000 0.056436842729
4.600000000000 3.800000000000 0.055248798634
4.800000000000 3.800000000000 0.054504819839

0.000000000000 4.000000000000 0.052507922106
0.200000000000 4.000000000000 0.052753065497
0.400000000000 4.000000000000 0.053473133581
0.600000000000 4.000000000000 0.054622995164
0.800000000000 4.000000000000 0.056130557667
1.000000000000 4.000000000000 0.057901258020
1.200000000000 4.000000000000 0.059823964171
1.400000000000 4.000000000000 0.061777926367
1.600000000000 4.000000000000 0.063640349228
1.800000000000 4.000000000000 0.065294112564
2.000000000000 4.000000000000 0.066635154541
2.200000000000 4.000000000000 0.067579047330
2.400000000000 4.000000000000 0.068066342889
2.600000000000 4.000000000000 0.068066342889
2.800000000000 4.000000000000 0.067579047330
3.000000000000 4.000000000000 0.066635154541
3.200000000000 4.000000000000 0.065294112564
3.400000000000 4.000000000000 0.063640349228
3.600000000000 4.000000000000 0.061777926367
3.800000000000 4.000000000000 0.059823964171
4.000000000000 4.000000000000 0.057901258020
4.200000000000 4.000000000000 0.056130557667
4.400000000000 4.000000000000 0.054622995164
4.600000000000 4.000000000000 0.053473133581
4.800000000000 4.000000000000 0.052753065497

0.000000000000 4.200000000000 0.050902155135
0.200000000000 4.200000000000 0.051139801806
0.400000000000 4.200000000000 0.051837849517
0.600000000000 4.200000000000 0.052952547230
0.800000000000 4.200000000000 0.054414007027
1.000000000000 4.200000000000 0.056130557667
1.200000000000 4.200000000000 0.057994465624
1.400000000000 4.200000000000 0.059888673789
1.600000000000 4.200000000000 0.061694141980
1.800000000000 4.200000000000 0.063297331655
2.000000000000 4.200000000000 0.064597363290
2.200000000000 4.200000000000 0.065512390938
2.400000000000 4.200000000000 0.065984784535
2.600000000000 4.200000000000 0.065984784535
2.800000000000 4.200000000000 0.065512390938
3.000000000000 4.200000000000 0.064597363290
3.200000000000 4.200000000000 0.063297331655
3.400000000000 4.200000000000 0.061694141980
3.600000000000 4.200000000000 0.059888673789
3.800000000000 4.200000000000 0.057994465624
4.000000000000 4.200000000000 0.056130557667
4.200000000000 4.200000000000 0.054414007027
4.400000000000 4.200000000000 0.052952547230
4.600000000000 4.200000000000 0.051837849517
4.800000000000 4.200000000000 0.051139801806

0.000000000000 4.400000000000 0.049535015819
0.200000000000 4.400000000000 0.049766279831
0.400000000000 4.400000000000 0.050445579543
0.600000000000 4.400000000000 0.051530338971
0.800000000000 4.400000000000 0.052952547230
1.000000000000 4.400000000000 0.054622995164
1.200000000000 4.400000000000 0.056436842729
1.400000000000 4.400000000000 0.058280176707
1.600000000000 4.400000000000 0.060037154070
1.800000000000 4.400000000000 0.061597285665
2.000000000000 4.400000000000 0.062862401367
2.200000000000 4.400000000000 0.063752853425
2.400000000000 4.400000000000 0.064212559590
2.600000000000 4.400000000000 0.064212559590
2.800000000000 4.400000000000 0.063752853425
3.000000000000 4.400000000000 0.062862401367
3.200000000000 4.400000000000 0.061597285665
3.400000000000 4.400000000000 0.060037154070
3.600000000000 4.400000000000 0.058280176707
3.800000000000 4.400000000000 0.056436842729
4.000000000000 4.400000000000 0.054622995164
4.200000000000 4.400000000000 0.052952547230
4.400000000000 4.400000000000 0.051530338971
4.600000000000 4.400000000000 0.050445579543
4.800000000000 4.400000000000 0.049766279831

0.000000000000 4.600000000000 0.048492259070
0.200000000000 4.600000000000 0.048718654844
0.400000000000 4.600000000000 0.049383654914
0.600000000000 4.600000000000 0.050445579543
0.800000000000 4.600000000000 0.051837849517
1.000000000000 4.600000000000 0.053473133581
1.200000000000 4.600000000000 0.055248798634
1.400000000000 4.600000000000 0.057053329396
1.600000000000 4.600000000000 0.058773321399
1.800000000000 4.600000000000 0.060300611350
2.000000000000 4.600000000000 0.061539095657
2.200000000000 4.600000000000 0.062410803201
2.400000000000 4.600000000000 0.062860832294
2.600000000000 4.600000000000 0.062860832294
2.800000000000 4.600000000000 0.062410803201
3.000000000000 4.600000000000 0.061539095657
3.200000000000 4.600000000000 0.060300611350
3.400000000000 4.600000000000 0.058773321399
3.600000000000 4.600000000000 0.057053329396
3.800000000000 4.600000000000 0.055248798634
4.000000000000 4.600000000000 0.053473133581
4.200000000000 4.600000000000 0.051837849517
4.400000000000 4.600000000000 0.050445579543
4.600000000000 4.600000000000 0.049383654914
4.800000000000 4.600000000000 0.048718654844

0.000000000000 4.800000000000 0.047839262340
0.200000000000 4.800000000000 0.048062609519
0.400000000000 4.800000000000 0.048718654844
0.600000000000 4.800000000000 0.049766279831
0.800000000000 4.800000000000 0.051139801806
1.000000000000 4.800000000000 0.052753065497
1.200000000000 4.800000000000 0.054504819839
1.400000000000 4.800000000000 0.056285051191
1.600000000000 4.800000000000 0.057981882165
1.800000000000 4.800000000000 0.059488605970
2.000000000000 4.800000000000 0.060710413125
2.200000000000 4.800000000000 0.061570382449
2.400000000000 4.800000000000 0.062014351551
2.600000000000 4.800000000000 0.062014351551
2.800000000000 4.800000000000 0.061570382449
3.000000000000 4.800000000000 0.060710413125
3.200000000000 4.800000000000 0.059488605970
3.400000000000 4.800000000000 0.057981882165
3.600000000000 4.800000000000 0.056285051191
3.800000000000 4.800000000000 0.054504819839
4.000000000000 4.800000000000 0.052753065497
4.200000000000 4.800000000000 0.051139801806
4.400000000000 4.800000000000 0.049766279831
4.600000000000 4.800000000000 0.048718654844
4.800000000000 4.800000000000 0.048062609519

