# x y u
0.000000000000 0.000000000000 0.000113195404
0.200000000000 0.000000000000 0.000337872107
0.400000000000 0.000000000000 0.000892231295
0.600000000000 0.000000000000 0.002066462368
0.800000000000 0.000000000000 0.004091167993
1.000000000000 0.000000000000 0.006817250129
1.200000000000 0.000000000000 0.009536984732
1.400000000000 0.000000000000 0.011248108368
1.600000000000 0.000000000000 0.011251933797
1.800000000000 0.000000000000 0.009597205058
2.000000000000 0.000000000000 0.007003283410
2.200000000000 0.000000000000 0.004375917771
2.400000000000 0.000000000000 0.002335975288
2.600000000000 0.000000000000 0.001058660990
2.800000000000 0.000000000000 0.000402322429
3.000000000000 0.000000000000 0.000125428053
3.200000000000 0.000000000000 0.000030801497
3.400000000000 0.000000000000 0.000005367208
3.600000000000 0.000000000000 0.000000490715
3.800000000000 0.000000000000 0.000000021707
4.000000000000 0.000000000000 -0.000000046228
4.200000000000 0.000000000000 0.000000397961
4.400000000000 0.000000000000 0.000002382490
4.600000000000 0.000000000000 0.000008596431
4.800000000000 0.000000000000 0.000032754221

0.000000000000 0.200000000000 0.000337872107
0.200000000000 0.200000000000 0.001005273985
0.400000000000 0.200000000000 0.002646421022
0.600000000000 0.200000000000 0.006107501962
0.800000000000 0.200000000000 0.012047890052
1.000000000000 0.200000000000 0.020009871528
1.200000000000 0.200000000000 0.027914017202
1.400000000000 0.200000000000 0.032844904935
1.600000000000 0.200000000000 0.032792117874
1.800000000000 0.200000000000 0.027924910357
2.000000000000 0.200000000000 0.020350928950
2.200000000000 0.200000000000 0.012702962031
2.400000000000 0.200000000000 0.006775945777
2.600000000000 0.200000000000 0.003069308087
2.800000000000 0.200000000000 0.001166202343
3.000000000000 0.200000000000 0.000363655961
3.200000000000 0.200000000000 0.000089378993
3.400000000000 0.200000000000 0.000015611561
3.600000000000 0.200000000000 0.000001444169
3.800000000000 0.200000000000 0.000000062327
4.000000000000 0.200000000000 -0.000000123890
4.200000000000 0.200000000000 0.000001224696
4.400000000000 0.200000000000 0.000007135478
4.600000000000 0.200000000000 0.000025824626
4.800000000000 0.200000000000 0.000098193488

0.000000000000 0.400000000000 0.000892231295
0.200000000000 0.400000000000 0.002646421022
0.400000000000 0.400000000000 0.006945604682
0.600000000000 0.400000000000 0.015972895003
0.800000000000 0.400000000000 0.031394851016
1.000000000000 0.400000000000 0.051969887249
1.200000000000 0.400000000000 0.072291676905
1.400000000000 0.400000000000 0.084857629911
1.600000000000 0.400000000000 0.084552300583
1.800000000000 0.400000000000 0.071884062391
2.000000000000 0.400000000000 0.052316926691
2.200000000000 0.400000000000 0.032621186424
2.400000000000 0.400000000000 0.017386651613
2.600000000000 0.400000000000 0.007871471868
2.800000000000 0.400000000000 0.002990165385
3.000000000000 0.400000000000 0.000932610798
3.200000000000 0.400000000000 0.000229406846
3.400000000000 0.400000000000 0.000040164847
3.600000000000 0.400000000000 0.000003758904
3.800000000000 0.400000000000 0.000000157814
4.000000000000 0.400000000000 -0.000000290793
4.200000000000 0.400000000000 0.000003328374
4.400000000000 0.400000000000 0.000018902088
4.600000000000 0.400000000000 0.000068617465
4.800000000000 0.400000000000 0.000260395672

0.000000000000 0.600000000000 0.002066462368
0.200000000000 0.600000000000 0.006107501962
0.400000000000 0.600000000000 0.015972895003
0.600000000000 0.600000000000 0.036585539937
0.800000000000 0.600000000000 0.071617933809
1.000000000000 0.600000000000 0.118121524093
1.200000000000 0.600000000000 0.163802922989
1.400000000000 0.600000000000 0.191785862644
1.600000000000 0.600000000000 0.190700260127
1.800000000000 0.600000000000 0.161859247264
2.000000000000 0.600000000000 0.117647532436
2.200000000000 0.600000000000 0.073285670375
2.400000000000 0.600000000000 0.039034880817
2.600000000000 0.600000000000 0.017666736957
2.800000000000 0.600000000000 0.006711672390
3.000000000000 0.600000000000 0.002094612088
3.200000000000 0.600000000000 0.000515978987
3.400000000000 0.600000000000 0.000090652654
3.600000000000 0.600000000000 0.000008606551
3.800000000000 0.600000000000 0.000000350607
4.000000000000 0.600000000000 -0.000000572311
4.200000000000 0.600000000000 0.000007945728
4.400000000000 0.600000000000 0.000043953630
4.600000000000 0.600000000000 0.000160106208
4.800000000000 0.600000000000 0.000606002496

0.000000000000 0.800000000000 0.004091167993
0.200000000000 0.800000000000 0.012047890052
0.400000000000 0.800000000000 0.031394851016
0.600000000000 0.800000000000 0.071617933809
0.800000000000 0.800000000000 0.139637311077
1.000000000000 0.800000000000 0.229504168106
1.200000000000 0.800000000000 0.317347141157
1.400000000000 0.800000000000 0.370712298617
1.600000000000 0.800000000000 0.367961781026
1.800000000000 0.800000000000 0.311898411426
2.000000000000 0.800000000000 0.226492664075
2.200000000000 0.800000000000 0.141008746178
2.400000000000 0.800000000000 0.075092303341
2.600000000000 0.800000000000 0.033992909455
2.800000000000 0.800000000000 0.012923015845
3.000000000000 0.800000000000 0.004038608275
3.200000000000 0.800000000000 0.000997287892
3.400000000000 0.800000000000 0.000176122196
3.600000000000 0.800000000000 0.000017020863
3.800000000000 0.800000000000 0.000000677896
4.000000000000 0.800000000000 -0.000000918675
4.200000000000 0.800000000000 0.000016180566
4.400000000000 0.800000000000 0.000087418689
4.600000000000 0.800000000000 0.000319524613
4.800000000000 0.800000000000 0.001205667226

0.000000000000 1.000000000000 0.006817250129
0.200000000000 1.000000000000 0.020009871528
0.400000000000 1.000000000000 0.051969887249
0.600000000000 1.000000000000 0.118121524093
0.800000000000 1.000000000000 0.229504168106
1.000000000000 1.000000000000 0.376089233938
1.200000000000 1.000000000000 0.518819356477
1.400000000000 1.000000000000 0.604994196707
1.600000000000 1.000000000000 0.599747313076
1.800000000000 1.000000000000 0.507949620400
2.000000000000 1.000000000000 0.368701944263
2.200000000000 1.000000000000 0.229533251572
2.400000000000 1.000000000000 0.122276398685
2.600000000000 1.000000000000 0.055395373409
2.800000000000 1.000000000000 0.021087537308
3.000000000000 1.000000000000 0.006604031353
3.200000000000 1.000000000000 0.001636307243
3.400000000000 1.000000000000 0.000290897155
3.600000000000 1.000000000000 0.000028683259
3.800000000000 1.000000000000 0.000001132008
4.000000000000 1.000000000000 -0.000001191061
4.200000000000 1.000000000000 0.000027606305
4.400000000000 1.000000000000 0.000146336666
4.600000000000 1.000000000000 0.000536523464
4.800000000000 1.000000000000 0.002018067752

0.000000000000 1.200000000000 0.009536984732
0.200000000000 1.200000000000 0.027914017202
0.400000000000 1.200000000000 0.072291676905
0.600000000000 1.200000000000 0.163802922989
0.800000000000 1.200000000000 0.317347141157
1.000000000000 1.200000000000 0.518819356477
1.200000000000 1.200000000000 0.714462912356
1.400000000000 1.200000000000 0.832124514174
1.600000000000 1.200000000000 0.824296574756
1.800000000000 1.200000000000 0.697900569700
2.000000000000 1.200000000000 0.506606815432
2.200000000000 1.200000000000 0.315518950738
2.400000000000 1.200000000000 0.168220001964
2.600000000000 1.200000000000 0.076306400731
2.800000000000 1.200000000000 0.029101771431
3.000000000000 1.200000000000 0.009138473666
3.200000000000 1.200000000000 0.002273557433
3.400000000000 1.200000000000 0.000407295501
3.600000000000 1.200000000000 0.000041021300
3.800000000000 1.200000000000 0.000001626322
4.000000000000 1.200000000000 -0.000001240212
4.200000000000 1.200000000000 0.000039351914
4.400000000000 1.200000000000 0.000205585624
4.600000000000 1.200000000000 0.000755744405
4.800000000000 1.200000000000 0.002834107642

0.000000000000 1.400000000000 0.011248108368
0.200000000000 1.400000000000 0.032844904935
0.400000000000 1.400000000000 0.084857629911
0.600000000000 1.400000000000 0.191785862644
0.800000000000 1.400000000000 0.370712298617
1.000000000000 1.400000000000 0.604994196707
1.200000000000 1.400000000000 0.832124514174
1.400000000000 1.400000000000 0.968473920650
1.600000000000 1.400000000000 0.959097581138
1.800000000000 1.400000000000 0.812119206573
2.000000000000 1.400000000000 0.589793920306
2.200000000000 1.400000000000 0.367632547533
2.400000000000 1.400000000000 0.196243159117
2.600000000000 1.400000000000 0.089167367681
2.800000000000 1.400000000000 0.034084254324
3.000000000000 1.400000000000 0.010736864280
3.200000000000 1.400000000000 0.002683599054
3.400000000000 1.400000000000 0.000484796051
3.600000000000 1.400000000000 0.000049895382
3.800000000000 1.400000000000 0.000002009825
4.000000000000 1.400000000000 -0.000001021720
4.200000000000 1.400000000000 0.000047095820
4.400000000000 1.400000000000 0.000243390118
4.600000000000 1.400000000000 0.000896731495
4.800000000000 1.400000000000 0.003353532791

0.000000000000 1.600000000000 0.011251933797
0.200000000000 1.600000000000 0.032792117874
0.400000000000 1.600000000000 0.084552300583
0.600000000000 1.600000000000 0.190700260127
0.800000000000 1.600000000000 0.367961781026
1.000000000000 1.600000000000 0.599747313076
1.200000000000 1.600000000000 0.824296574756
1.400000000000 1.600000000000 0.959097581138
1.600000000000 1.600000000000 0.949931136315
1.800000000000 1.600000000000 0.804747746667
2.000000000000 1.600000000000 0.584923419026
2.200000000000 1.600000000000 0.365024911159
2.400000000000 1.600000000000 0.195155089725
2.600000000000 1.600000000000 0.088852352941
2.800000000000 1.600000000000 0.034053436709
3.000000000000 1.600000000000 0.010765134388
3.200000000000 1.600000000000 0.002704308156
3.400000000000 1.600000000000 0.000492915180
3.600000000000 1.600000000000 0.000051850540
3.800000000000 1.600000000000 0.000002140611
4.000000000000 1.600000000000 -0.000000635597
4.200000000000 1.600000000000 0.000047644092
4.400000000000 1.600000000000 0.000244284902
4.600000000000 1.600000000000 0.000901776949
4.800000000000 1.600000000000 0.003363891486

0.000000000000 1.800000000000 0.009597205058
0.200000000000 1.800000000000 0.027924910357
0.400000000000 1.800000000000 0.071884062391
0.600000000000 1.800000000000 0.161859247264
0.800000000000 1.800000000000 0.311898411426
1.000000000000 1.800000000000 0.507949620400
1.200000000000 1.800000000000 0.697900569700
1.400000000000 1.800000000000 0.812119206573
1.600000000000 1.800000000000 0.804747746667
1.800000000000 1.800000000000 0.682316002000
2.000000000000 1.800000000000 0.496506352418
2.200000000000 1.800000000000 0.310309977188
2.400000000000 1.800000000000 0.166213554644
2.600000000000 1.800000000000 0.075852781410
2.800000000000 1.800000000000 0.029157593861
3.000000000000 1.800000000000 0.009253363019
3.200000000000 1.800000000000 0.002337270666
3.400000000000 1.800000000000 0.000430047606
3.600000000000 1.800000000000 0.000046244350
3.800000000000 1.800000000000 0.000001969746
4.000000000000 1.800000000000 -0.000000251482
4.200000000000 1.800000000000 0.000040983552
4.400000000000 1.800000000000 0.000208967820
4.600000000000 1.800000000000 0.000772725038
4.800000000000 1.800000000000 0.002875820394

0.000000000000 2.000000000000 0.007003283410
0.200000000000 2.000000000000 0.020350928950
0.400000000000 2.000000000000 0.052316926691
0.600000000000 2.000000000000 0.117647532436
0.800000000000 2.000000000000 0.226492664075
1.000000000000 2.000000000000 0.368701944263
1.200000000000 2.000000000000 0.506606815432
1.400000000000 2.000000000000 0.589793920306
1.600000000000 2.000000000000 0.584923419026
1.800000000000 2.000000000000 0.496506352418
2.000000000000 2.000000000000 0.361827782064
2.200000000000 2.000000000000 0.226545993318
2.400000000000 2.000000000000 0.121612242017
2.600000000000 2.000000000000 0.055646658513
2.800000000000 2.000000000000 0.021461294906
3.000000000000 2.000000000000 0.006839984968
3.200000000000 2.000000000000 0.001737898278
3.400000000000 2.000000000000 0.000322966852
3.600000000000 2.000000000000 0.000035515160
3.800000000000 2.000000000000 0.000001568920
4.000000000000 2.000000000000 0.000000005323
4.200000000000 2.000000000000 0.000030091389
4.400000000000 2.000000000000 0.000152874956
4.600000000000 2.000000000000 0.000566180485
4.800000000000 2.000000000000 0.002102621295

0.000000000000 2.200000000000 0.004375917771
0.200000000000 2.200000000000 0.012702962031
0.400000000000 2.200000000000 0.032621186424
0.600000000000 2.200000000000 0.073285670375
0.800000000000 2.200000000000 0.141008746178
1.000000000000 2.200000000000 0.229533251572
1.200000000000 2.200000000000 0.315518950738
1.400000000000 2.200000000000 0.367632547533
1.600000000000 2.200000000000 0.365024911159
1.800000000000 2.200000000000 0.310309977188
2.000000000000 2.200000000000 0.226545993318
2.200000000000 2.200000000000 0.142147969326
2.400000000000 2.200000000000 0.076499969715
2.600000000000 2.200000000000 0.035110411708
2.800000000000 2.200000000000 0.013591174852
3.000000000000 2.200000000000 0.004352047574
3.200000000000 2.200000000000 0.001112863258
3.400000000000 2.200000000000 0.000209018655
3.600000000000 2.200000000000 0.000023519495
3.800000000000 2.200000000000 0.000001082359
4.000000000000 2.200000000000 0.000000109532
4.200000000000 2.200000000000 0.000018879399
4.400000000000 2.200000000000 0.000095730249
4.600000000000 2.200000000000 0.000355056023
4.800000000000 2.200000000000 0.001315928752

0.000000000000 2.400000000000 0.002335975288
0.200000000000 2.400000000000 0.006775945777
0.400000000000 2.400000000000 0.017386651613
0.600000000000 2.400000000000 0.039034880817
0.800000000000 2.400000000000 0.075092303341
1.000000000000 2.400000000000 0.122276398685
1.200000000000 2.400000000000 0.168220001964
1.400000000000 2.400000000000 0.196243159117
1.600000000000 2.400000000000 0.195155089725
1.800000000000 2.400000000000 0.166213554644
2.000000000000 2.400000000000 0.121612242017
2.200000000000 2.400000000000 0.076499969715
2.400000000000 2.400000000000 0.041291226189
2.600000000000 2.400000000000 0.019016563431
2.800000000000 2.400000000000 0.007391979324
3.000000000000 2.400000000000 0.002379382411
3.200000000000 2.400000000000 0.000612725634
3.400000000000 2.400000000000 0.000116408531
3.600000000000 2.400000000000 0.000013417091
3.800000000000 2.400000000000 0.000000645892
4.000000000000 2.400000000000 0.000000110085
4.200000000000 2.400000000000 0.000010099582
4.400000000000 2.400000000000 0.000051196619
4.600000000000 2.400000000000 0.000190151353
4.800000000000 2.400000000000 0.000703411628

0.000000000000 2.600000000000 0.001058660990
0.200000000000 2.600000000000 0.003069308087
0.400000000000 2.600000000000 0.007871471868
0.600000000000 2.600000000000 0.017666736957
0.800000000000 2.600000000000 0.033992909455
1.000000000000 2.600000000000 0.055395373409
1.200000000000 2.600000000000 0.076306400731
1.400000000000 2.600000000000 0.089167367681
1.600000000000 2.600000000000 0.088852352941
1.800000000000 2.600000000000 0.075852781410
2.000000000000 2.600000000000 0.055646658513
2.200000000000 2.600000000000 0.035110411708
2.400000000000 2.600000000000 0.019016563431
2.600000000000 2.600000000000 0.008793171482
2.800000000000 2.600000000000 0.003434359532
3.000000000000 2.600000000000 0.001112031973
3.200000000000 2.600000000000 0.000288627288
3.400000000000 2.600000000000 0.000055530034
3.600000000000 2.600000000000 0.000006566271
3.800000000000 2.600000000000 0.000000332116
4.000000000000 2.600000000000 0.000000071465
4.200000000000 2.600000000000 0.000004577180
4.400000000000 2.600000000000 0.000023236019
4.600000000000 2.600000000000 0.000086425079
4.800000000000 2.600000000000 0.000319120436

0.000000000000 2.800000000000 0.000402322429
0.200000000000 2.800000000000 0.001166202343
0.400000000000 2.800000000000 0.002990165385
0.600000000000 2.800000000000 0.006711672390
0.800000000000 2.800000000000 0.012923015845
1.000000000000 2.800000000000 0.021087537308
1.200000000000 2.800000000000 0.029101771431
1.400000000000 2.800000000000 0.034084254324
1.600000000000 2.800000000000 0.034053436709
1.800000000000 2.800000000000 0.029157593861
2.000000000000 2.800000000000 0.021461294906
2.200000000000 2.800000000000 0.013591174852
2.400000000000 2.800000000000 0.007391979324
2.600000000000 2.800000000000 0.003434359532
2.800000000000 2.800000000000 0.001348918459
3.000000000000 2.800000000000 0.000439792906
3.200000000000 2.800000000000 0.000115186654
3.400000000000 2.800000000000 0.000022478909
3.600000000000 2.800000000000 0.000002733657
3.800000000000 2.800000000000 0.000000146051
4.000000000000 2.800000000000 0.000000034836
4.200000000000 2.800000000000 0.000001735124
4.400000000000 2.800000000000 0.000008839349
4.600000000000 2.800000000000 0.000032927998
4.800000000000 2.800000000000 0.000121366190

0.000000000000 3.000000000000 0.000125428053
0.200000000000 3.000000000000 0.000363655961
0.400000000000 3.000000000000 0.000932610798
0.600000000000 3.000000000000 0.002094612088
0.800000000000 3.000000000000 0.004038608275
1.000000000000 3.000000000000 0.006604031353
1.200000000000 3.000000000000 0.009138473666
1.400000000000 3.000000000000 0.010736864280
1.600000000000 3.000000000000 0.010765134388
1.800000000000 3.000000000000 0.009253363019
2.000000000000 3.000000000000 0.006839984968
2.200000000000 3.000000000000 0.004352047574
2.400000000000 3.000000000000 0.002379382411
2.600000000000 3.000000000000 0.001112031973
2.800000000000 3.000000000000 0.000439792906
3.000000000000 3.000000000000 0.000144589277
3.200000000000 3.000000000000 0.000038282268
3.400000000000 3.000000000000 0.000007596683
3.600000000000 3.000000000000 0.000000953740
3.800000000000 3.000000000000 0.000000054215
4.000000000000 3.000000000000 0.000000013138
4.200000000000 3.000000000000 0.000000537713
4.400000000000 3.000000000000 0.000002756870
4.600000000000 3.000000000000 0.000010288131
4.800000000000 3.000000000000 0.000037851229

0.000000000000 3.200000000000 0.000030801497
0.200000000000 3.200000000000 0.000089378993
0.400000000000 3.200000000000 0.000229406846
0.600000000000 3.200000000000 0.000515978987
0.800000000000 3.200000000000 0.000997287892
1.000000000000 3.200000000000 0.001636307243
1.200000000000 3.200000000000 0.002273557433
1.400000000000 3.200000000000 0.002683599054
1.600000000000 3.200000000000 0.002704308156
1.800000000000 3.200000000000 0.002337270666
2.000000000000 3.200000000000 0.001737898278
2.200000000000 3.200000000000 0.001112863258
2.400000000000 3.200000000000 0.000612725634
2.600000000000 3.200000000000 0.000288627288
2.800000000000 3.200000000000 0.000115186654
3.000000000000 3.200000000000 0.000038282268
3.200000000000 3.200000000000 0.000010277362
3.400000000000 3.200000000000 0.000002082448
3.600000000000 3.200000000000 0.000000271685
3.800000000000 3.200000000000 0.000000016614
4.000000000000 3.200000000000 0.000000003798
4.200000000000 3.200000000000 0.000000130525
4.400000000000 3.200000000000 0.000000676646
4.600000000000 3.200000000000 0.000002531088
4.800000000000 3.200000000000 0.000009293855

0.000000000000 3.400000000000 0.000005367208
0.200000000000 3.400000000000 0.000015611561
0.400000000000 3.400000000000 0.000040164847
0.600000000000 3.400000000000 0.000090652654
0.800000000000 3.400000000000 0.000176122196
1.000000000000 3.400000000000 0.000290897155
1.200000000000 3.400000000000 0.000407295501
1.400000000000 3.400000000000 0.000484796051
1.600000000000 3.400000000000 0.000492915180
1.800000000000 3.400000000000 0.000430047606
2.000000000000 3.400000000000 0.000322966852
2.200000000000 3.400000000000 0.000209018655
2.400000000000 3.400000000000 0.000116408531
2.600000000000 3.400000000000 0.000055530034
2.800000000000 3.400000000000 0.000022478909
3.000000000000 3.400000000000 0.000007596683
3.200000000000 3.400000000000 0.000002082448
3.400000000000 3.400000000000 0.000000434970
3.600000000000 3.400000000000 0.000000059843
3.800000000000 3.400000000000 0.000000004030
4.000000000000 3.400000000000 0.000000000780
4.200000000000 3.400000000000 0.000000022153
4.400000000000 3.400000000000 0.000000117587
4.600000000000 3.400000000000 0.000000441607
4.800000000000 3.400000000000 0.000001617311

0.000000000000 3.600000000000 0.000000490715
0.200000000000 3.600000000000 0.000001444169
0.400000000000 3.600000000000 0.000003758904
0.600000000000 3.600000000000 0.000008606551
0.800000000000 3.600000000000 0.000017020863
1.000000000000 3.600000000000 0.000028683259
1.200000000000 3.600000000000 0.000041021300
1.400000000000 3.600000000000 0.000049895382
1.600000000000 3.600000000000 0.000051850540
1.800000000000 3.600000000000 0.000046244350
2.000000000000 3.600000000000 0.000035515160
2.200000000000 3.600000000000 0.000023519495
2.400000000000 3.600000000000 0.000013417091
2.600000000000 3.600000000000 0.000006566271
2.800000000000 3.600000000000 0.000002733657
3.000000000000 3.600000000000 0.000000953740
3.200000000000 3.600000000000 0.000000271685
3.400000000000 3.600000000000 0.000000059843
3.600000000000 3.600000000000 0.000000008979
3.800000000000 3.600000000000 0.000000000702
4.000000000000 3.600000000000 0.000000000066
4.200000000000 3.600000000000 0.000000001818
4.400000000000 3.600000000000 0.000000010543
4.600000000000 3.600000000000 0.000000039991
4.800000000000 3.600000000000 0.000000146346

0.000000000000 3.800000000000 0.000000021707
0.200000000000 3.800000000000 0.000000062327
0.400000000000 3.800000000000 0.000000157814
0.600000000000 3.800000000000 0.000000350607
0.800000000000 3.800000000000 0.000000677896
1.000000000000 3.800000000000 0.000001132008
1.200000000000 3.800000000000 0.000001626322
1.400000000000 3.800000000000 0.000002009825
1.600000000000 3.800000000000 0.000002140611
1.800000000000 3.800000000000 0.000001969746
2.000000000000 3.800000000000 0.000001568920
2.200000000000 3.800000000000 0.000001082359
2.400000000000 3.800000000000 0.000000645892
2.600000000000 3.800000000000 0.000000332116
2.800000000000 3.800000000000 0.000000146051
3.000000000000 3.800000000000 0.000000054215
3.200000000000 3.800000000000 0.000000016614
3.400000000000 3.800000000000 0.000000004030
3.600000000000 3.800000000000 0.000000000702
3.800000000000 3.800000000000 0.000000000067
4.000000000000 3.800000000000 0.000000000017
4.200000000000 3.800000000000 0.000000000092
4.400000000000 3.800000000000 0.000000000474
4.600000000000 3.800000000000 0.000000001897
4.800000000000 3.800000000000 0.000000006728

0.000000000000 4.000000000000 -0.000000046228
0.200000000000 4.000000000000 -0.000000123890
0.400000000000 4.000000000000 -0.000000290793
0.600000000000 4.000000000000 -0.000000572311
0.800000000000 4.000000000000 -0.000000918675
1.000000000000 4.000000000000 -0.000001191061
1.200000000000 4.000000000000 -0.000001240212
1.400000000000 4.000000000000 -0.000001021720
1.600000000000 4.000000000000 -0.000000635597
1.800000000000 4.000000000000 -0.000000251482
2.000000000000 4.000000000000 0.000000005323
2.200000000000 4.000000000000 0.000000109532
2.400000000000 4.000000000000 0.000000110085
2.600000000000 4.000000000000 0.000000071465
2.800000000000 4.000000000000 0.000000034836
3.000000000000 4.000000000000 0.000000013138
3.200000000000 4.000000000000 0.000000003798
3.400000000000 4.000000000000 0.000000000780
3.600000000000 4.000000000000 0.000000000066
3.800000000000 4.000000000000 0.000000000017
4.000000000000 4.000000000000 -0.000000000038
4.200000000000 4.000000000000 -0.000000000336
4.400000000000 4.000000000000 -0.000000001044
4.600000000000 4.000000000000 -0.000000004132
4.800000000000 4.000000000000 -0.000000015198

0.000000000000 4.200000000000 0.000000397961
0.200000000000 4.200000000000 0.000001224696
0.400000000000 4.200000000000 0.000003328374
0.600000000000 4.200000000000 0.000007945728
0.800000000000 4.200000000000 0.000016180566
1.000000000000 4.200000000000 0.000027606305
1.200000000000 4.200000000000 0.000039351914
1.400000000000 4.200000000000 0.000047095820
1.600000000000 4.200000000000 0.000047644092
1.800000000000 4.200000000000 0.000040983552
2.000000000000 4.200000000000 0.000030091389
2.200000000000 4.200000000000 0.000018879399
2.400000000000 4.200000000000 0.000010099582
2.600000000000 4.200000000000 0.000004577180
2.800000000000 4.200000000000 0.000001735124
3.000000000000 4.200000000000 0.000000537713
3.200000000000 4.200000000000 0.000000130525
3.400000000000 4.200000000000 0.000000022153
3.600000000000 4.200000000000 0.000000001818
3.800000000000 4.200000000000 0.000000000092
4.000000000000 4.200000000000 -0.000000000336
4.200000000000 4.200000000000 0.000000001017
4.400000000000 4.200000000000 0.000000008018
4.600000000000 4.200000000000 0.000000028100
4.800000000000 4.200000000000 0.000000110229

0.000000000000 4.400000000000 0.000002382490
0.200000000000 4.400000000000 0.000007135478
0.400000000000 4.400000000000 0.000018902088
0.600000000000 4.400000000000 0.000043953630
0.800000000000 4.400000000000 0.000087418689
1.000000000000 4.400000000000 0.000146336666
1.200000000000 4.400000000000 0.000205585624
1.400000000000 4.400000000000 0.000243390118
1.600000000000 4.400000000000 0.000244284902
1.800000000000 4.400000000000 0.000208967820
2.000000000000 4.400000000000 0.000152874956
2.200000000000 4.400000000000 0.000095730249
2.400000000000 4.400000000000 0.000051196619
2.600000000000 4.400000000000 0.000023236019
2.800000000000 4.400000000000 0.000008839349
3.000000000000 4.400000000000 0.000002756870
3.200000000000 4.400000000000 0.000000676646
3.400000000000 4.400000000000 0.000000117587
3.600000000000 4.400000000000 0.000000010543
3.800000000000 4.400000000000 0.000000000474
4.000000000000 4.400000000000 -0.000000001044
4.200000000000 4.400000000000 0.000000008018
4.400000000000 4.400000000000 0.000000050086
4.600000000000 4.400000000000 0.000000180145
4.800000000000 4.400000000000 0.000000686338

0.000000000000 4.600000000000 0.000008596431
0.200000000000 4.600000000000 0.000025824626
0.400000000000 4.600000000000 0.000068617465
0.600000000000 4.600000000000 0.000160106208
0.800000000000 4.600000000000 0.000319524613
1.000000000000 4.600000000000 0.000536523464
1.200000000000 4.600000000000 0.000755744405
1.400000000000 4.600000000000 0.000896731495
1.600000000000 4.600000000000 0.000901776949
1.800000000000 4.600000000000 0.000772725038
2.000000000000 4.600000000000 0.000566180485
2.200000000000 4.600000000000 0.000355056023
2.400000000000 4.600000000000 0.000190151353
2.600000000000 4.600000000000 0.000086425079
2.800000000000 4.600000000000 0.000032927998
3.000000000000 4.600000000000 0.000010288131
3.200000000000 4.600000000000 0.000002531088
3.400000000000 4.600000000000 0.000000441607
3.600000000000 4.600000000000 0.000000039991
3.800000000000 4.600000000000 0.000000001897
4.000000000000 4.600000000000 -0.000000004132
4.200000000000 4.600000000000 0.000000028100
4.400000000000 4.600000000000 0.000000180145
4.600000000000 4.600000000000 0.000000645919
4.800000000000 4.600000000000 0.000002466186

0.000000000000 4.800000000000 0.000032754221
0.200000000000 4.800000000000 0.000098193488
0.400000000000 4.800000000000 0.000260395672
0.600000000000 4.800000000000 0.000606002496
0.800000000000 4.800000000000 0.001205667226
1.000000000000 4.800000000000 0.002018067752
1.200000000000 4.800000000000 0.002834107642
1.400000000000 4.800000000000 0.003353532791
1.600000000000 4.800000000000 0.003363891486
1.800000000000 4.800000000000 0.002875820394
2.000000000000 4.800000000000 0.002102621295
2.200000000000 4.800000000000 0.001315928752
2.400000000000 4.800000000000 0.000703411628
2.600000000000 4.800000000000 0.000319120436
2.800000000000 4.800000000000 0.000121366190
3.000000000000 4.800000000000 0.000037851229
3.200000000000 4.800000000000 0.000009293855
3.400000000000 4.800000000000 0.000001617311
3.600000000000 4.800000000000 0.000000146346
3.800000000000 4.800000000000 0.000000006728
4.000000000000 4.800000000000 -0.000000015198
4.200000000000 4.800000000000 0.000000110229
4.400000000000 4.800000000000 0.000000686338
4.600000000000 4.800000000000 0.000002466186
4.800000000000 4.800000000000 0.000009421746

