# x y u
0.000000000000 0.000000000000 0.042478965348
0.200000000000 0.000000000000 0.042766969754
0.400000000000 0.000000000000 0.043613014728
0.600000000000 0.000000000000 0.044964292847
0.800000000000 0.000000000000 0.046736388347
1.000000000000 0.000000000000 0.048818460055
1.200000000000 0.000000000000 0.051080080741
1.400000000000 0.000000000000 0.053379334134
1.600000000000 0.000000000000 0.055571685118
1.800000000000 0.000000000000 0.057519077374
2.000000000000 0.000000000000 0.059098682888
2.200000000000 0.000000000000 0.060210735018
2.400000000000 0.000000000000 0.060784924408
2.600000000000 0.000000000000 0.060784924408
2.800000000000 0.000000000000 0.060210735018
3.000000000000 0.000000000000 0.059098682888
3.200000000000 0.000000000000 0.057519077374
3.400000000000 0.000000000000 0.055571685118
3.600000000000 0.000000000000 0.053379334134
3.800000000000 0.000000000000 0.051080080741
4.000000000000 0.000000000000 0.048818460055
4.200000000000 0.000000000000 0.046736388347
4.400000000000 0.000000000000 0.044964292847
4.600000000000 0.000000000000 0.043613014728
4.800000000000 0.000000000000 0.042766969754

0.000000000000 0.200000000000 0.042766969754
0.200000000000 0.200000000000 0.043056926779
0.400000000000 0.200000000000 0.043908707786
0.600000000000 0.200000000000 0.045269147330
0.800000000000 0.200000000000 0.047053257321
1.000000000000 0.200000000000 0.049149445101
1.200000000000 0.200000000000 0.051426399169
1.400000000000 0.200000000000 0.053741241086
1.600000000000 0.200000000000 0.055948455813
1.800000000000 0.200000000000 0.057909051035
2.000000000000 0.200000000000 0.059499365988
2.200000000000 0.200000000000 0.060618957629
2.400000000000 0.200000000000 0.061197039918
2.600000000000 0.200000000000 0.061197039918
2.800000000000 0.200000000000 0.060618957629
3.000000000000 0.200000000000 0.059499365988
3.200000000000 0.200000000000 0.057909051035
3.400000000000 0.200000000000 0.055948455813
3.600000000000 0.200000000000 0.053741241086
3.800000000000 0.200000000000 0.051426399169
4.000000000000 0.200000000000 0.049149445101
4.200000000000 0.200000000000 0.047053257321
4.400000000000 0.200000000000 0.045269147330
4.600000000000 0.200000000000 0.043908707786
4.800000000000 0.200000000000 0.043056926779

0.000000000000 0.400000000000 0.043613014728
0.200000000000 0.400000000000 0.043908707786
0.400000000000 0.400000000000 0.044777339032
0.600000000000 0.400000000000 0.046164691278
0.800000000000 0.400000000000 0.047984095171
1.000000000000 0.400000000000 0.050121750484
1.200000000000 0.400000000000 0.052443748065
1.400000000000 0.400000000000 0.054804383002
1.600000000000 0.400000000000 0.057055261627
1.800000000000 0.400000000000 0.059054642032
2.000000000000 0.400000000000 0.060676417150
2.200000000000 0.400000000000 0.061818156943
2.400000000000 0.400000000000 0.062407675057
2.600000000000 0.400000000000 0.062407675057
2.800000000000 0.400000000000 0.061818156943
3.000000000000 0.400000000000 0.060676417150
3.200000000000 0.400000000000 0.059054642032
3.400000000000 0.400000000000 0.057055261627
3.600000000000 0.400000000000 0.054804383002
3.800000000000 0.400000000000 0.052443748065
4.000000000000 0.400000000000 0.050121750484
4.200000000000 0.400000000000 0.047984095171
4.400000000000 0.400000000000 0.046164691278
4.600000000000 0.400000000000 0.044777339032
4.800000000000 0.400000000000 0.043908707786

0.000000000000 0.600000000000 0.044964292847
0.200000000000 0.600000000000 0.045269147330
0.400000000000 0.600000000000 0.046164691278
0.600000000000 0.600000000000 0.047595027699
0.800000000000 0.600000000000 0.049470801970
1.000000000000 0.600000000000 0.051674688004
1.200000000000 0.600000000000 0.054068627755
1.400000000000 0.600000000000 0.056502401953
1.600000000000 0.600000000000 0.058823019268
1.800000000000 0.600000000000 0.060884346220
2.000000000000 0.600000000000 0.062556368588
2.200000000000 0.600000000000 0.063733482755
2.400000000000 0.600000000000 0.064341265831
2.600000000000 0.600000000000 0.064341265831
2.800000000000 0.600000000000 0.063733482755
3.000000000000 0.600000000000 0.062556368588
3.200000000000 0.600000000000 0.060884346220
3.400000000000 0.600000000000 0.058823019268
3.600000000000 0.600000000000 0.056502401953
3.800000000000 0.600000000000 0.054068627755
4.000000000000 0.600000000000 0.051674688004
4.200000000000 0.600000000000 0.049470801970
4.400000000000 0.600000000000 0.047595027699
4.600000000000 0.600000000000 0.046164691278
4.800000000000 0.600000000000 0.045269147330

0.000000000000 0.800000000000 0.046736388347
0.200000000000 0.800000000000 0.047053257321
0.400000000000 0.800000000000 0.047984095171
0.600000000000 0.800000000000 0.049470801970
0.800000000000 0.800000000000 0.051420501576
1.000000000000 0.800000000000 0.053711244012
1.200000000000 0.800000000000 0.056199530284
1.400000000000 0.800000000000 0.058729220895
1.600000000000 0.800000000000 0.061141295038
1.800000000000 0.800000000000 0.063283860036
2.000000000000 0.800000000000 0.065021777734
2.200000000000 0.800000000000 0.066245282622
2.400000000000 0.800000000000 0.066877018766
2.600000000000 0.800000000000 0.066877018766
2.800000000000 0.800000000000 0.066245282622
3.000000000000 0.800000000000 0.065021777734
3.200000000000 0.800000000000 0.063283860036
3.400000000000 0.800000000000 0.061141295038
3.600000000000 0.800000000000 0.058729220895
3.800000000000 0.800000000000 0.056199530284
4.000000000000 0.800000000000 0.053711244012
4.200000000000 0.800000000000 0.051420501576
4.400000000000 0.800000000000 0.049470801970
4.600000000000 0.800000000000 0.047984095171
4.800000000000 0.800000000000 0.047053257321

0.000000000000 1.000000000000 0.048818460055
0.200000000000 1.000000000000 0.049149445101
0.400000000000 1.000000000000 0.050121750484
0.600000000000 1.000000000000 0.051674688004
0.800000000000 1.000000000000 0.053711244012
1.000000000000 1.000000000000 0.056104035828
1.200000000000 1.000000000000 0.058703171774
1.400000000000 1.000000000000 0.061345556556
1.600000000000 1.000000000000 0.063865085216
1.800000000000 1.000000000000 0.066103098468
2.000000000000 1.000000000000 0.067918437950
2.200000000000 1.000000000000 0.069196448255
2.400000000000 1.000000000000 0.069856327351
2.600000000000 1.000000000000 0.069856327351
2.800000000000 1.000000000000 0.069196448255
3.000000000000 1.000000000000 0.067918437950
3.200000000000 1.000000000000 0.066103098468
3.400000000000 1.000000000000 0.063865085216
3.600000000000 1.000000000000 0.061345556556
3.800000000000 1.000000000000 0.058703171774
4.000000000000 1.000000000000 0.056104035828
4.200000000000 1.000000000000 0.053711244012
4.400000000000 1.000000000000 0.051674688004
4.600000000000 1.000000000000 0.050121750484
4.800000000000 1.000000000000 0.049149445101

0.000000000000 1.200000000000 0.051080080741
0.200000000000 1.200000000000 0.051426399169
0.400000000000 1.200000000000 0.052443748065
0.600000000000 1.200000000000 0.054068627755
0.800000000000 1.200000000000 0.056199530284
1.000000000000 1.200000000000 0.058703171774
1.200000000000 1.200000000000 0.061422716588
1.400000000000 1.200000000000 0.064187513797
1.600000000000 1.200000000000 0.066823763383
1.800000000000 1.200000000000 0.069165455934
2.000000000000 1.200000000000 0.071064893717
2.200000000000 1.200000000000 0.072402109748
2.400000000000 1.200000000000 0.073092558723
2.600000000000 1.200000000000 0.073092558723
2.800000000000 1.200000000000 0.072402109748
3.000000000000 1.200000000000 0.071064893717
3.200000000000 1.200000000000 0.069165455934
3.400000000000 1.200000000000 0.066823763383
3.600000000000 1.200000000000 0.064187513797
3.800000000000 1.200000000000 0.061422716588
4.000000000000 1.200000000000 0.058703171774
4.200000000000 1.200000000000 0.056199530284
4.400000000000 1.200000000000 0.054068627755
4.600000000000 1.200000000000 0.052443748065
4.800000000000 1.200000000000 0.051426399169

0.000000000000 1.400000000000 0.053379334134
0.200000000000 1.400000000000 0.053741241086
0.400000000000 1.400000000000 0.054804383002
0.600000000000 1.400000000000 0.056502401953
0.800000000000 1.400000000000 0.058729220895
1.000000000000 1.400000000000 0.061345556556
1.200000000000 1.400000000000 0.064187513797
1.400000000000 1.400000000000 0.067076760332
1.600000000000 1.400000000000 0.069831673036
1.800000000000 1.400000000000 0.072278770070
2.000000000000 1.400000000000 0.074263705520
2.200000000000 1.400000000000 0.075661112439
2.400000000000 1.400000000000 0.076382639964
2.600000000000 1.400000000000 0.076382639964
2.800000000000 1.400000000000 0.075661112439
3.000000000000 1.400000000000 0.074263705520
3.200000000000 1.400000000000 0.072278770070
3.400000000000 1.400000000000 0.069831673036
3.600000000000 1.400000000000 0.067076760332
3.800000000000 1.400000000000 0.064187513797
4.000000000000 1.400000000000 0.061345556556
4.200000000000 1.400000000000 0.058729220895
4.400000000000 1.400000000000 0.056502401953
4.600000000000 1.400000000000 0.054804383002
4.800000000000 1.400000000000 0.053741241086

0.000000000000 1.600000000000 0.055571685118
0.200000000000 1.600000000000 0.055948455813
0.400000000000 1.600000000000 0.057055261627
0.600000000000 1.600000000000 0.058823019268
0.800000000000 1.600000000000 0.061141295038
1.000000000000 1.600000000000 0.063865085216
1.200000000000 1.600000000000 0.066823763383
1.400000000000 1.600000000000 0.069831673036
1.600000000000 1.600000000000 0.072699731680
1.800000000000 1.600000000000 0.075247332472
2.000000000000 1.600000000000 0.077313790419
2.200000000000 1.600000000000 0.078768589681
2.400000000000 1.600000000000 0.079519750776
2.600000000000 1.600000000000 0.079519750776
2.800000000000 1.600000000000 0.078768589681
3.000000000000 1.600000000000 0.077313790419
3.200000000000 1.600000000000 0.075247332472
3.400000000000 1.600000000000 0.072699731680
3.600000000000 1.600000000000 0.069831673036
3.800000000000 1.600000000000 0.066823763383
4.000000000000 1.600000000000 0.063865085216
4.200000000000 1.600000000000 0.061141295038
4.400000000000 1.600000000000 0.058823019268
4.600000000000 1.600000000000 0.057055261627
4.800000000000 1.600000000000 0.055948455813

0.000000000000 1.800000000000 0.057519077374
0.200000000000 1.800000000000 0.057909051035
0.400000000000 1.800000000000 0.059054642032
0.600000000000 1.800000000000 0.060884346220
0.800000000000 1.800000000000 0.063283860036
1.000000000000 1.800000000000 0.066103098468
1.200000000000 1.800000000000 0.069165455934
1.400000000000 1.800000000000 0.072278770070
1.600000000000 1.800000000000 0.075247332472
1.800000000000 1.800000000000 0.077884207393
2.000000000000 1.800000000000 0.080023079051
2.200000000000 1.800000000000 0.081528858014
2.400000000000 1.800000000000 0.082306341618
2.600000000000 1.800000000000 0.082306341618
2.800000000000 1.800000000000 0.081528858014
3.000000000000 1.800000000000 0.080023079051
3.200000000000 1.800000000000 0.077884207393
3.400000000000 1.800000000000 0.075247332472
3.600000000000 1.800000000000 0.072278770070
3.800000000000 1.800000000000 0.069165455934
4.000000000000 1.800000000000 0.066103098468
4.200000000000 1.800000000000 0.063283860036
4.400000000000 1.800000000000 0.060884346220
4.600000000000 1.800000000000 0.059054642032
4.800000000000 1.800000000000 0.057909051035

0.000000000000 2.000000000000 0.059098682888
0.200000000000 2.000000000000 0.059499365988
0.400000000000 2.000000000000 0.060676417150
0.600000000000 2.000000000000 0.062556368588
0.800000000000 2.000000000000 0.065021777734
1.000000000000 2.000000000000 0.067918437950
1.200000000000 2.000000000000 0.071064893717
1.400000000000 2.000000000000 0.074263705520
1.600000000000 2.000000000000 0.077313790419
1.800000000000 2.000000000000 0.080023079051
2.000000000000 2.000000000000 0.082220688278
2.200000000000 2.000000000000 0.083767818855
2.400000000000 2.000000000000 0.084566653668
2.600000000000 2.000000000000 0.084566653668
2.800000000000 2.000000000000 0.083767818855
3.000000000000 2.000000000000 0.082220688278
3.200000000000 2.000000000000 0.080023079051
3.400000000000 2.000000000000 0.077313790419
3.600000000000 2.000000000000 0.074263705520
3.800000000000 2.000000000000 0.071064893717
4.000000000000 2.000000000000 0.067918437950
4.200000000000 2.000000000000 0.065021777734
4.400000000000 2.000000000000 0.062556368588
4.600000000000 2.000000000000 0.060676417150
4.800000000000 2.000000000000 0.059499365988

0.000000000000 2.200000000000 0.060210735018
0.200000000000 2.200000000000 0.060618957629
0.400000000000 2.200000000000 0.061818156943
0.600000000000 2.200000000000 0.063733482755
0.800000000000 2.200000000000 0.066245282622
1.000000000000 2.200000000000 0.069196448255
1.200000000000 2.200000000000 0.072402109748
1.400000000000 2.200000000000 0.075661112439
1.600000000000 2.200000000000 0.078768589681
1.800000000000 2.200000000000 0.081528858014
2.000000000000 2.200000000000 0.083767818855
2.200000000000 2.200000000000 0.085344061225
2.400000000000 2.200000000000 0.086157927421
2.600000000000 2.200000000000 0.086157927421
2.800000000000 2.200000000000 0.085344061225
3.000000000000 2.200000000000 0.083767818855
3.200000000000 2.200000000000 0.081528858014
3.400000000000 2.200000000000 0.078768589681
3.600000000000 2.200000000000 0.075661112439
3.800000000000 2.200000000000 0.072402109748
4.000000000000 2.200000000000 0.069196448255
4.200000000000 2.200000000000 0.066245282622
4.400000000000 2.200000000000 0.063733482755
4.600000000000 2.200000000000 0.061818156943
4.800000000000 2.200000000000 0.060618957629

0.000000000000 2.400000000000 0.060784924408
0.200000000000 2.400000000000 0.061197039918
0.400000000000 2.400000000000 0.062407675057
0.600000000000 2.400000000000 0.064341265831
0.800000000000 2.400000000000 0.066877018766
1.000000000000 2.400000000000 0.069856327351
1.200000000000 2.400000000000 0.073092558723
1.400000000000 2.400000000000 0.076382639964
1.600000000000 2.400000000000 0.079519750776
1.800000000000 2.400000000000 0.082306341618
2.000000000000 2.400000000000 0.084566653668
2.200000000000 2.400000000000 0.086157927421
2.400000000000 2.400000000000 0.086979554818
2.600000000000 2.400000000000 0.086979554818
2.800000000000 2.400000000000 0.086157927421
3.000000000000 2.400000000000 0.084566653668
3.200000000000 2.400000000000 0.082306341618
3.400000000000 2.400000000000 0.079519750776
3.600000000000 2.400000000000 0.076382639964
3.800000000000 2.400000000000 0.073092558723
4.000000000000 2.400000000000 0.069856327351
4.200000000000 2.400000000000 0.066877018766
4.400000000000 2.400000000000 0.064341265831
4.600000000000 2.400000000000 0.062407675057
4.800000000000 2.400000000000 0.061197039918

0.000000000000 2.600000000000 0.060784924408
0.200000000000 2.600000000000 0.061197039918
0.400000000000 2.600000000000 0.062407675057
0.600000000000 2.600000000000 0.064341265831
0.800000000000 2.600000000000 0.066877018766
1.000000000000 2.600000000000 0.069856327351
1.200000000000 2.600000000000 0.073092558723
1.400000000000 2.600000000000 0.076382639964
1.600000000000 2.600000000000 0.079519750776
1.800000000000 2.600000000000 0.082306341618
2.000000000000 2.600000000000 0.084566653668
2.200000000000 2.600000000000 0.086157927421
2.400000000000 2.600000000000 0.086979554818
2.600000000000 2.600000000000 0.086979554818
2.800000000000 2.600000000000 0.086157927421
3.000000000000 2.600000000000 0.084566653668
3.200000000000 2.600000000000 0.082306341618
3.400000000000 2.600000000000 0.079519750776
3.600000000000 2.600000000000 0.076382639964
3.800000000000 2.600000000000 0.073092558723
4.000000000000 2.600000000000 0.069856327351
4.200000000000 2.600000000000 0.066877018766
4.400000000000 2.600000000000 0.064341265831
4.600000000000 2.600000000000 0.062407675057
4.800000000000 2.600000000000 0.061197039918

0.000000000000 2.800000000000 0.060210735018
0.200000000000 2.800000000000 0.060618957629
0.400000000000 2.800000000000 0.061818156943
0.600000000000 2.800000000000 0.063733482755
0.800000000000 2.800000000000 0.066245282622
1.000000000000 2.800000000000 0.069196448255
1.200000000000 2.800000000000 0.072402109748
1.400000000000 2.800000000000 0.075661112439
1.600000000000 2.800000000000 0.078768589681
1.800000000000 2.800000000000 0.081528858014
2.000000000000 2.800000000000 0.083767818855
2.200000000000 2.800000000000 0.085344061225
2.400000000000 2.800000000000 0.086157927421
2.600000000000 2.800000000000 0.086157927421
2.800000000000 2.800000000000 0.085344061225
3.000000000000 2.800000000000 0.083767818855
3.200000000000 2.800000000000 0.081528858014
3.400000000000 2.800000000000 0.078768589681
3.600000000000 2.800000000000 0.075661112439
3.800000000000 2.800000000000 0.072402109748
4.000000000000 2.800000000000 0.069196448255
4.200000000000 2.800000000000 0.066245282622
4.400000000000 2.800000000000 0.063733482755
4.600000000000 2.800000000000 0.061818156943
4.800000000000 2.800000000000 0.060618957629

0.000000000000 3.000000000000 0.059098682888
0.200000000000 3.000000000000 0.059499365988
0.400000000000 3.000000000000 0.060676417150
0.600000000000 3.000000000000 0.062556368588
0.800000000000 3.000000000000 0.065021777734
1.000000000000 3.000000000000 0.067918437950
1.200000000000 3.000000000000 0.071064893717
1.400000000000 3.000000000000 0.074263705520
1.600000000000 3.000000000000 0.077313790419
1.800000000000 3.000000000000 0.080023079051
2.000000000000 3.000000000000 0.082220688278
2.200000000000 3.000000000000 0.083767818855
2.400000000000 3.000000000000 0.084566653668
2.600000000000 3.000000000000 0.084566653668
2.800000000000 3.000000000000 0.083767818855
3.000000000000 3.000000000000 0.082220688278
3.200000000000 3.000000000000 0.080023079051
3.400000000000 3.000000000000 0.077313790419
3.600000000000 3.000000000000 0.074263705520
3.800000000000 3.000000000000 0.071064893717
4.000000000000 3.000000000000 0.067918437950
4.200000000000 3.000000000000 0.065021777734
4.400000000000 3.000000000000 0.062556368588
4.600000000000 3.000000000000 0.060676417150
4.800000000000 3.000000000000 0.059499365988

0.000000000000 3.200000000000 0.057519077374
0.200000000000 3.200000000000 0.057909051035
0.400000000000 3.200000000000 0.059054642032
0.600000000000 3.200000000000 0.060884346220
0.800000000000 3.200000000000 0.063283860036
1.000000000000 3.200000000000 0.066103098468
1.200000000000 3.200000000000 0.069165455934
1.400000000000 3.200000000000 0.072278770070
1.600000000000 3.200000000000 0.075247332472
1.800000000000 3.200000000000 0.077884207393
2.000000000000 3.200000000000 0.080023079051
2.200000000000 3.200000000000 0.081528858014
2.400000000000 3.200000000000 0.082306341618
2.600000000000 3.200000000000 0.082306341618
2.800000000000 3.200000000000 0.081528858014
3.000000000000 3.200000000000 0.080023079051
3.200000000000 3.200000000000 0.077884207393
3.400000000000 3.200000000000 0.075247332472
3.600000000000 3.200000000000 0.072278770070
3.800000000000 3.200000000000 0.069165455934
4.000000000000 3.200000000000 0.066103098468
4.200000000000 3.200000000000 0.063283860036
4.400000000000 3.200000000000 0.060884346220
4.600000000000 3.200000000000 0.059054642032
4.800000000000 3.200000000000 0.057909051035

0.000000000000 3.400000000000 0.055571685118
0.200000000000 3.400000000000 0.055948455813
0.400000000000 3.400000000000 0.057055261627
0.600000000000 3.400000000000 0.058823019268
0.800000000000 3.400000000000 0.061141295038
1.000000000000 3.400000000000 0.063865085216
1.200000000000 3.400000000000 0.066823763383
1.400000000000 3.400000000000 0.069831673036
1.600000000000 3.400000000000 0.072699731680
1.800000000000 3.400000000000 0.075247332472
2.000000000000 3.400000000000 0.077313790419
2.200000000000 3.400000000000 0.078768589681
2.400000000000 3.400000000000 0.079519750776
2.600000000000 3.400000000000 0.079519750776
2.800000000000 3.400000000000 0.078768589681
3.000000000000 3.400000000000 0.077313790419
3.200000000000 3.400000000000 0.075247332472
3.400000000000 3.400000000000 0.072699731680
3.600000000000 3.400000000000 0.069831673036
3.800000000000 3.400000000000 0.066823763383
4.000000000000 3.400000000000 0.063865085216
4.200000000000 3.400000000000 0.061141295038
4.400000000000 3.400000000000 0.058823019268
4.600000000000 3.400000000000 0.057055261627
4.800000000000 3.400000000000 0.055948455813

0.000000000000 3.600000000000 0.053379334134
0.200000000000 3.600000000000 0.053741241086
0.400000000000 3.600000000000 0.054804383002
0.600000000000 3.600000000000 0.056502401953
0.800000000000 3.600000000000 0.058729220895
1.000000000000 3.600000000000 0.061345556556
1.200000000000 3.600000000000 0.064187513797
1.400000000000 3.600000000000 0.067076760332
1.600000000000 3.600000000000 0.069831673036
1.800000000000 3.600000000000 0.072278770070
2.000000000000 3.600000000000 0.074263705520
2.200000000000 3.600000000000 0.075661112439
2.400000000000 3.600000000000 0.076382639964
2.600000000000 3.600000000000 0.076382639964
2.800000000000 3.600000000000 0.075661112439
3.000000000000 3.600000000000 0.074263705520
3.200000000000 3.600000000000 0.072278770070
3.400000000000 3.600000000000 0.069831673036
3.600000000000 3.600000000000 0.067076760332
3.800000000000 3.600000000000 0.064187513797
4.000000000000 3.600000000000 0.061345556556
4.200000000000 3.600000000000 0.058729220895
4.400000000000 3.600000000000 0.056502401953
4.600000000000 3.600000000000 0.054804383002
4.800000000000 3.600000000000 0.053741241086

0.000000000000 3.800000000000 0.051080080741
0.200000000000 3.800000000000 0.051426399169
0.400000000000 3.800000000000 0.052443748065
0.600000000000 3.800000000000 0.054068627755
0.800000000000 3.800000000000 0.056199530284
1.000000000000 3.800000000000 0.058703171774
1.200000000000 3.800000000000 0.061422716588
1.400000000000 3.800000000000 0.064187513797
1.600000000000 3.800000000000 0.066823763383
1.800000000000 3.800000000000 0.069165455934
2.000000000000 3.800000000000 0.071064893717
2.200000000000 3.800000000000 0.072402109748
2.400000000000 3.800000000000 0.073092558723
2.600000000000 3.800000000000 0.073092558723
2.800000000000 3.800000000000 0.072402109748
3.000000000000 3.800000000000 0.071064893717
3.200000000000 3.800000000000 0.069165455934
3.400000000000 3.800000000000 0.066823763383
3.600000000000 3.800000000000 0.064187513797
3.800000000000 3.800000000000 0.061422716588
4.000000000000 3.800000000000 0.058703171774
4.200000000000 3.800000000000 0.056199530284
4.400000000000 3.800000000000 0.054068627755
4.600000000000 3.800000000000 0.052443748065
4.800000000000 3.800000000000 0.051426399169

0.000000000000 4.000000000000 0.048818460055
0.200000000000 4.000000000000 0.049149445101
0.400000000000 4.000000000000 0.050121750484
0.600000000000 4.000000000000 0.051674688004
0.800000000000 4.000000000000 0.053711244012
1.000000000000 4.000000000000 0.056104035828
1.200000000000 4.000000000000 0.058703171774
1.400000000000 4.000000000000 0.061345556556
1.600000000000 4.000000000000 0.063865085216
1.800000000000 4.000000000000 0.066103098468
2.000000000000 4.000000000000 0.067918437950
2.200000000000 4.000000000000 0.069196448255
2.400000000000 4.000000000000 0.069856327351
2.600000000000 4.000000000000 0.069856327351
2.800000000000 4.000000000000 0.069196448255
3.000000000000 4.000000000000 0.067918437950
3.200000000000 4.000000000000 0.066103098468
3.400000000000 4.000000000000 0.063865085216
3.600000000000 4.000000000000 0.061345556556
3.800000000000 4.000000000000 0.058703171774
4.000000000000 4.000000000000 0.056104035828
4.200000000000 4.000000000000 0.053711244012
4.400000000000 4.000000000000 0.051674688004
4.600000000000 4.000000000000 0.050121750484
4.800000000000 4.000000000000 0.049149445101

0.000000000000 4.200000000000 0.046736388347
0.200000000000 4.200000000000 0.047053257321
0.400000000000 4.200000000000 0.047984095171
0.600000000000 4.200000000000 0.049470801970
0.800000000000 4.200000000000 0.051420501576
1.000000000000 4.200000000000 0.053711244012
1.200000000000 4.200000000000 0.056199530284
1.400000000000 4.200000000000 0.058729220895
1.600000000000 4.200000000000 0.061141295038
1.800000000000 4.200000000000 0.063283860036
2.000000000000 4.200000000000 0.065021777734
2.200000000000 4.200000000000 0.066245282622
2.400000000000 4.200000000000 0.066877018766
2.600000000000 4.200000000000 0.066877018766
2.800000000000 4.200000000000 0.066245282622
3.000000000000 4.200000000000 0.065021777734
3.200000000000 4.200000000000 0.063283860036
3.400000000000 4.200000000000 0.061141295038
3.600000000000 4.200000000000 0.058729220895
3.800000000000 4.200000000000 0.056199530284
4.000000000000 4.200000000000 0.053711244012
4.200000000000 4.200000000000 0.051420501576
4.400000000000 4.200000000000 0.049470801970
4.600000000000 4.200000000000 0.047984095171
4.800000000000 4.200000000000 0.047053257321

0.000000000000 4.400000000000 0.044964292847
0.200000000000 4.400000000000 0.045269147330
0.400000000000 4.400000000000 0.046164691278
0.600000000000 4.400000000000 0.047595027699
0.800000000000 4.400000000000 0.049470801970
1.000000000000 4.400000000000 0.051674688004
1.200000000000 4.400000000000 0.054068627755
1.400000000000 4.400000000000 0.056502401953
1.600000000000 4.400000000000 0.058823019268
1.800000000000 4.400000000000 0.060884346220
2.000000000000 4.400000000000 0.062556368588
2.200000000000 4.400000000000 0.063733482755
2.400000000000 4.400000000000 0.064341265831
2.600000000000 4.400000000000 0.064341265831
2.800000000000 4.400000000000 0.063733482755
3.000000000000 4.400000000000 0.062556368588
3.200000000000 4.400000000000 0.060884346220
3.400000000000 4.400000000000 0.058823019268
3.600000000000 4.400000000000 0.056502401953
3.800000000000 4.400000000000 0.054068627755
4.000000000000 4.400000000000 0.051674688004
4.200000000000 4.400000000000 0.049470801970
4.400000000000 4.400000000000 0.047595027699
4.600000000000 4.400000000000 0.046164691278
4.800000000000 4.400000000000 0.045269147330

0.000000000000 4.600000000000 0.043613014728
0.200000000000 4.600000000000 0.043908707786
0.400000000000 4.600000000000 0.044777339032
0.600000000000 4.600000000000 0.046164691278
0.800000000000 4.600000000000 0.047984095171
1.000000000000 4.600000000000 0.050121750484
1.200000000000 4.600000000000 0.052443748065
1.400000000000 4.600000000000 0.054804383002
1.600000000000 4.600000000000 0.057055261627
1.800000000000 4.600000000000 0.059054642032
2.000000000000 4.600000000000 0.060676417150
2.200000000000 4.600000000000 0.061818156943
2.400000000000 4.600000000000 0.062407675057
2.600000000000 4.600000000000 0.062407675057
2.800000000000 4.600000000000 0.061818156943
3.000000000000 4.600000000000 0.060676417150
3.200000000000 4.600000000000 0.059054642032
3.400000000000 4.600000000000 0.057055261627
3.600000000000 4.600000000000 0.054804383002
3.800000000000 4.600000000000 0.052443748065
4.000000000000 4.600000000000 0.050121750484
4.200000000000 4.600000000000 0.047984095171
4.400000000000 4.600000000000 0.046164691278
4.600000000000 4.600000000000 0.044777339032
4.800000000000 4.600000000000 0.043908707786

0.000000000000 4.800000000000 0.042766969754
0.200000000000 4.800000000000 0.043056926779
0.400000000000 4.800000000000 0.043908707786
0.600000000000 4.800000000000 0.045269147330
0.800000000000 4.800000000000 0.047053257321
1.000000000000 4.800000000000 0.049149445101
1.200000000000 4.800000000000 0.051426399169
1.400000000000 4.800000000000 0.053741241086
1.600000000000 4.800000000000 0.055948455813
1.800000000000 4.800000000000 0.057909051035
2.000000000000 4.800000000000 0.059499365988
2.200000000000 4.800000000000 0.060618957629
2.400000000000 4.800000000000 0.061197039918
2.600000000000 4.800000000000 0.061197039918
2.800000000000 4.800000000000 0.060618957629
3.000000000000 4.800000000000 0.059499365988
3.200000000000 4.800000000000 0.057909051035
3.400000000000 4.800000000000 0.055948455813
3.600000000000 4.800000000000 0.053741241086
3.800000000000 4.800000000000 0.051426399169
4.000000000000 4.800000000000 0.049149445101
4.200000000000 4.800000000000 0.047053257321
4.400000000000 4.800000000000 0.045269147330
4.600000000000 4.800000000000 0.043908707786
4.800000000000 4.800000000000 0.043056926779

