# x y u
0.000000000000 0.000000000000 0.032065322201
0.200000000000 0.000000000000 0.032464980684
0.400000000000 0.000000000000 0.033639614964
0.600000000000 0.000000000000 0.035517540325
0.800000000000 0.000000000000 0.037983707905
1.000000000000 0.000000000000 0.040886204433
1.200000000000 0.000000000000 0.044045044239
1.400000000000 0.000000000000 0.047262887415
1.600000000000 0.000000000000 0.050337156879
1.800000000000 0.000000000000 0.053072862953
2.000000000000 0.000000000000 0.055295305948
2.200000000000 0.000000000000 0.056861747182
2.400000000000 0.000000000000 0.057671143380
2.600000000000 0.000000000000 0.057671143380
2.800000000000 0.000000000000 0.056861747182
3.000000000000 0.000000000000 0.055295305948
3.200000000000 0.000000000000 0.053072862953
3.400000000000 0.000000000000 0.050337156879
3.600000000000 0.000000000000 0.047262887415
3.800000000000 0.000000000000 0.044045044239
4.000000000000 0.000000000000 0.040886204433
4.200000000000 0.000000000000 0.037983707905
4.400000000000 0.000000000000 0.035517540325
4.600000000000 0.000000000000 0.033639614964
4.800000000000 0.000000000000 0.032464980684

0.000000000000 0.200000000000 0.032464980684
0.200000000000 0.200000000000 0.032869620392
0.400000000000 0.200000000000 0.034058894962
0.600000000000 0.200000000000 0.035960226220
0.800000000000 0.200000000000 0.038457131365
1.000000000000 0.200000000000 0.041395803721
1.200000000000 0.200000000000 0.044594014329
1.400000000000 0.200000000000 0.047851963694
1.600000000000 0.200000000000 0.050964549880
1.800000000000 0.200000000000 0.053734352919
2.000000000000 0.200000000000 0.055984495727
2.200000000000 0.200000000000 0.057570460575
2.400000000000 0.200000000000 0.058389944824
2.600000000000 0.200000000000 0.058389944824
2.800000000000 0.200000000000 0.057570460575
3.000000000000 0.200000000000 0.055984495727
3.200000000000 0.200000000000 0.053734352919
3.400000000000 0.200000000000 0.050964549880
3.600000000000 0.200000000000 0.047851963694
3.800000000000 0.200000000000 0.044594014329
4.000000000000 0.200000000000 0.041395803721
4.200000000000 0.200000000000 0.038457131365
4.400000000000 0.200000000000 0.035960226220
4.600000000000 0.200000000000 0.034058894962
4.800000000000 0.200000000000 0.032869620392

0.000000000000 0.400000000000 0.033639614964
0.200000000000 0.400000000000 0.034058894962
0.400000000000 0.400000000000 0.035291198736
0.600000000000 0.400000000000 0.037261322145
0.800000000000 0.400000000000 0.039848567910
1.000000000000 0.400000000000 0.042893564456
1.200000000000 0.400000000000 0.046207489584
1.400000000000 0.400000000000 0.049583314845
1.600000000000 0.400000000000 0.052808517508
1.800000000000 0.400000000000 0.055678534763
2.000000000000 0.400000000000 0.058010089947
2.200000000000 0.400000000000 0.059653436552
2.400000000000 0.400000000000 0.060502570537
2.600000000000 0.400000000000 0.060502570537
2.800000000000 0.400000000000 0.059653436552
3.000000000000 0.400000000000 0.058010089947
3.200000000000 0.400000000000 0.055678534763
3.400000000000 0.400000000000 0.052808517508
3.600000000000 0.400000000000 0.049583314845
3.800000000000 0.400000000000 0.046207489584
4.000000000000 0.400000000000 0.042893564456
4.200000000000 0.400000000000 0.039848567910
4.400000000000 0.400000000000 0.037261322145
4.600000000000 0.400000000000 0.035291198736
4.800000000000 0.400000000000 0.034058894962

0.000000000000 0.600000000000 0.035517540325
0.200000000000 0.600000000000 0.035960226220
0.400000000000 0.600000000000 0.037261322145
0.600000000000 0.600000000000 0.039341425751
0.800000000000 0.600000000000 0.042073101931
1.000000000000 0.600000000000 0.045288082333
1.200000000000 0.600000000000 0.048787003935
1.400000000000 0.600000000000 0.052351281130
1.600000000000 0.600000000000 0.055756527328
1.800000000000 0.600000000000 0.058786760228
2.000000000000 0.600000000000 0.061248471961
2.200000000000 0.600000000000 0.062983556599
2.400000000000 0.600000000000 0.063880092559
2.600000000000 0.600000000000 0.063880092559
2.800000000000 0.600000000000 0.062983556599
3.000000000000 0.600000000000 0.061248471961
3.200000000000 0.600000000000 0.058786760228
3.400000000000 0.600000000000 0.055756527328
3.600000000000 0.600000000000 0.052351281130
3.800000000000 0.600000000000 0.048787003935
4.000000000000 0.600000000000 0.045288082333
4.200000000000 0.600000000000 0.042073101931
4.400000000000 0.600000000000 0.039341425751
4.600000000000 0.600000000000 0.037261322145
4.800000000000 0.600000000000 0.035960226220

0.000000000000 0.800000000000 0.037983707905
0.200000000000 0.800000000000 0.038457131365
0.400000000000 0.800000000000 0.039848567910
0.600000000000 0.800000000000 0.042073101931
0.800000000000 0.800000000000 0.044994449938
1.000000000000 0.800000000000 0.048432659974
1.200000000000 0.800000000000 0.052174526382
1.400000000000 0.800000000000 0.055986286230
1.600000000000 0.800000000000 0.059627972836
1.800000000000 0.800000000000 0.062868607360
2.000000000000 0.800000000000 0.065501245903
2.200000000000 0.800000000000 0.067356804614
2.400000000000 0.800000000000 0.068315590752
2.600000000000 0.800000000000 0.068315590752
2.800000000000 0.800000000000 0.067356804614
3.000000000000 0.800000000000 0.065501245903
3.200000000000 0.800000000000 0.062868607360
3.400000000000 0.800000000000 0.059627972836
3.600000000000 0.800000000000 0.055986286230
3.800000000000 0.800000000000 0.052174526382
4.000000000000 0.800000000000 0.048432659974
4.200000000000 0.800000000000 0.044994449938
4.400000000000 0.800000000000 0.042073101931
4.600000000000 0.800000000000 0.039848567910
4.800000000000 0.800000000000 0.038457131365

0.000000000000 1.000000000000 0.040886204433
0.200000000000 1.000000000000 0.041395803721
0.400000000000 1.000000000000 0.042893564456
0.600000000000 1.000000000000 0.045288082333
0.800000000000 1.000000000000 0.048432659974
1.000000000000 1.000000000000 0.052133594684
1.200000000000 1.000000000000 0.056161389058
1.400000000000 1.000000000000 0.060264417580
1.600000000000 1.000000000000 0.064184376956
1.800000000000 1.000000000000 0.067672638539
2.000000000000 1.000000000000 0.070506445222
2.200000000000 1.000000000000 0.072503792953
2.400000000000 1.000000000000 0.073535842919
2.600000000000 1.000000000000 0.073535842919
2.800000000000 1.000000000000 0.072503792953
3.000000000000 1.000000000000 0.070506445222
3.200000000000 1.000000000000 0.067672638539
3.400000000000 1.000000000000 0.064184376956
3.600000000000 1.000000000000 0.060264417580
3.800000000000 1.000000000000 0.056161389058
4.000000000000 1.000000000000 0.052133594684
4.200000000000 1.000000000000 0.048432659974
4.400000000000 1.000000000000 0.045288082333
4.600000000000 1.000000000000 0.042893564456
4.800000000000 1.000000000000 0.041395803721

0.000000000000 1.200000000000 0.044045044239
0.200000000000 1.200000000000 0.044594014329
0.400000000000 1.200000000000 0.046207489584
0.600000000000 1.200000000000 0.048787003935
0.800000000000 1.200000000000 0.052174526382
1.000000000000 1.200000000000 0.056161389058
1.200000000000 1.200000000000 0.060500363953
1.400000000000 1.200000000000 0.064920385385
1.600000000000 1.200000000000 0.069143193994
1.800000000000 1.200000000000 0.072900952535
2.000000000000 1.200000000000 0.075953694102
2.200000000000 1.200000000000 0.078105353359
2.400000000000 1.200000000000 0.079217137660
2.600000000000 1.200000000000 0.079217137660
2.800000000000 1.200000000000 0.078105353359
3.000000000000 1.200000000000 0.075953694102
3.200000000000 1.200000000000 0.072900952535
3.400000000000 1.200000000000 0.069143193994
3.600000000000 1.200000000000 0.064920385385
3.800000000000 1.200000000000 0.060500363953
4.000000000000 1.200000000000 0.056161389058
4.200000000000 1.200000000000 0.052174526382
4.400000000000 1.200000000000 0.048787003935
4.600000000000 1.200000000000 0.046207489584
4.800000000000 1.200000000000 0.044594014329

0.000000000000 1.400000000000 0.047262887415
0.200000000000 1.400000000000 0.047851963694
0.400000000000 1.400000000000 0.049583314845
0.600000000000 1.400000000000 0.052351281130
0.800000000000 1.400000000000 0.055986286230
1.000000000000 1.400000000000 0.060264417580
1.200000000000 1.400000000000 0.064920385385
1.400000000000 1.400000000000 0.069663320680
1.600000000000 1.400000000000 0.074194635294
1.800000000000 1.400000000000 0.078226924592
2.000000000000 1.400000000000 0.081502690418
2.200000000000 1.400000000000 0.083811543509
2.400000000000 1.400000000000 0.085004551462
2.600000000000 1.400000000000 0.085004551462
2.800000000000 1.400000000000 0.083811543509
3.000000000000 1.400000000000 0.081502690418
3.200000000000 1.400000000000 0.078226924592
3.400000000000 1.400000000000 0.074194635294
3.600000000000 1.400000000000 0.069663320680
3.800000000000 1.400000000000 0.064920385385
4.000000000000 1.400000000000 0.060264417580
4.200000000000 1.400000000000 0.055986286230
4.400000000000 1.400000000000 0.052351281130
4.600000000000 1.400000000000 0.049583314845
4.800000000000 1.400000000000 0.047851963694

0.000000000000 1.600000000000 0.050337156879
0.200000000000 1.600000000000 0.050964549880
0.400000000000 1.600000000000 0.052808517508
0.600000000000 1.600000000000 0.055756527328
0.800000000000 1.600000000000 0.059627972836
1.000000000000 1.600000000000 0.064184376956
1.200000000000 1.600000000000 0.069143193994
1.400000000000 1.600000000000 0.074194635294
1.600000000000 1.600000000000 0.079020690906
1.800000000000 1.600000000000 0.083315261871
2.000000000000 1.600000000000 0.086804100996
2.200000000000 1.600000000000 0.089263134202
2.400000000000 1.600000000000 0.090533741747
2.600000000000 1.600000000000 0.090533741747
2.800000000000 1.600000000000 0.089263134202
3.000000000000 1.600000000000 0.086804100996
3.200000000000 1.600000000000 0.083315261871
3.400000000000 1.600000000000 0.079020690906
3.600000000000 1.600000000000 0.074194635294
3.800000000000 1.600000000000 0.069143193994
4.000000000000 1.600000000000 0.064184376956
4.200000000000 1.600000000000 0.059627972836
4.400000000000 1.600000000000 0.055756527328
4.600000000000 1.600000000000 0.052808517508
4.800000000000 1.600000000000 0.050964549880

0.000000000000 1.800000000000 0.053072862953
0.200000000000 1.800000000000 0.053734352919
0.400000000000 1.800000000000 0.055678534763
0.600000000000 1.800000000000 0.058786760228
0.800000000000 1.800000000000 0.062868607360
1.000000000000 1.800000000000 0.067672638539
1.200000000000 1.800000000000 0.072900952535
1.400000000000 1.800000000000 0.078226924592
1.600000000000 1.800000000000 0.083315261871
1.800000000000 1.800000000000 0.087843229864
2.000000000000 1.800000000000 0.091521676883
2.200000000000 1.800000000000 0.094114351119
2.400000000000 1.800000000000 0.095454012343
2.600000000000 1.800000000000 0.095454012343
2.800000000000 1.800000000000 0.094114351119
3.000000000000 1.800000000000 0.091521676883
3.200000000000 1.800000000000 0.087843229864
3.400000000000 1.800000000000 0.083315261871
3.600000000000 1.800000000000 0.078226924592
3.800000000000 1.800000000000 0.072900952535
4.000000000000 1.800000000000 0.067672638539
4.200000000000 1.800000000000 0.062868607360
4.400000000000 1.800000000000 0.058786760228
4.600000000000 1.800000000000 0.055678534763
4.800000000000 1.800000000000 0.053734352919

0.000000000000 2.000000000000 0.055295305948
0.200000000000 2.000000000000 0.055984495727
0.400000000000 2.000000000000 0.058010089947
0.600000000000 2.000000000000 0.061248471961
0.800000000000 2.000000000000 0.065501245903
1.000000000000 2.000000000000 0.070506445222
1.200000000000 2.000000000000 0.075953694102
1.400000000000 2.000000000000 0.081502690418
1.600000000000 2.000000000000 0.086804100996
1.800000000000 2.000000000000 0.091521676883
2.000000000000 2.000000000000 0.095354158228
2.200000000000 2.000000000000 0.098055400232
2.400000000000 2.000000000000 0.099451159525
2.600000000000 2.000000000000 0.099451159525
2.800000000000 2.000000000000 0.098055400232
3.000000000000 2.000000000000 0.095354158228
3.200000000000 2.000000000000 0.091521676883
3.400000000000 2.000000000000 0.086804100996
3.600000000000 2.000000000000 0.081502690418
3.800000000000 2.000000000000 0.075953694102
4.000000000000 2.000000000000 0.070506445222
4.200000000000 2.000000000000 0.065501245903
4.400000000000 2.000000000000 0.061248471961
4.600000000000 2.000000000000 0.058010089947
4.800000000000 2.000000000000 0.055984495727

0.000000000000 2.200000000000 0.056861747182
0.200000000000 2.200000000000 0.057570460575
0.400000000000 2.200000000000 0.059653436552
0.600000000000 2.200000000000 0.062983556599
0.800000000000 2.200000000000 0.067356804614
1.000000000000 2.200000000000 0.072503792953
1.200000000000 2.200000000000 0.078105353359
1.400000000000 2.200000000000 0.083811543509
1.600000000000 2.200000000000 0.089263134202
1.800000000000 2.200000000000 0.094114351119
2.000000000000 2.200000000000 0.098055400232
2.200000000000 2.200000000000 0.100833163883
2.400000000000 2.200000000000 0.102268462689
2.600000000000 2.200000000000 0.102268462689
2.800000000000 2.200000000000 0.100833163883
3.000000000000 2.200000000000 0.098055400232
3.200000000000 2.200000000000 0.094114351119
3.400000000000 2.200000000000 0.089263134202
3.600000000000 2.200000000000 0.083811543509
3.800000000000 2.200000000000 0.078105353359
4.000000000000 2.200000000000 0.072503792953
4.200000000000 2.200000000000 0.067356804614
4.400000000000 2.200000000000 0.062983556599
4.600000000000 2.200000000000 0.059653436552
4.800000000000 2.200000000000 0.057570460575

0.000000000000 2.400000000000 0.057671143380
0.200000000000 2.400000000000 0.058389944824
0.400000000000 2.400000000000 0.060502570537
0.600000000000 2.400000000000 0.063880092559
0.800000000000 2.400000000000 0.068315590752
1.000000000000 2.400000000000 0.073535842919
1.200000000000 2.400000000000 0.079217137660
1.400000000000 2.400000000000 0.085004551462
1.600000000000 2.400000000000 0.090533741747
1.800000000000 2.400000000000 0.095454012343
2.000000000000 2.400000000000 0.099451159525
2.200000000000 2.400000000000 0.102268462689
2.400000000000 2.400000000000 0.103724191963
2.600000000000 2.400000000000 0.103724191963
2.800000000000 2.400000000000 0.102268462689
3.000000000000 2.400000000000 0.099451159525
3.200000000000 2.400000000000 0.095454012343
3.400000000000 2.400000000000 0.090533741747
3.600000000000 2.400000000000 0.085004551462
3.800000000000 2.400000000000 0.079217137660
4.000000000000 2.400000000000 0.073535842919
4.200000000000 2.400000000000 0.068315590752
4.400000000000 2.400000000000 0.063880092559
4.600000000000 2.400000000000 0.060502570537
4.800000000000 2.400000000000 0.058389944824

0.000000000000 2.600000000000 0.057671143380
0.200000000000 2.600000000000 0.058389944824
0.400000000000 2.600000000000 0.060502570537
0.600000000000 2.600000000000 0.063880092559
0.800000000000 2.600000000000 0.068315590752
1.000000000000 2.600000000000 0.073535842919
1.200000000000 2.600000000000 0.079217137660
1.400000000000 2.600000000000 0.085004551462
1.600000000000 2.600000000000 0.090533741747
1.800000000000 2.600000000000 0.095454012343
2.000000000000 2.600000000000 0.099451159525
2.200000000000 2.600000000000 0.102268462689
2.400000000000 2.600000000000 0.103724191963
2.600000000000 2.600000000000 0.103724191963
2.800000000000 2.600000000000 0.102268462689
3.000000000000 2.600000000000 0.099451159525
3.200000000000 2.600000000000 0.095454012343
3.400000000000 2.600000000000 0.090533741747
3.600000000000 2.600000000000 0.085004551462
3.800000000000 2.600000000000 0.079217137660
4.000000000000 2.600000000000 0.073535842919
4.200000000000 2.600000000000 0.068315590752
4.400000000000 2.600000000000 0.063880092559
4.600000000000 2.600000000000 0.060502570537
4.800000000000 2.600000000000 0.058389944824

0.000000000000 2.800000000000 0.056861747182
0.200000000000 2.800000000000 0.057570460575
0.400000000000 2.800000000000 0.059653436552
0.600000000000 2.800000000000 0.062983556599
0.800000000000 2.800000000000 0.067356804614
1.000000000000 2.800000000000 0.072503792953
1.200000000000 2.800000000000 0.078105353359
1.400000000000 2.800000000000 0.083811543509
1.600000000000 2.800000000000 0.089263134202
1.800000000000 2.800000000000 0.094114351119
2.000000000000 2.800000000000 0.098055400232
2.200000000000 2.800000000000 0.100833163883
2.400000000000 2.800000000000 0.102268462689
2.600000000000 2.800000000000 0.102268462689
2.800000000000 2.800000000000 0.100833163883
3.000000000000 2.800000000000 0.098055400232
3.200000000000 2.800000000000 0.094114351119
3.400000000000 2.800000000000 0.089263134202
3.600000000000 2.800000000000 0.083811543509
3.800000000000 2.800000000000 0.078105353359
4.000000000000 2.800000000000 0.072503792953
4.200000000000 2.800000000000 0.067356804614
4.400000000000 2.800000000000 0.062983556599
4.600000000000 2.800000000000 0.059653436552
4.800000000000 2.800000000000 0.057570460575

0.000000000000 3.000000000000 0.055295305948
0.200000000000 3.000000000000 0.055984495727
0.400000000000 3.000000000000 0.058010089947
0.600000000000 3.000000000000 0.061248471961
0.800000000000 3.000000000000 0.065501245903
1.000000000000 3.000000000000 0.070506445222
1.200000000000 3.000000000000 0.075953694102
1.400000000000 3.000000000000 0.081502690418
1.600000000000 3.000000000000 0.086804100996
1.800000000000 3.000000000000 0.091521676883
2.000000000000 3.000000000000 0.095354158228
2.200000000000 3.000000000000 0.098055400232
2.400000000000 3.000000000000 0.099451159525
2.600000000000 3.000000000000 0.099451159525
2.800000000000 3.000000000000 0.098055400232
3.000000000000 3.000000000000 0.095354158228
3.200000000000 3.000000000000 0.091521676883
3.400000000000 3.000000000000 0.086804100996
3.600000000000 3.000000000000 0.081502690418
3.800000000000 3.000000000000 0.075953694102
4.000000000000 3.000000000000 0.070506445222
4.200000000000 3.000000000000 0.065501245903
4.400000000000 3.000000000000 0.061248471961
4.600000000000 3.000000000000 0.058010089947
4.800000000000 3.000000000000 0.055984495727

0.000000000000 3.200000000000 0.053072862953
0.200000000000 3.200000000000 0.053734352919
0.400000000000 3.200000000000 0.055678534763
0.600000000000 3.200000000000 0.058786760228
0.800000000000 3.200000000000 0.062868607360
1.000000000000 3.200000000000 0.067672638539
1.200000000000 3.200000000000 0.072900952535
1.400000000000 3.200000000000 0.078226924592
1.600000000000 3.200000000000 0.083315261871
1.800000000000 3.200000000000 0.087843229864
2.000000000000 3.200000000000 0.091521676883
2.200000000000 3.200000000000 0.094114351119
2.400000000000 3.200000000000 0.095454012343
2.600000000000 3.200000000000 0.095454012343
2.800000000000 3.200000000000 0.094114351119
3.000000000000 3.200000000000 0.091521676883
3.200000000000 3.200000000000 0.087843229864
3.400000000000 3.200000000000 0.083315261871
3.600000000000 3.200000000000 0.078226924592
3.800000000000 3.200000000000 0.072900952535
4.000000000000 3.200000000000 0.067672638539
4.200000000000 3.200000000000 0.062868607360
4.400000000000 3.200000000000 0.058786760228
4.600000000000 3.200000000000 0.055678534763
4.800000000000 3.200000000000 0.053734352919

0.000000000000 3.400000000000 0.050337156879
0.200000000000 3.400000000000 0.050964549880
0.400000000000 3.400000000000 0.052808517508
0.600000000000 3.400000000000 0.055756527328
0.800000000000 3.400000000000 0.059627972836
1.000000000000 3.400000000000 0.064184376956
1.200000000000 3.400000000000 0.069143193994
1.400000000000 3.400000000000 0.074194635294
1.600000000000 3.400000000000 0.079020690906
1.800000000000 3.400000000000 0.083315261871
2.000000000000 3.400000000000 0.086804100996
2.200000000000 3.400000000000 0.089263134202
2.400000000000 3.400000000000 0.090533741747
2.600000000000 3.400000000000 0.090533741747
2.800000000000 3.400000000000 0.089263134202
3.000000000000 3.400000000000 0.086804100996
3.200000000000 3.400000000000 0.083315261871
3.400000000000 3.400000000000 0.079020690906
3.600000000000 3.400000000000 0.074194635294
3.800000000000 3.400000000000 0.069143193994
4.000000000000 3.400000000000 0.064184376956
4.200000000000 3.400000000000 0.059627972836
4.400000000000 3.400000000000 0.055756527328
4.600000000000 3.400000000000 0.052808517508
4.800000000000 3.400000000000 0.050964549880

0.000000000000 3.600000000000 0.047262887415
0.200000000000 3.600000000000 0.047851963694
0.400000000000 3.600000000000 0.049583314845
0.600000000000 3.600000000000 0.052351281130
0.800000000000 3.600000000000 0.055986286230
1.000000000000 3.600000000000 0.060264417580
1.200000000000 3.600000000000 0.064920385385
1.400000000000 3.600000000000 0.069663320680
1.600000000000 3.600000000000 0.074194635294
1.800000000000 3.600000000000 0.078226924592
2.000000000000 3.600000000000 0.081502690418
2.200000000000 3.600000000000 0.083811543509
2.400000000000 3.600000000000 0.085004551462
2.600000000000 3.600000000000 0.085004551462
2.800000000000 3.600000000000 0.083811543509
3.000000000000 3.600000000000 0.081502690418
3.200000000000 3.600000000000 0.078226924592
3.400000000000 3.600000000000 0.074194635294
3.600000000000 3.600000000000 0.069663320680
3.800000000000 3.600000000000 0.064920385385
4.000000000000 3.600000000000 0.060264417580
4.200000000000 3.600000000000 0.055986286230
4.400000000000 3.600000000000 0.052351281130
4.600000000000 3.600000000000 0.049583314845
4.800000000000 3.600000000000 0.047851963694

0.000000000000 3.800000000000 0.044045044239
0.200000000000 3.800000000000 0.044594014329
0.400000000000 3.800000000000 0.046207489584
0.600000000000 3.800000000000 0.048787003935
0.800000000000 3.800000000000 0.052174526382
1.000000000000 3.800000000000 0.056161389058
1.200000000000 3.800000000000 0.060500363953
1.400000000000 3.800000000000 0.064920385385
1.600000000000 3.800000000000 0.069143193994
1.800000000000 3.800000000000 0.072900952535
2.000000000000 3.800000000000 0.075953694102
2.200000000000 3.800000000000 0.078105353359
2.400000000000 3.800000000000 0.079217137660
2.600000000000 3.800000000000 0.079217137660
2.800000000000 3.800000000000 0.078105353359
3.000000000000 3.800000000000 0.075953694102
3.200000000000 3.800000000000 0.072900952535
3.400000000000 3.800000000000 0.069143193994
3.600000000000 3.800000000000 0.064920385385
3.800000000000 3.800000000000 0.060500363953
4.000000000000 3.800000000000 0.056161389058
4.200000000000 3.800000000000 0.052174526382
4.400000000000 3.800000000000 0.048787003935
4.600000000000 3.800000000000 0.046207489584
4.800000000000 3.800000000000 0.044594014329

0.000000000000 4.000000000000 0.040886204433
0.200000000000 4.000000000000 0.041395803721
0.400000000000 4.000000000000 0.042893564456
0.600000000000 4.000000000000 0.045288082333
0.800000000000 4.000000000000 0.048432659974
1.000000000000 4.000000000000 0.052133594684
1.200000000000 4.000000000000 0.056161389058
1.400000000000 4.000000000000 0.060264417580
1.600000000000 4.000000000000 0.064184376956
1.800000000000 4.000000000000 0.067672638539
2.000000000000 4.000000000000 0.070506445222
2.200000000000 4.000000000000 0.072503792953
2.400000000000 4.000000000000 0.073535842919
2.600000000000 4.000000000000 0.073535842919
2.800000000000 4.000000000000 0.072503792953
3.000000000000 4.000000000000 0.070506445222
3.200000000000 4.000000000000 0.067672638539
3.400000000000 4.000000000000 0.064184376956
3.600000000000 4.000000000000 0.060264417580
3.800000000000 4.000000000000 0.056161389058
4.000000000000 4.000000000000 0.052133594684
4.200000000000 4.000000000000 0.048432659974
4.400000000000 4.000000000000 0.045288082333
4.600000000000 4.000000000000 0.042893564456
4.800000000000 4.000000000000 0.041395803721

0.000000000000 4.200000000000 0.037983707905
0.200000000000 4.200000000000 0.038457131365
0.400000000000 4.200000000000 0.039848567910
0.600000000000 4.200000000000 0.042073101931
0.800000000000 4.200000000000 0.044994449938
1.000000000000 4.200000000000 0.048432659974
1.200000000000 4.200000000000 0.052174526382
1.400000000000 4.200000000000 0.055986286230
1.600000000000 4.200000000000 0.059627972836
1.800000000000 4.200000000000 0.062868607360
2.000000000000 4.200000000000 0.065501245903
2.200000000000 4.200000000000 0.067356804614
2.400000000000 4.200000000000 0.068315590752
2.600000000000 4.200000000000 0.068315590752
2.800000000000 4.200000000000 0.067356804614
3.000000000000 4.200000000000 0.065501245903
3.200000000000 4.200000000000 0.062868607360
3.400000000000 4.200000000000 0.059627972836
3.600000000000 4.200000000000 0.055986286230
3.800000000000 4.200000000000 0.052174526382
4.000000000000 4.200000000000 0.048432659974
4.200000000000 4.200000000000 0.044994449938
4.400000000000 4.200000000000 0.042073101931
4.600000000000 4.200000000000 0.039848567910
4.800000000000 4.200000000000 0.038457131365

0.000000000000 4.400000000000 0.035517540325
0.200000000000 4.400000000000 0.035960226220
0.400000000000 4.400000000000 0.037261322145
0.600000000000 4.400000000000 0.039341425751
0.800000000000 4.400000000000 0.042073101931
1.000000000000 4.400000000000 0.045288082333
1.200000000000 4.400000000000 0.048787003935
1.400000000000 4.400000000000 0.052351281130
1.600000000000 4.400000000000 0.055756527328
1.800000000000 4.400000000000 0.058786760228
2.000000000000 4.400000000000 0.061248471961
2.200000000000 4.400000000000 0.062983556599
2.400000000000 4.400000000000 0.063880092559
2.600000000000 4.400000000000 0.063880092559
2.800000000000 4.400000000000 0.062983556599
3.000000000000 4.400000000000 0.061248471961
3.200000000000 4.400000000000 0.058786760228
3.400000000000 4.400000000000 0.055756527328
3.600000000000 4.400000000000 0.052351281130
3.800000000000 4.400000000000 0.048787003935
4.000000000000 4.400000000000 0.045288082333
4.200000000000 4.400000000000 0.042073101931
4.400000000000 4.400000000000 0.039341425751
4.600000000000 4.400000000000 0.037261322145
4.800000000000 4.400000000000 0.035960226220

0.000000000000 4.600000000000 0.033639614964
0.200000000000 4.600000000000 0.034058894962
0.400000000000 4.600000000000 0.035291198736
0.600000000000 4.600000000000 0.037261322145
0.800000000000 4.600000000000 0.039848567910
1.000000000000 4.600000000000 0.042893564456
1.200000000000 4.600000000000 0.046207489584
1.400000000000 4.600000000000 0.049583314845
1.600000000000 4.600000000000 0.052808517508
1.800000000000 4.600000000000 0.055678534763
2.000000000000 4.600000000000 0.058010089947
2.200000000000 4.600000000000 0.059653436552
2.400000000000 4.600000000000 0.060502570537
2.600000000000 4.600000000000 0.060502570537
2.800000000000 4.600000000000 0.059653436552
3.000000000000 4.600000000000 0.058010089947
3.200000000000 4.600000000000 0.055678534763
3.400000000000 4.600000000000 0.052808517508
3.600000000000 4.600000000000 0.049583314845
3.800000000000 4.600000000000 0.046207489584
4.000000000000 4.600000000000 0.042893564456
4.200000000000 4.600000000000 0.039848567910
4.400000000000 4.600000000000 0.037261322145
4.600000000000 4.600000000000 0.035291198736
4.800000000000 4.600000000000 0.034058894962

0.000000000000 4.800000000000 0.032464980684
0.200000000000 4.800000000000 0.032869620392
0.400000000000 4.800000000000 0.034058894962
0.600000000000 4.800000000000 0.035960226220
0.800000000000 4.800000000000 0.038457131365
1.000000000000 4.800000000000 0.041395803721
1.200000000000 4.800000000000 0.044594014329
1.400000000000 4.800000000000 0.047851963694
1.600000000000 4.800000000000 0.050964549880
1.800000000000 4.800000000000 0.053734352919
2.000000000000 4.800000000000 0.055984495727
2.200000000000 4.800000000000 0.057570460575
2.400000000000 4.800000000000 0.058389944824
2.600000000000 4.800000000000 0.058389944824
2.800000000000 4.800000000000 0.057570460575
3.000000000000 4.800000000000 0.055984495727
3.200000000000 4.800000000000 0.053734352919
3.400000000000 4.800000000000 0.050964549880
3.600000000000 4.800000000000 0.047851963694
3.800000000000 4.800000000000 0.044594014329
4.000000000000 4.800000000000 0.041395803721
4.200000000000 4.800000000000 0.038457131365
4.400000000000 4.800000000000 0.035960226220
4.600000000000 4.800000000000 0.034058894962
4.800000000000 4.800000000000 0.032869620392

