# x y u
0.000000000000 0.000000000000 0.051545757179
0.200000000000 0.000000000000 0.051714231276
0.400000000000 0.000000000000 0.052209078412
0.600000000000 0.000000000000 0.052999234953
0.800000000000 0.000000000000 0.054035093347
1.000000000000 0.000000000000 0.055251609032
1.200000000000 0.000000000000 0.056572376982
1.400000000000 0.000000000000 0.057914424316
1.600000000000 0.000000000000 0.059193419875
1.800000000000 0.000000000000 0.060328974394
2.000000000000 0.000000000000 0.061249697905
2.200000000000 0.000000000000 0.061897695054
2.400000000000 0.000000000000 0.062232213496
2.600000000000 0.000000000000 0.062232213496
2.800000000000 0.000000000000 0.061897695054
3.000000000000 0.000000000000 0.061249697905
3.200000000000 0.000000000000 0.060328974394
3.400000000000 0.000000000000 0.059193419875
3.600000000000 0.000000000000 0.057914424316
3.800000000000 0.000000000000 0.056572376982
4.000000000000 0.000000000000 0.055251609032
4.200000000000 0.000000000000 0.054035093347
4.400000000000 0.000000000000 0.052999234953
4.600000000000 0.000000000000 0.052209078412
4.800000000000 0.000000000000 0.051714231276

0.000000000000 0.200000000000 0.051714231276
0.200000000000 0.200000000000 0.051883256011
0.400000000000 0.200000000000 0.052379720496
0.600000000000 0.200000000000 0.053172459569
0.800000000000 0.200000000000 0.054211703542
1.000000000000 0.200000000000 0.055432195264
1.200000000000 0.200000000000 0.056757279986
1.400000000000 0.200000000000 0.058103713641
1.600000000000 0.200000000000 0.059386889444
1.800000000000 0.200000000000 0.060526155388
2.000000000000 0.200000000000 0.061449888173
2.200000000000 0.200000000000 0.062100003223
2.400000000000 0.200000000000 0.062435614999
2.600000000000 0.200000000000 0.062435614999
2.800000000000 0.200000000000 0.062100003223
3.000000000000 0.200000000000 0.061449888173
3.200000000000 0.200000000000 0.060526155388
3.400000000000 0.200000000000 0.059386889444
3.600000000000 0.200000000000 0.058103713641
3.800000000000 0.200000000000 0.056757279986
4.000000000000 0.200000000000 0.055432195264
4.200000000000 0.200000000000 0.054211703542
4.400000000000 0.200000000000 0.053172459569
4.600000000000 0.200000000000 0.052379720496
4.800000000000 0.200000000000 0.051883256011

0.000000000000 0.400000000000 0.052209078412
0.200000000000 0.400000000000 0.052379720496
0.400000000000 0.400000000000 0.052880935506
0.600000000000 0.400000000000 0.053681260070
0.800000000000 0.400000000000 0.054730448268
1.000000000000 0.400000000000 0.055962618522
1.200000000000 0.400000000000 0.057300382596
1.400000000000 0.400000000000 0.058659699885
1.600000000000 0.400000000000 0.059955154026
1.800000000000 0.400000000000 0.061105321275
2.000000000000 0.400000000000 0.062037892991
2.200000000000 0.400000000000 0.062694228803
2.400000000000 0.400000000000 0.063033051951
2.600000000000 0.400000000000 0.063033051951
2.800000000000 0.400000000000 0.062694228803
3.000000000000 0.400000000000 0.062037892991
3.200000000000 0.400000000000 0.061105321275
3.400000000000 0.400000000000 0.059955154026
3.600000000000 0.400000000000 0.058659699885
3.800000000000 0.400000000000 0.057300382596
4.000000000000 0.400000000000 0.055962618522
4.200000000000 0.400000000000 0.054730448268
4.400000000000 0.400000000000 0.053681260070
4.600000000000 0.400000000000 0.052880935506
4.800000000000 0.400000000000 0.052379720496

0.000000000000 0.600000000000 0.052999234953
0.200000000000 0.600000000000 0.053172459569
0.400000000000 0.600000000000 0.053681260070
0.600000000000 0.600000000000 0.054493696911
0.800000000000 0.600000000000 0.055558763738
1.000000000000 0.600000000000 0.056809581909
1.200000000000 0.600000000000 0.058167591979
1.400000000000 0.600000000000 0.059547481454
1.600000000000 0.600000000000 0.060862541262
1.800000000000 0.600000000000 0.062030115377
2.000000000000 0.600000000000 0.062976800825
2.200000000000 0.600000000000 0.063643069757
2.400000000000 0.600000000000 0.063987020724
2.600000000000 0.600000000000 0.063987020724
2.800000000000 0.600000000000 0.063643069757
3.000000000000 0.600000000000 0.062976800825
3.200000000000 0.600000000000 0.062030115377
3.400000000000 0.600000000000 0.060862541262
3.600000000000 0.600000000000 0.059547481454
3.800000000000 0.600000000000 0.058167591979
4.000000000000 0.600000000000 0.056809581909
4.200000000000 0.600000000000 0.055558763738
4.400000000000 0.600000000000 0.054493696911
4.600000000000 0.600000000000 0.053681260070
4.800000000000 0.600000000000 0.053172459569

0.000000000000 0.800000000000 0.054035093347
0.200000000000 0.800000000000 0.054211703542
0.400000000000 0.800000000000 0.054730448268
0.600000000000 0.800000000000 0.055558763738
0.800000000000 0.800000000000 0.056644646708
1.000000000000 0.800000000000 0.057919911429
1.200000000000 0.800000000000 0.059304463056
1.400000000000 0.800000000000 0.060711321707
1.600000000000 0.800000000000 0.062052083632
1.800000000000 0.800000000000 0.063242477337
2.000000000000 0.800000000000 0.064207665227
2.200000000000 0.800000000000 0.064886956017
2.400000000000 0.800000000000 0.065237629315
2.600000000000 0.800000000000 0.065237629315
2.800000000000 0.800000000000 0.064886956017
3.000000000000 0.800000000000 0.064207665227
3.200000000000 0.800000000000 0.063242477337
3.400000000000 0.800000000000 0.062052083632
3.600000000000 0.800000000000 0.060711321707
3.800000000000 0.800000000000 0.059304463056
4.000000000000 0.800000000000 0.057919911429
4.200000000000 0.800000000000 0.056644646708
4.400000000000 0.800000000000 0.055558763738
4.600000000000 0.800000000000 0.054730448268
4.800000000000 0.800000000000 0.054211703542

0.000000000000 1.000000000000 0.055251609032
0.200000000000 1.000000000000 0.055432195264
0.400000000000 1.000000000000 0.055962618522
0.600000000000 1.000000000000 0.056809581909
0.800000000000 1.000000000000 0.057919911429
1.000000000000 1.000000000000 0.059223886263
1.200000000000 1.000000000000 0.060639608385
1.400000000000 1.000000000000 0.062078139730
1.600000000000 1.000000000000 0.063449086310
1.800000000000 1.000000000000 0.064666279420
2.000000000000 1.000000000000 0.065653196643
2.200000000000 1.000000000000 0.066347780347
2.400000000000 1.000000000000 0.066706348373
2.600000000000 1.000000000000 0.066706348373
2.800000000000 1.000000000000 0.066347780347
3.000000000000 1.000000000000 0.065653196643
3.200000000000 1.000000000000 0.064666279420
3.400000000000 1.000000000000 0.063449086310
3.600000000000 1.000000000000 0.062078139730
3.800000000000 1.000000000000 0.060639608385
4.000000000000 1.000000000000 0.059223886263
4.200000000000 1.000000000000 0.057919911429
4.400000000000 1.000000000000 0.056809581909
4.600000000000 1.000000000000 0.055962618522
4.800000000000 1.000000000000 0.055432195264

0.000000000000 1.200000000000 0.056572376982
0.200000000000 1.200000000000 0.056757279986
0.400000000000 1.200000000000 0.057300382596
0.600000000000 1.200000000000 0.058167591979
0.800000000000 1.200000000000 0.059304463056
1.000000000000 1.200000000000 0.060639608385
1.200000000000 1.200000000000 0.062089172232
1.400000000000 1.200000000000 0.063562090540
1.600000000000 1.200000000000 0.064965808520
1.800000000000 1.200000000000 0.066212097675
2.000000000000 1.200000000000 0.067222606379
2.200000000000 1.200000000000 0.067933793560
2.400000000000 1.200000000000 0.068300932873
2.600000000000 1.200000000000 0.068300932873
2.800000000000 1.200000000000 0.067933793560
3.000000000000 1.200000000000 0.067222606379
3.200000000000 1.200000000000 0.066212097675
3.400000000000 1.200000000000 0.064965808520
3.600000000000 1.200000000000 0.063562090540
3.800000000000 1.200000000000 0.062089172232
4.000000000000 1.200000000000 0.060639608385
4.200000000000 1.200000000000 0.059304463056
4.400000000000 1.200000000000 0.058167591979
4.600000000000 1.200000000000 0.057300382596
4.800000000000 1.200000000000 0.056757279986

0.000000000000 1.400000000000 0.057914424316
0.200000000000 1.400000000000 0.058103713641
0.400000000000 1.400000000000 0.058659699885
0.600000000000 1.400000000000 0.059547481454
0.800000000000 1.400000000000 0.060711321707
1.000000000000 1.400000000000 0.062078139730
1.200000000000 1.400000000000 0.063562090540
1.400000000000 1.400000000000 0.065069949831
1.600000000000 1.400000000000 0.066506967204
1.800000000000 1.400000000000 0.067782821181
2.000000000000 1.400000000000 0.068817301455
2.200000000000 1.400000000000 0.069545359619
2.400000000000 1.400000000000 0.069921208314
2.600000000000 1.400000000000 0.069921208314
2.800000000000 1.400000000000 0.069545359619
3.000000000000 1.400000000000 0.068817301455
3.200000000000 1.400000000000 0.067782821181
3.400000000000 1.400000000000 0.066506967204
3.600000000000 1.400000000000 0.065069949831
3.800000000000 1.400000000000 0.063562090540
4.000000000000 1.400000000000 0.062078139730
4.200000000000 1.400000000000 0.060711321707
4.400000000000 1.400000000000 0.059547481454
4.600000000000 1.400000000000 0.058659699885
4.800000000000 1.400000000000 0.058103713641

0.000000000000 1.600000000000 0.059193419875
0.200000000000 1.600000000000 0.059386889444
0.400000000000 1.600000000000 0.059955154026
0.600000000000 1.600000000000 0.060862541262
0.800000000000 1.600000000000 0.062052083632
1.000000000000 1.600000000000 0.063449086310
1.200000000000 1.600000000000 0.064965808520
1.400000000000 1.600000000000 0.066506967204
1.600000000000 1.600000000000 0.067975719505
1.800000000000 1.600000000000 0.069279749295
2.000000000000 1.600000000000 0.070337074914
2.200000000000 1.600000000000 0.071081211430
2.400000000000 1.600000000000 0.071465360325
2.600000000000 1.600000000000 0.071465360325
2.800000000000 1.600000000000 0.071081211430
3.000000000000 1.600000000000 0.070337074914
3.200000000000 1.600000000000 0.069279749295
3.400000000000 1.600000000000 0.067975719505
3.600000000000 1.600000000000 0.066506967204
3.800000000000 1.600000000000 0.064965808520
4.000000000000 1.600000000000 0.063449086310
4.200000000000 1.600000000000 0.062052083632
4.400000000000 1.600000000000 0.060862541262
4.600000000000 1.600000000000 0.059955154026
4.800000000000 1.600000000000 0.059386889444

0.000000000000 1.800000000000 0.060328974394
0.200000000000 1.800000000000 0.060526155388
0.400000000000 1.800000000000 0.061105321275
0.600000000000 1.800000000000 0.062030115377
0.800000000000 1.800000000000 0.063242477337
1.000000000000 1.800000000000 0.064666279420
1.200000000000 1.800000000000 0.066212097675
1.400000000000 1.800000000000 0.067782821181
1.600000000000 1.800000000000 0.069279749295
1.800000000000 1.800000000000 0.070608794943
2.000000000000 1.800000000000 0.071686403770
2.200000000000 1.800000000000 0.072444815431
2.400000000000 1.800000000000 0.072836333646
2.600000000000 1.800000000000 0.072836333646
2.800000000000 1.800000000000 0.072444815431
3.000000000000 1.800000000000 0.071686403770
3.200000000000 1.800000000000 0.070608794943
3.400000000000 1.800000000000 0.069279749295
3.600000000000 1.800000000000 0.067782821181
3.800000000000 1.800000000000 0.066212097675
4.000000000000 1.800000000000 0.064666279420
4.200000000000 1.800000000000 0.063242477337
4.400000000000 1.800000000000 0.062030115377
4.600000000000 1.800000000000 0.061105321275
4.800000000000 1.800000000000 0.060526155388

0.000000000000 2.000000000000 0.061249697905
0.200000000000 2.000000000000 0.061449888173
0.400000000000 2.000000000000 0.062037892991
0.600000000000 2.000000000000 0.062976800825
0.800000000000 2.000000000000 0.064207665227
1.000000000000 2.000000000000 0.065653196643
1.200000000000 2.000000000000 0.067222606379
1.400000000000 2.000000000000 0.068817301455
1.600000000000 2.000000000000 0.070337074914
1.800000000000 2.000000000000 0.071686403770
2.000000000000 2.000000000000 0.072780458506
2.200000000000 2.000000000000 0.073550444654
2.400000000000 2.000000000000 0.073947938018
2.600000000000 2.000000000000 0.073947938018
2.800000000000 2.000000000000 0.073550444654
3.000000000000 2.000000000000 0.072780458506
3.200000000000 2.000000000000 0.071686403770
3.400000000000 2.000000000000 0.070337074914
3.600000000000 2.000000000000 0.068817301455
3.800000000000 2.000000000000 0.067222606379
4.000000000000 2.000000000000 0.065653196643
4.200000000000 2.000000000000 0.064207665227
4.400000000000 2.000000000000 0.062976800825
4.600000000000 2.000000000000 0.062037892991
4.800000000000 2.000000000000 0.061449888173

0.000000000000 2.200000000000 0.061897695054
0.200000000000 2.200000000000 0.062100003223
0.400000000000 2.200000000000 0.062694228803
0.600000000000 2.200000000000 0.063643069757
0.800000000000 2.200000000000 0.064886956017
1.000000000000 2.200000000000 0.066347780347
1.200000000000 2.200000000000 0.067933793560
1.400000000000 2.200000000000 0.069545359619
1.600000000000 2.200000000000 0.071081211430
1.800000000000 2.200000000000 0.072444815431
2.000000000000 2.200000000000 0.073550444654
2.200000000000 2.200000000000 0.074328576824
2.400000000000 2.200000000000 0.074730275445
2.600000000000 2.200000000000 0.074730275445
2.800000000000 2.200000000000 0.074328576824
3.000000000000 2.200000000000 0.073550444654
3.200000000000 2.200000000000 0.072444815431
3.400000000000 2.200000000000 0.071081211430
3.600000000000 2.200000000000 0.069545359619
3.800000000000 2.200000000000 0.067933793560
4.000000000000 2.200000000000 0.066347780347
4.200000000000 2.200000000000 0.064886956017
4.400000000000 2.200000000000 0.063643069757
4.600000000000 2.200000000000 0.062694228803
4.800000000000 2.200000000000 0.062100003223

0.000000000000 2.400000000000 0.062232213496
0.200000000000 2.400000000000 0.062435614999
0.400000000000 2.400000000000 0.063033051951
0.600000000000 2.400000000000 0.063987020724
0.800000000000 2.400000000000 0.065237629315
1.000000000000 2.400000000000 0.066706348373
1.200000000000 2.400000000000 0.068300932873
1.400000000000 2.400000000000 0.069921208314
1.600000000000 2.400000000000 0.071465360325
1.800000000000 2.400000000000 0.072836333646
2.000000000000 2.400000000000 0.073947938018
2.200000000000 2.400000000000 0.074730275445
2.400000000000 2.400000000000 0.075134144965
2.600000000000 2.400000000000 0.075134144965
2.800000000000 2.400000000000 0.074730275445
3.000000000000 2.400000000000 0.073947938018
3.200000000000 2.400000000000 0.072836333646
3.400000000000 2.400000000000 0.071465360325
3.600000000000 2.400000000000 0.069921208314
3.800000000000 2.400000000000 0.068300932873
4.000000000000 2.400000000000 0.066706348373
4.200000000000 2.400000000000 0.065237629315
4.400000000000 2.400000000000 0.063987020724
4.600000000000 2.400000000000 0.063033051951
4.800000000000 2.400000000000 0.062435614999

0.000000000000 2.600000000000 0.062232213496
0.200000000000 2.600000000000 0.062435614999
0.400000000000 2.600000000000 0.063033051951
0.600000000000 2.600000000000 0.063987020724
0.800000000000 2.600000000000 0.065237629315
1.000000000000 2.600000000000 0.066706348373
1.200000000000 2.600000000000 0.068300932873
1.400000000000 2.600000000000 0.069921208314
1.600000000000 2.600000000000 0.071465360325
1.800000000000 2.600000000000 0.072836333646
2.000000000000 2.600000000000 0.073947938018
2.200000000000 2.600000000000 0.074730275445
2.400000000000 2.600000000000 0.075134144965
2.600000000000 2.600000000000 0.075134144965
2.800000000000 2.600000000000 0.074730275445
3.000000000000 2.600000000000 0.073947938018
3.200000000000 2.600000000000 0.072836333646
3.400000000000 2.600000000000 0.071465360325
3.600000000000 2.600000000000 0.069921208314
3.800000000000 2.600000000000 0.068300932873
4.000000000000 2.600000000000 0.066706348373
4.200000000000 2.600000000000 0.065237629315
4.400000000000 2.600000000000 0.063987020724
4.600000000000 2.600000000000 0.063033051951
4.800000000000 2.600000000000 0.062435614999

0.000000000000 2.800000000000 0.061897695054
0.200000000000 2.800000000000 0.062100003223
0.400000000000 2.800000000000 0.062694228803
0.600000000000 2.800000000000 0.063643069757
0.800000000000 2.800000000000 0.064886956017
1.000000000000 2.800000000000 0.066347780347
1.200000000000 2.800000000000 0.067933793560
1.400000000000 2.800000000000 0.069545359619
1.600000000000 2.800000000000 0.071081211430
1.800000000000 2.800000000000 0.072444815431
2.000000000000 2.800000000000 0.073550444654
2.200000000000 2.800000000000 0.074328576824
2.400000000000 2.800000000000 0.074730275445
2.600000000000 2.800000000000 0.074730275445
2.800000000000 2.800000000000 0.074328576824
3.000000000000 2.800000000000 0.073550444654
3.200000000000 2.800000000000 0.072444815431
3.400000000000 2.800000000000 0.071081211430
3.600000000000 2.800000000000 0.069545359619
3.800000000000 2.800000000000 0.067933793560
4.000000000000 2.800000000000 0.066347780347
4.200000000000 2.800000000000 0.064886956017
4.400000000000 2.800000000000 0.063643069757
4.600000000000 2.800000000000 0.062694228803
4.800000000000 2.800000000000 0.062100003223

0.000000000000 3.000000000000 0.061249697905
0.200000000000 3.000000000000 0.061449888173
0.400000000000 3.000000000000 0.062037892991
0.600000000000 3.000000000000 0.062976800825
0.800000000000 3.000000000000 0.064207665227
1.000000000000 3.000000000000 0.065653196643
1.200000000000 3.000000000000 0.067222606379
1.400000000000 3.000000000000 0.068817301455
1.600000000000 3.000000000000 0.070337074914
1.800000000000 3.000000000000 0.071686403770
2.000000000000 3.000000000000 0.072780458506
2.200000000000 3.000000000000 0.073550444654
2.400000000000 3.000000000000 0.073947938018
2.600000000000 3.000000000000 0.073947938018
2.800000000000 3.000000000000 0.073550444654
3.000000000000 3.000000000000 0.072780458506
3.200000000000 3.000000000000 0.071686403770
3.400000000000 3.000000000000 0.070337074914
3.600000000000 3.000000000000 0.068817301455
3.800000000000 3.000000000000 0.067222606379
4.000000000000 3.000000000000 0.065653196643
4.200000000000 3.000000000000 0.064207665227
4.400000000000 3.000000000000 0.062976800825
4.600000000000 3.000000000000 0.062037892991
4.800000000000 3.000000000000 0.061449888173

0.000000000000 3.200000000000 0.060328974394
0.200000000000 3.200000000000 0.060526155388
0.400000000000 3.200000000000 0.061105321275
0.600000000000 3.200000000000 0.062030115377
0.800000000000 3.200000000000 0.063242477337
1.000000000000 3.200000000000 0.064666279420
1.200000000000 3.200000000000 0.066212097675
1.400000000000 3.200000000000 0.067782821181
1.600000000000 3.200000000000 0.069279749295
1.800000000000 3.200000000000 0.070608794943
2.000000000000 3.200000000000 0.071686403770
2.200000000000 3.200000000000 0.072444815431
2.400000000000 3.200000000000 0.072836333646
2.600000000000 3.200000000000 0.072836333646
2.800000000000 3.200000000000 0.072444815431
3.000000000000 3.200000000000 0.071686403770
3.200000000000 3.200000000000 0.070608794943
3.400000000000 3.200000000000 0.069279749295
3.600000000000 3.200000000000 0.067782821181
3.800000000000 3.200000000000 0.066212097675
4.000000000000 3.200000000000 0.064666279420
4.200000000000 3.200000000000 0.063242477337
4.400000000000 3.200000000000 0.062030115377
4.600000000000 3.200000000000 0.061105321275
4.800000000000 3.200000000000 0.060526155388

0.000000000000 3.400000000000 0.059193419875
0.200000000000 3.400000000000 0.059386889444
0.400000000000 3.400000000000 0.059955154026
0.600000000000 3.400000000000 0.060862541262
0.800000000000 3.400000000000 0.062052083632
1.000000000000 3.400000000000 0.063449086310
1.200000000000 3.400000000000 0.064965808520
1.400000000000 3.400000000000 0.066506967204
1.600000000000 3.400000000000 0.067975719505
1.800000000000 3.400000000000 0.069279749295
2.000000000000 3.400000000000 0.070337074914
2.200000000000 3.400000000000 0.071081211430
2.400000000000 3.400000000000 0.071465360325
2.600000000000 3.400000000000 0.071465360325
2.800000000000 3.400000000000 0.071081211430
3.000000000000 3.400000000000 0.070337074914
3.200000000000 3.400000000000 0.069279749295
3.400000000000 3.400000000000 0.067975719505
3.600000000000 3.400000000000 0.066506967204
3.800000000000 3.400000000000 0.064965808520
4.000000000000 3.400000000000 0.063449086310
4.200000000000 3.400000000000 0.062052083632
4.400000000000 3.400000000000 0.060862541262
4.600000000000 3.400000000000 0.059955154026
4.800000000000 3.400000000000 0.059386889444

0.000000000000 3.600000000000 0.057914424316
0.200000000000 3.600000000000 0.058103713641
0.400000000000 3.600000000000 0.058659699885
0.600000000000 3.600000000000 0.059547481454
0.800000000000 3.600000000000 0.060711321707
1.000000000000 3.600000000000 0.062078139730
1.200000000000 3.600000000000 0.063562090540
1.400000000000 3.600000000000 0.065069949831
1.600000000000 3.600000000000 0.066506967204
1.800000000000 3.600000000000 0.067782821181
2.000000000000 3.600000000000 0.068817301455
2.200000000000 3.600000000000 0.069545359619
2.400000000000 3.600000000000 0.069921208314
2.600000000000 3.600000000000 0.069921208314
2.800000000000 3.600000000000 0.069545359619
3.000000000000 3.600000000000 0.068817301455
3.200000000000 3.600000000000 0.067782821181
3.400000000000 3.600000000000 0.066506967204
3.600000000000 3.600000000000 0.065069949831
3.800000000000 3.600000000000 0.063562090540
4.000000000000 3.600000000000 0.062078139730
4.200000000000 3.600000000000 0.060711321707
4.400000000000 3.600000000000 0.059547481454
4.600000000000 3.600000000000 0.058659699885
4.800000000000 3.600000000000 0.058103713641

0.000000000000 3.800000000000 0.056572376982
0.200000000000 3.800000000000 0.056757279986
0.400000000000 3.800000000000 0.057300382596
0.600000000000 3.800000000000 0.058167591979
0.800000000000 3.800000000000 0.059304463056
1.000000000000 3.800000000000 0.060639608385
1.200000000000 3.800000000000 0.062089172232
1.400000000000 3.800000000000 0.063562090540
1.600000000000 3.800000000000 0.064965808520
1.800000000000 3.800000000000 0.066212097675
2.000000000000 3.800000000000 0.067222606379
2.200000000000 3.800000000000 0.067933793560
2.400000000000 3.800000000000 0.068300932873
2.600000000000 3.800000000000 0.068300932873
2.800000000000 3.800000000000 0.067933793560
3.000000000000 3.800000000000 0.067222606379
3.200000000000 3.800000000000 0.066212097675
3.400000000000 3.800000000000 0.064965808520
3.600000000000 3.800000000000 0.063562090540
3.800000000000 3.800000000000 0.062089172232
4.000000000000 3.800000000000 0.060639608385
4.200000000000 3.800000000000 0.059304463056
4.400000000000 3.800000000000 0.058167591979
4.600000000000 3.800000000000 0.057300382596
4.800000000000 3.800000000000 0.056757279986

0.000000000000 4.000000000000 0.055251609032
0.200000000000 4.000000000000 0.055432195264
0.400000000000 4.000000000000 0.055962618522
0.600000000000 4.000000000000 0.056809581909
0.800000000000 4.000000000000 0.057919911429
1.000000000000 4.000000000000 0.059223886263
1.200000000000 4.000000000000 0.060639608385
1.400000000000 4.000000000000 0.062078139730
1.600000000000 4.000000000000 0.063449086310
1.800000000000 4.000000000000 0.064666279420
2.000000000000 4.000000000000 0.065653196643
2.200000000000 4.000000000000 0.066347780347
2.400000000000 4.000000000000 0.066706348373
2.600000000000 4.000000000000 0.066706348373
2.800000000000 4.000000000000 0.066347780347
3.000000000000 4.000000000000 0.065653196643
3.200000000000 4.000000000000 0.064666279420
3.400000000000 4.000000000000 0.063449086310
3.600000000000 4.000000000000 0.062078139730
3.800000000000 4.000000000000 0.060639608385
4.000000000000 4.000000000000 0.059223886263
4.200000000000 4.000000000000 0.057919911429
4.400000000000 4.000000000000 0.056809581909
4.600000000000 4.000000000000 0.055962618522
4.800000000000 4.000000000000 0.055432195264

0.000000000000 4.200000000000 0.054035093347
0.200000000000 4.200000000000 0.054211703542
0.400000000000 4.200000000000 0.054730448268
0.600000000000 4.200000000000 0.055558763738
0.800000000000 4.200000000000 0.056644646708
1.000000000000 4.200000000000 0.057919911429
1.200000000000 4.200000000000 0.059304463056
1.400000000000 4.200000000000 0.060711321707
1.600000000000 4.200000000000 0.062052083632
1.800000000000 4.200000000000 0.063242477337
2.000000000000 4.200000000000 0.064207665227
2.200000000000 4.200000000000 0.064886956017
2.400000000000 4.200000000000 0.065237629315
2.600000000000 4.200000000000 0.065237629315
2.800000000000 4.200000000000 0.064886956017
3.000000000000 4.200000000000 0.064207665227
3.200000000000 4.200000000000 0.063242477337
3.400000000000 4.200000000000 0.062052083632
3.600000000000 4.200000000000 0.060711321707
3.800000000000 4.200000000000 0.059304463056
4.000000000000 4.200000000000 0.057919911429
4.200000000000 4.200000000000 0.056644646708
4.400000000000 4.200000000000 0.055558763738
4.600000000000 4.200000000000 0.054730448268
4.800000000000 4.200000000000 0.054211703542

0.000000000000 4.400000000000 0.052999234953
0.200000000000 4.400000000000 0.053172459569
0.400000000000 4.400000000000 0.053681260070
0.600000000000 4.400000000000 0.054493696911
0.800000000000 4.400000000000 0.055558763738
1.000000000000 4.400000000000 0.056809581909
1.200000000000 4.400000000000 0.058167591979
1.400000000000 4.400000000000 0.059547481454
1.600000000000 4.400000000000 0.060862541262
1.800000000000 4.400000000000 0.062030115377
2.000000000000 4.400000000000 0.062976800825
2.200000000000 4.400000000000 0.063643069757
2.400000000000 4.400000000000 0.063987020724
2.600000000000 4.400000000000 0.063987020724
2.800000000000 4.400000000000 0.063643069757
3.000000000000 4.400000000000 0.062976800825
3.200000000000 4.400000000000 0.062030115377
3.400000000000 4.400000000000 0.060862541262
3.600000000000 4.400000000000 0.059547481454
3.800000000000 4.400000000000 0.058167591979
4.000000000000 4.400000000000 0.056809581909
4.200000000000 4.400000000000 0.055558763738
4.400000000000 4.400000000000 0.054493696911
4.600000000000 4.400000000000 0.053681260070
4.800000000000 4.400000000000 0.053172459569

0.000000000000 4.600000000000 0.052209078412
0.200000000000 4.600000000000 0.052379720496
0.400000000000 4.600000000000 0.052880935506
0.600000000000 4.600000000000 0.053681260070
0.800000000000 4.600000000000 0.054730448268
1.000000000000 4.600000000000 0.055962618522
1.200000000000 4.600000000000 0.057300382596
1.400000000000 4.600000000000 0.058659699885
1.600000000000 4.600000000000 0.059955154026
1.800000000000 4.600000000000 0.061105321275
2.000000000000 4.600000000000 0.062037892991
2.200000000000 4.600000000000 0.062694228803
2.400000000000 4.600000000000 0.063033051951
2.600000000000 4.600000000000 0.063033051951
2.800000000000 4.600000000000 0.062694228803
3.000000000000 4.600000000000 0.062037892991
3.200000000000 4.600000000000 0.061105321275
3.400000000000 4.600000000000 0.059955154026
3.600000000000 4.600000000000 0.058659699885
3.800000000000 4.600000000000 0.057300382596
4.000000000000 4.600000000000 0.055962618522
4.200000000000 4.600000000000 0.054730448268
4.400000000000 4.600000000000 0.053681260070
4.600000000000 4.600000000000 0.052880935506
4.800000000000 4.600000000000 0.052379720496

0.000000000000 4.800000000000 0.051714231276
0.200000000000 4.800000000000 0.051883256011
0.400000000000 4.800000000000 0.052379720496
0.600000000000 4.800000000000 0.053172459569
0.800000000000 4.800000000000 0.054211703542
1.000000000000 4.800000000000 0.055432195264
1.200000000000 4.800000000000 0.056757279986
1.400000000000 4.800000000000 0.058103713641
1.600000000000 4.800000000000 0.059386889444
1.800000000000 4.800000000000 0.060526155388
2.000000000000 4.800000000000 0.061449888173
2.200000000000 4.800000000000 0.062100003223
2.400000000000 4.800000000000 0.062435614999
2.600000000000 4.800000000000 0.062435614999
2.800000000000 4.800000000000 0.062100003223
3.000000000000 4.800000000000 0.061449888173
3.200000000000 4.800000000000 0.060526155388
3.400000000000 4.800000000000 0.059386889444
3.600000000000 4.800000000000 0.058103713641
3.800000000000 4.800000000000 0.056757279986
4.000000000000 4.800000000000 0.055432195264
4.200000000000 4.800000000000 0.054211703542
4.400000000000 4.800000000000 0.053172459569
4.600000000000 4.800000000000 0.052379720496
4.800000000000 4.800000000000 0.051883256011

