# x y u
0.000000000000 0.000000000000 0.054504902468
0.200000000000 0.000000000000 0.054631044983
0.400000000000 0.000000000000 0.055001549557
0.600000000000 0.000000000000 0.055593144355
0.800000000000 0.000000000000 0.056368668871
1.000000000000 0.000000000000 0.057279406002
1.200000000000 0.000000000000 0.058268140158
1.400000000000 0.000000000000 0.059272750017
1.600000000000 0.000000000000 0.060230110721
1.800000000000 0.000000000000 0.061080060623
2.000000000000 0.000000000000 0.061769183236
2.200000000000 0.000000000000 0.062254166308
2.400000000000 0.000000000000 0.062504526294
2.600000000000 0.000000000000 0.062504526294
2.800000000000 0.000000000000 0.062254166308
3.000000000000 0.000000000000 0.061769183236
3.200000000000 0.000000000000 0.061080060623
3.400000000000 0.000000000000 0.060230110721
3.600000000000 0.000000000000 0.059272750017
3.800000000000 0.000000000000 0.058268140158
4.000000000000 0.000000000000 0.057279406002
4.200000000000 0.000000000000 0.056368668871
4.400000000000 0.000000000000 0.055593144355
4.600000000000 0.000000000000 0.055001549557
4.800000000000 0.000000000000 0.054631044983

0.000000000000 0.200000000000 0.054631044983
0.200000000000 0.200000000000 0.054757479429
0.400000000000 0.200000000000 0.055128841459
0.600000000000 0.200000000000 0.055721805379
0.800000000000 0.200000000000 0.056499124684
1.000000000000 0.200000000000 0.057411969525
1.200000000000 0.200000000000 0.058402991900
1.400000000000 0.200000000000 0.059409926718
1.600000000000 0.200000000000 0.060369503033
1.800000000000 0.200000000000 0.061221419966
2.000000000000 0.200000000000 0.061912137409
2.200000000000 0.200000000000 0.062398242873
2.400000000000 0.200000000000 0.062649182265
2.600000000000 0.200000000000 0.062649182265
2.800000000000 0.200000000000 0.062398242873
3.000000000000 0.200000000000 0.061912137409
3.200000000000 0.200000000000 0.061221419966
3.400000000000 0.200000000000 0.060369503033
3.600000000000 0.200000000000 0.059409926718
3.800000000000 0.200000000000 0.058402991900
4.000000000000 0.200000000000 0.057411969525
4.200000000000 0.200000000000 0.056499124684
4.400000000000 0.200000000000 0.055721805379
4.600000000000 0.200000000000 0.055128841459
4.800000000000 0.200000000000 0.054757479429

0.000000000000 0.400000000000 0.055001549557
0.200000000000 0.400000000000 0.055128841459
0.400000000000 0.400000000000 0.055502721998
0.600000000000 0.400000000000 0.056099707290
0.800000000000 0.400000000000 0.056882298234
1.000000000000 0.400000000000 0.057801333822
1.200000000000 0.400000000000 0.058799077129
1.400000000000 0.400000000000 0.059812840795
1.600000000000 0.400000000000 0.060778924781
1.800000000000 0.400000000000 0.061636619259
2.000000000000 0.400000000000 0.062332021022
2.200000000000 0.400000000000 0.062821423164
2.400000000000 0.400000000000 0.063074064381
2.600000000000 0.400000000000 0.063074064381
2.800000000000 0.400000000000 0.062821423164
3.000000000000 0.400000000000 0.062332021022
3.200000000000 0.400000000000 0.061636619259
3.400000000000 0.400000000000 0.060778924781
3.600000000000 0.400000000000 0.059812840795
3.800000000000 0.400000000000 0.058799077129
4.000000000000 0.400000000000 0.057801333822
4.200000000000 0.400000000000 0.056882298234
4.400000000000 0.400000000000 0.056099707290
4.600000000000 0.400000000000 0.055502721998
4.800000000000 0.400000000000 0.055128841459

0.000000000000 0.600000000000 0.055593144355
0.200000000000 0.600000000000 0.055721805379
0.400000000000 0.600000000000 0.056099707290
0.600000000000 0.600000000000 0.056703113620
0.800000000000 0.600000000000 0.057494121931
1.000000000000 0.600000000000 0.058423042454
1.200000000000 0.600000000000 0.059431517259
1.400000000000 0.600000000000 0.060456184733
1.600000000000 0.600000000000 0.061432659695
1.800000000000 0.600000000000 0.062299579338
2.000000000000 0.600000000000 0.063002460682
2.200000000000 0.600000000000 0.063497126720
2.400000000000 0.600000000000 0.063752485287
2.600000000000 0.600000000000 0.063752485287
2.800000000000 0.600000000000 0.063497126720
3.000000000000 0.600000000000 0.063002460682
3.200000000000 0.600000000000 0.062299579338
3.400000000000 0.600000000000 0.061432659695
3.600000000000 0.600000000000 0.060456184733
3.800000000000 0.600000000000 0.059431517259
4.000000000000 0.600000000000 0.058423042454
4.200000000000 0.600000000000 0.057494121931
4.400000000000 0.600000000000 0.056703113620
4.600000000000 0.600000000000 0.056099707290
4.800000000000 0.600000000000 0.055721805379

0.000000000000 0.800000000000 0.056368668871
0.200000000000 0.800000000000 0.056499124684
0.400000000000 0.800000000000 0.056882298234
0.600000000000 0.800000000000 0.057494121931
0.800000000000 0.800000000000 0.058296164611
1.000000000000 0.800000000000 0.059238043344
1.200000000000 0.800000000000 0.060260586120
1.400000000000 0.800000000000 0.061299547450
1.600000000000 0.800000000000 0.062289643995
1.800000000000 0.800000000000 0.063168656950
2.000000000000 0.800000000000 0.063881343313
2.200000000000 0.800000000000 0.064382909819
2.400000000000 0.800000000000 0.064641830575
2.600000000000 0.800000000000 0.064641830575
2.800000000000 0.800000000000 0.064382909819
3.000000000000 0.800000000000 0.063881343313
3.200000000000 0.800000000000 0.063168656950
3.400000000000 0.800000000000 0.062289643995
3.600000000000 0.800000000000 0.061299547450
3.800000000000 0.800000000000 0.060260586120
4.000000000000 0.800000000000 0.059238043344
4.200000000000 0.800000000000 0.058296164611
4.400000000000 0.800000000000 0.057494121931
4.600000000000 0.800000000000 0.056882298234
4.800000000000 0.800000000000 0.056499124684

0.000000000000 1.000000000000 0.057279406002
0.200000000000 1.000000000000 0.057411969525
0.400000000000 1.000000000000 0.057801333822
0.600000000000 1.000000000000 0.058423042454
0.800000000000 1.000000000000 0.059238043344
1.000000000000 1.000000000000 0.060195139549
1.200000000000 1.000000000000 0.061234203047
1.400000000000 1.000000000000 0.062289950365
1.600000000000 1.000000000000 0.063296043413
1.800000000000 1.000000000000 0.064189258148
2.000000000000 1.000000000000 0.064913459035
2.200000000000 1.000000000000 0.065423129104
2.400000000000 1.000000000000 0.065686233115
2.600000000000 1.000000000000 0.065686233115
2.800000000000 1.000000000000 0.065423129104
3.000000000000 1.000000000000 0.064913459035
3.200000000000 1.000000000000 0.064189258148
3.400000000000 1.000000000000 0.063296043413
3.600000000000 1.000000000000 0.062289950365
3.800000000000 1.000000000000 0.061234203047
4.000000000000 1.000000000000 0.060195139549
4.200000000000 1.000000000000 0.059238043344
4.400000000000 1.000000000000 0.058423042454
4.600000000000 1.000000000000 0.057801333822
4.800000000000 1.000000000000 0.057411969525

0.000000000000 1.200000000000 0.058268140158
0.200000000000 1.200000000000 0.058402991900
0.400000000000 1.200000000000 0.058799077129
0.600000000000 1.200000000000 0.059431517259
0.800000000000 1.200000000000 0.060260586120
1.000000000000 1.200000000000 0.061234203047
1.200000000000 1.200000000000 0.062291202128
1.400000000000 1.200000000000 0.063365173013
1.600000000000 1.200000000000 0.064388632532
1.800000000000 1.200000000000 0.065297265311
2.000000000000 1.200000000000 0.066033966844
2.200000000000 1.200000000000 0.066552434479
2.400000000000 1.200000000000 0.066820080007
2.600000000000 1.200000000000 0.066820080007
2.800000000000 1.200000000000 0.066552434479
3.000000000000 1.200000000000 0.066033966844
3.200000000000 1.200000000000 0.065297265311
3.400000000000 1.200000000000 0.064388632532
3.600000000000 1.200000000000 0.063365173013
3.800000000000 1.200000000000 0.062291202128
4.000000000000 1.200000000000 0.061234203047
4.200000000000 1.200000000000 0.060260586120
4.400000000000 1.200000000000 0.059431517259
4.600000000000 1.200000000000 0.058799077129
4.800000000000 1.200000000000 0.058402991900

0.000000000000 1.400000000000 0.059272750017
0.200000000000 1.400000000000 0.059409926718
0.400000000000 1.400000000000 0.059812840795
0.600000000000 1.400000000000 0.060456184733
0.800000000000 1.400000000000 0.061299547450
1.000000000000 1.400000000000 0.062289950365
1.200000000000 1.400000000000 0.063365173013
1.400000000000 1.400000000000 0.064457660074
1.600000000000 1.400000000000 0.065498764909
1.800000000000 1.400000000000 0.066423063294
2.000000000000 1.400000000000 0.067172466190
2.200000000000 1.400000000000 0.067699872650
2.400000000000 1.400000000000 0.067972132615
2.600000000000 1.400000000000 0.067972132615
2.800000000000 1.400000000000 0.067699872650
3.000000000000 1.400000000000 0.067172466190
3.200000000000 1.400000000000 0.066423063294
3.400000000000 1.400000000000 0.065498764909
3.600000000000 1.400000000000 0.064457660074
3.800000000000 1.400000000000 0.063365173013
4.000000000000 1.400000000000 0.062289950365
4.200000000000 1.400000000000 0.061299547450
4.400000000000 1.400000000000 0.060456184733
4.600000000000 1.400000000000 0.059812840795
4.800000000000 1.400000000000 0.059409926718

0.000000000000 1.600000000000 0.060230110721
0.200000000000 1.600000000000 0.060369503033
0.400000000000 1.600000000000 0.060778924781
0.600000000000 1.600000000000 0.061432659695
0.800000000000 1.600000000000 0.062289643995
1.000000000000 1.600000000000 0.063296043413
1.200000000000 1.600000000000 0.064388632532
1.400000000000 1.600000000000 0.065498764909
1.600000000000 1.600000000000 0.066556685159
1.800000000000 1.600000000000 0.067495912360
2.000000000000 1.600000000000 0.068257419244
2.200000000000 1.600000000000 0.068793344116
2.400000000000 1.600000000000 0.069070001490
2.600000000000 1.600000000000 0.069070001490
2.800000000000 1.600000000000 0.068793344116
3.000000000000 1.600000000000 0.068257419244
3.200000000000 1.600000000000 0.067495912360
3.400000000000 1.600000000000 0.066556685159
3.600000000000 1.600000000000 0.065498764909
3.800000000000 1.600000000000 0.064388632532
4.000000000000 1.600000000000 0.063296043413
4.200000000000 1.600000000000 0.062289643995
4.400000000000 1.600000000000 0.061432659695
4.600000000000 1.600000000000 0.060778924781
4.800000000000 1.600000000000 0.060369503033

0.000000000000 1.800000000000 0.061080060623
0.200000000000 1.800000000000 0.061221419966
0.400000000000 1.800000000000 0.061636619259
0.600000000000 1.800000000000 0.062299579338
0.800000000000 1.800000000000 0.063168656950
1.000000000000 1.800000000000 0.064189258148
1.200000000000 1.800000000000 0.065297265311
1.400000000000 1.800000000000 0.066423063294
1.600000000000 1.800000000000 0.067495912360
1.800000000000 1.800000000000 0.068448393441
2.000000000000 1.800000000000 0.069220646311
2.200000000000 1.800000000000 0.069764133873
2.400000000000 1.800000000000 0.070044695291
2.600000000000 1.800000000000 0.070044695291
2.800000000000 1.800000000000 0.069764133873
3.000000000000 1.800000000000 0.069220646311
3.200000000000 1.800000000000 0.068448393441
3.400000000000 1.800000000000 0.067495912360
3.600000000000 1.800000000000 0.066423063294
3.800000000000 1.800000000000 0.065297265311
4.000000000000 1.800000000000 0.064189258148
4.200000000000 1.800000000000 0.063168656950
4.400000000000 1.800000000000 0.062299579338
4.600000000000 1.800000000000 0.061636619259
4.800000000000 1.800000000000 0.061221419966

0.000000000000 2.000000000000 0.061769183236
0.200000000000 2.000000000000 0.061912137409
0.400000000000 2.000000000000 0.062332021022
0.600000000000 2.000000000000 0.063002460682
0.800000000000 2.000000000000 0.063881343313
1.000000000000 2.000000000000 0.064913459035
1.200000000000 2.000000000000 0.066033966844
1.400000000000 2.000000000000 0.067172466190
1.600000000000 2.000000000000 0.068257419244
1.800000000000 2.000000000000 0.069220646311
2.000000000000 2.000000000000 0.070001611814
2.200000000000 2.000000000000 0.070551231056
2.400000000000 2.000000000000 0.070834957795
2.600000000000 2.000000000000 0.070834957795
2.800000000000 2.000000000000 0.070551231056
3.000000000000 2.000000000000 0.070001611814
3.200000000000 2.000000000000 0.069220646311
3.400000000000 2.000000000000 0.068257419244
3.600000000000 2.000000000000 0.067172466190
3.800000000000 2.000000000000 0.066033966844
4.000000000000 2.000000000000 0.064913459035
4.200000000000 2.000000000000 0.063881343313
4.400000000000 2.000000000000 0.063002460682
4.600000000000 2.000000000000 0.062332021022
4.800000000000 2.000000000000 0.061912137409

0.000000000000 2.200000000000 0.062254166308
0.200000000000 2.200000000000 0.062398242873
0.400000000000 2.200000000000 0.062821423164
0.600000000000 2.200000000000 0.063497126720
0.800000000000 2.200000000000 0.064382909819
1.000000000000 2.200000000000 0.065423129104
1.200000000000 2.200000000000 0.066552434479
1.400000000000 2.200000000000 0.067699872650
1.600000000000 2.200000000000 0.068793344116
1.800000000000 2.200000000000 0.069764133873
2.000000000000 2.200000000000 0.070551231056
2.200000000000 2.200000000000 0.071105165583
2.400000000000 2.200000000000 0.071391119978
2.600000000000 2.200000000000 0.071391119978
2.800000000000 2.200000000000 0.071105165583
3.000000000000 2.200000000000 0.070551231056
3.200000000000 2.200000000000 0.069764133873
3.400000000000 2.200000000000 0.068793344116
3.600000000000 2.200000000000 0.067699872650
3.800000000000 2.200000000000 0.066552434479
4.000000000000 2.200000000000 0.065423129104
4.200000000000 2.200000000000 0.064382909819
4.400000000000 2.200000000000 0.063497126720
4.600000000000 2.200000000000 0.062821423164
4.800000000000 2.200000000000 0.062398242873

0.000000000000 2.400000000000 0.062504526294
0.200000000000 2.400000000000 0.062649182265
0.400000000000 2.400000000000 0.063074064381
0.600000000000 2.400000000000 0.063752485287
0.800000000000 2.400000000000 0.064641830575
1.000000000000 2.400000000000 0.065686233115
1.200000000000 2.400000000000 0.066820080007
1.400000000000 2.400000000000 0.067972132615
1.600000000000 2.400000000000 0.069070001490
1.800000000000 2.400000000000 0.070044695291
2.000000000000 2.400000000000 0.070834957795
2.200000000000 2.400000000000 0.071391119978
2.400000000000 2.400000000000 0.071678224342
2.600000000000 2.400000000000 0.071678224342
2.800000000000 2.400000000000 0.071391119978
3.000000000000 2.400000000000 0.070834957795
3.200000000000 2.400000000000 0.070044695291
3.400000000000 2.400000000000 0.069070001490
3.600000000000 2.400000000000 0.067972132615
3.800000000000 2.400000000000 0.066820080007
4.000000000000 2.400000000000 0.065686233115
4.200000000000 2.400000000000 0.064641830575
4.400000000000 2.400000000000 0.063752485287
4.600000000000 2.400000000000 0.063074064381
4.800000000000 2.400000000000 0.062649182265

0.000000000000 2.600000000000 0.062504526294
0.200000000000 2.600000000000 0.062649182265
0.400000000000 2.600000000000 0.063074064381
0.600000000000 2.600000000000 0.063752485287
0.800000000000 2.600000000000 0.064641830575
1.000000000000 2.600000000000 0.065686233115
1.200000000000 2.600000000000 0.066820080007
1.400000000000 2.600000000000 0.067972132615
1.600000000000 2.600000000000 0.069070001490
1.800000000000 2.600000000000 0.070044695291
2.000000000000 2.600000000000 0.070834957795
2.200000000000 2.600000000000 0.071391119978
2.400000000000 2.600000000000 0.071678224342
2.600000000000 2.600000000000 0.071678224342
2.800000000000 2.600000000000 0.071391119978
3.000000000000 2.600000000000 0.070834957795
3.200000000000 2.600000000000 0.070044695291
3.400000000000 2.600000000000 0.069070001490
3.600000000000 2.600000000000 0.067972132615
3.800000000000 2.600000000000 0.066820080007
4.000000000000 2.600000000000 0.065686233115
4.200000000000 2.600000000000 0.064641830575
4.400000000000 2.600000000000 0.063752485287
4.600000000000 2.600000000000 0.063074064381
4.800000000000 2.600000000000 0.062649182265

0.000000000000 2.800000000000 0.062254166308
0.200000000000 2.800000000000 0.062398242873
0.400000000000 2.800000000000 0.062821423164
0.600000000000 2.800000000000 0.063497126720
0.800000000000 2.800000000000 0.064382909819
1.000000000000 2.800000000000 0.065423129104
1.200000000000 2.800000000000 0.066552434479
1.400000000000 2.800000000000 0.067699872650
1.600000000000 2.800000000000 0.068793344116
1.800000000000 2.800000000000 0.069764133873
2.000000000000 2.800000000000 0.070551231056
2.200000000000 2.800000000000 0.071105165583
2.400000000000 2.800000000000 0.071391119978
2.600000000000 2.800000000000 0.071391119978
2.800000000000 2.800000000000 0.071105165583
3.000000000000 2.800000000000 0.070551231056
3.200000000000 2.800000000000 0.069764133873
3.400000000000 2.800000000000 0.068793344116
3.600000000000 2.800000000000 0.067699872650
3.800000000000 2.800000000000 0.066552434479
4.000000000000 2.800000000000 0.065423129104
4.200000000000 2.800000000000 0.064382909819
4.400000000000 2.800000000000 0.063497126720
4.600000000000 2.800000000000 0.062821423164
4.800000000000 2.800000000000 0.062398242873

0.000000000000 3.000000000000 0.061769183236
0.200000000000 3.000000000000 0.061912137409
0.400000000000 3.000000000000 0.062332021022
0.600000000000 3.000000000000 0.063002460682
0.800000000000 3.000000000000 0.063881343313
1.000000000000 3.000000000000 0.064913459035
1.200000000000 3.000000000000 0.066033966844
1.400000000000 3.000000000000 0.067172466190
1.600000000000 3.000000000000 0.068257419244
1.800000000000 3.000000000000 0.069220646311
2.000000000000 3.000000000000 0.070001611814
2.200000000000 3.000000000000 0.070551231056
2.400000000000 3.000000000000 0.070834957795
2.600000000000 3.000000000000 0.070834957795
2.800000000000 3.000000000000 0.070551231056
3.000000000000 3.000000000000 0.070001611814
3.200000000000 3.000000000000 0.069220646311
3.400000000000 3.000000000000 0.068257419244
3.600000000000 3.000000000000 0.067172466190
3.800000000000 3.000000000000 0.066033966844
4.000000000000 3.000000000000 0.064913459035
4.200000000000 3.000000000000 0.063881343313
4.400000000000 3.000000000000 0.063002460682
4.600000000000 3.000000000000 0.062332021022
4.800000000000 3.000000000000 0.061912137409

0.000000000000 3.200000000000 0.061080060623
0.200000000000 3.200000000000 0.061221419966
0.400000000000 3.200000000000 0.061636619259
0.600000000000 3.200000000000 0.062299579338
0.800000000000 3.200000000000 0.063168656950
1.000000000000 3.200000000000 0.064189258148
1.200000000000 3.200000000000 0.065297265311
1.400000000000 3.200000000000 0.066423063294
1.600000000000 3.200000000000 0.067495912360
1.800000000000 3.200000000000 0.068448393441
2.000000000000 3.200000000000 0.069220646311
2.200000000000 3.200000000000 0.069764133873
2.400000000000 3.200000000000 0.070044695291
2.600000000000 3.200000000000 0.070044695291
2.800000000000 3.200000000000 0.069764133873
3.000000000000 3.200000000000 0.069220646311
3.200000000000 3.200000000000 0.068448393441
3.400000000000 3.200000000000 0.067495912360
3.600000000000 3.200000000000 0.066423063294
3.800000000000 3.200000000000 0.065297265311
4.000000000000 3.200000000000 0.064189258148
4.200000000000 3.200000000000 0.063168656950
4.400000000000 3.200000000000 0.062299579338
4.600000000000 3.200000000000 0.061636619259
4.800000000000 3.200000000000 0.061221419966

0.000000000000 3.400000000000 0.060230110721
0.200000000000 3.400000000000 0.060369503033
0.400000000000 3.400000000000 0.060778924781
0.600000000000 3.400000000000 0.061432659695
0.800000000000 3.400000000000 0.062289643995
1.000000000000 3.400000000000 0.063296043413
1.200000000000 3.400000000000 0.064388632532
1.400000000000 3.400000000000 0.065498764909
1.600000000000 3.400000000000 0.066556685159
1.800000000000 3.400000000000 0.067495912360
2.000000000000 3.400000000000 0.068257419244
2.200000000000 3.400000000000 0.068793344116
2.400000000000 3.400000000000 0.069070001490
2.600000000000 3.400000000000 0.069070001490
2.800000000000 3.400000000000 0.068793344116
3.000000000000 3.400000000000 0.068257419244
3.200000000000 3.400000000000 0.067495912360
3.400000000000 3.400000000000 0.066556685159
3.600000000000 3.400000000000 0.065498764909
3.800000000000 3.400000000000 0.064388632532
4.000000000000 3.400000000000 0.063296043413
4.200000000000 3.400000000000 0.062289643995
4.400000000000 3.400000000000 0.061432659695
4.600000000000 3.400000000000 0.060778924781
4.800000000000 3.400000000000 0.060369503033

0.000000000000 3.600000000000 0.059272750017
0.200000000000 3.600000000000 0.059409926718
0.400000000000 3.600000000000 0.059812840795
0.600000000000 3.600000000000 0.060456184733
0.800000000000 3.600000000000 0.061299547450
1.000000000000 3.600000000000 0.062289950365
1.200000000000 3.600000000000 0.063365173013
1.400000000000 3.600000000000 0.064457660074
1.600000000000 3.600000000000 0.065498764909
1.800000000000 3.600000000000 0.066423063294
2.000000000000 3.600000000000 0.067172466190
2.200000000000 3.600000000000 0.067699872650
2.400000000000 3.600000000000 0.067972132615
2.600000000000 3.600000000000 0.067972132615
2.800000000000 3.600000000000 0.067699872650
3.000000000000 3.600000000000 0.067172466190
3.200000000000 3.600000000000 0.066423063294
3.400000000000 3.600000000000 0.065498764909
3.600000000000 3.600000000000 0.064457660074
3.800000000000 3.600000000000 0.063365173013
4.000000000000 3.600000000000 0.062289950365
4.200000000000 3.600000000000 0.061299547450
4.400000000000 3.600000000000 0.060456184733
4.600000000000 3.600000000000 0.059812840795
4.800000000000 3.600000000000 0.059409926718

0.000000000000 3.800000000000 0.058268140158
0.200000000000 3.800000000000 0.058402991900
0.400000000000 3.800000000000 0.058799077129
0.600000000000 3.800000000000 0.059431517259
0.800000000000 3.800000000000 0.060260586120
1.000000000000 3.800000000000 0.061234203047
1.200000000000 3.800000000000 0.062291202128
1.400000000000 3.800000000000 0.063365173013
1.600000000000 3.800000000000 0.064388632532
1.800000000000 3.800000000000 0.065297265311
2.000000000000 3.800000000000 0.066033966844
2.200000000000 3.800000000000 0.066552434479
2.400000000000 3.800000000000 0.066820080007
2.600000000000 3.800000000000 0.066820080007
2.800000000000 3.800000000000 0.066552434479
3.000000000000 3.800000000000 0.066033966844
3.200000000000 3.800000000000 0.065297265311
3.400000000000 3.800000000000 0.064388632532
3.600000000000 3.800000000000 0.063365173013
3.800000000000 3.800000000000 0.062291202128
4.000000000000 3.800000000000 0.061234203047
4.200000000000 3.800000000000 0.060260586120
4.400000000000 3.800000000000 0.059431517259
4.600000000000 3.800000000000 0.058799077129
4.800000000000 3.800000000000 0.058402991900

0.000000000000 4.000000000000 0.057279406002
0.200000000000 4.000000000000 0.057411969525
0.400000000000 4.000000000000 0.057801333822
0.600000000000 4.000000000000 0.058423042454
0.800000000000 4.000000000000 0.059238043344
1.000000000000 4.000000000000 0.060195139549
1.200000000000 4.000000000000 0.061234203047
1.400000000000 4.000000000000 0.062289950365
1.600000000000 4.000000000000 0.063296043413
1.800000000000 4.000000000000 0.064189258148
2.000000000000 4.000000000000 0.064913459035
2.200000000000 4.000000000000 0.065423129104
2.400000000000 4.000000000000 0.065686233115
2.600000000000 4.000000000000 0.065686233115
2.800000000000 4.000000000000 0.065423129104
3.000000000000 4.000000000000 0.064913459035
3.200000000000 4.000000000000 0.064189258148
3.400000000000 4.000000000000 0.063296043413
3.600000000000 4.000000000000 0.062289950365
3.800000000000 4.000000000000 0.061234203047
4.000000000000 4.000000000000 0.060195139549
4.200000000000 4.000000000000 0.059238043344
4.400000000000 4.000000000000 0.058423042454
4.600000000000 4.000000000000 0.057801333822
4.800000000000 4.000000000000 0.057411969525

0.000000000000 4.200000000000 0.056368668871
0.200000000000 4.200000000000 0.056499124684
0.400000000000 4.200000000000 0.056882298234
0.600000000000 4.200000000000 0.057494121931
0.800000000000 4.200000000000 0.058296164611
1.000000000000 4.200000000000 0.059238043344
1.200000000000 4.200000000000 0.060260586120
1.400000000000 4.200000000000 0.061299547450
1.600000000000 4.200000000000 0.062289643995
1.800000000000 4.200000000000 0.063168656950
2.000000000000 4.200000000000 0.063881343313
2.200000000000 4.200000000000 0.064382909819
2.400000000000 4.200000000000 0.064641830575
2.600000000000 4.200000000000 0.064641830575
2.800000000000 4.200000000000 0.064382909819
3.000000000000 4.200000000000 0.063881343313
3.200000000000 4.200000000000 0.063168656950
3.400000000000 4.200000000000 0.062289643995
3.600000000000 4.200000000000 0.061299547450
3.800000000000 4.200000000000 0.060260586120
4.000000000000 4.200000000000 0.059238043344
4.200000000000 4.200000000000 0.058296164611
4.400000000000 4.200000000000 0.057494121931
4.600000000000 4.200000000000 0.056882298234
4.800000000000 4.200000000000 0.056499124684

0.000000000000 4.400000000000 0.055593144355
0.200000000000 4.400000000000 0.055721805379
0.400000000000 4.400000000000 0.056099707290
0.600000000000 4.400000000000 0.056703113620
0.800000000000 4.400000000000 0.057494121931
1.000000000000 4.400000000000 0.058423042454
1.200000000000 4.400000000000 0.059431517259
1.400000000000 4.400000000000 0.060456184733
1.600000000000 4.400000000000 0.061432659695
1.800000000000 4.400000000000 0.062299579338
2.000000000000 4.400000000000 0.063002460682
2.200000000000 4.400000000000 0.063497126720
2.400000000000 4.400000000000 0.063752485287
2.600000000000 4.400000000000 0.063752485287
2.800000000000 4.400000000000 0.063497126720
3.000000000000 4.400000000000 0.063002460682
3.200000000000 4.400000000000 0.062299579338
3.400000000000 4.400000000000 0.061432659695
3.600000000000 4.400000000000 0.060456184733
3.800000000000 4.400000000000 0.059431517259
4.000000000000 4.400000000000 0.058423042454
4.200000000000 4.400000000000 0.057494121931
4.400000000000 4.400000000000 0.056703113620
4.600000000000 4.400000000000 0.056099707290
4.800000000000 4.400000000000 0.055721805379

0.000000000000 4.600000000000 0.055001549557
0.200000000000 4.600000000000 0.055128841459
0.400000000000 4.600000000000 0.055502721998
0.600000000000 4.600000000000 0.056099707290
0.800000000000 4.600000000000 0.056882298234
1.000000000000 4.600000000000 0.057801333822
1.200000000000 4.600000000000 0.058799077129
1.400000000000 4.600000000000 0.059812840795
1.600000000000 4.600000000000 0.060778924781
1.800000000000 4.600000000000 0.061636619259
2.000000000000 4.600000000000 0.062332021022
2.200000000000 4.600000000000 0.062821423164
2.400000000000 4.600000000000 0.063074064381
2.600000000000 4.600000000000 0.063074064381
2.800000000000 4.600000000000 0.062821423164
3.000000000000 4.600000000000 0.062332021022
3.200000000000 4.600000000000 0.061636619259
3.400000000000 4.600000000000 0.060778924781
3.600000000000 4.600000000000 0.059812840795
3.800000000000 4.600000000000 0.058799077129
4.000000000000 4.600000000000 0.057801333822
4.200000000000 4.600000000000 0.056882298234
4.400000000000 4.600000000000 0.056099707290
4.600000000000 4.600000000000 0.055502721998
4.800000000000 4.600000000000 0.055128841459

0.000000000000 4.800000000000 0.054631044983
0.200000000000 4.800000000000 0.054757479429
0.400000000000 4.800000000000 0.055128841459
0.600000000000 4.800000000000 0.055721805379
0.800000000000 4.800000000000 0.056499124684
1.000000000000 4.800000000000 0.057411969525
1.200000000000 4.800000000000 0.058402991900
1.400000000000 4.800000000000 0.059409926718
1.600000000000 4.800000000000 0.060369503033
1.800000000000 4.800000000000 0.061221419966
2.000000000000 4.800000000000 0.061912137409
2.200000000000 4.800000000000 0.062398242873
2.400000000000 4.800000000000 0.062649182265
2.600000000000 4.800000000000 0.062649182265
2.800000000000 4.800000000000 0.062398242873
3.000000000000 4.800000000000 0.061912137409
3.200000000000 4.800000000000 0.061221419966
3.400000000000 4.800000000000 0.060369503033
3.600000000000 4.800000000000 0.059409926718
3.800000000000 4.800000000000 0.058402991900
4.000000000000 4.800000000000 0.057411969525
4.200000000000 4.800000000000 0.056499124684
4.400000000000 4.800000000000 0.055721805379
4.600000000000 4.800000000000 0.055128841459
4.800000000000 4.800000000000 0.054757479429

