# x y u
0.000000000000 0.000000000000 0.000143534834
0.200000000000 0.000000000000 0.000349788260
0.400000000000 0.000000000000 0.000881918429
0.600000000000 0.000000000000 0.002168942403
0.800000000000 0.000000000000 0.004541300184
1.000000000000 0.000000000000 0.007768336786
1.200000000000 0.000000000000 0.010923616770
1.400000000000 0.000000000000 0.012826263627
1.600000000000 0.000000000000 0.012752068035
1.800000000000 0.000000000000 0.010842096984
2.000000000000 0.000000000000 0.007926669483
2.200000000000 0.000000000000 0.004987430704
2.400000000000 0.000000000000 0.002689304917
2.600000000000 0.000000000000 0.001229692936
2.800000000000 0.000000000000 0.000465569799
3.000000000000 0.000000000000 0.000137385360
3.200000000000 0.000000000000 0.000027397003
3.400000000000 0.000000000000 0.000003071784
3.600000000000 0.000000000000 -0.000001063315
3.800000000000 0.000000000000 -0.000003566820
4.000000000000 0.000000000000 0.000000158108
4.200000000000 0.000000000000 0.000006068362
4.400000000000 0.000000000000 0.000001883663
4.600000000000 0.000000000000 0.000001423358
4.800000000000 0.000000000000 0.000042111162

0.000000000000 0.200000000000 0.000349788260
0.200000000000 0.200000000000 0.000850470277
0.400000000000 0.200000000000 0.002140543342
0.600000000000 0.200000000000 0.005283691792
0.800000000000 0.200000000000 0.011120337926
1.000000000000 0.200000000000 0.019110961577
1.200000000000 0.200000000000 0.026976991745
1.400000000000 0.200000000000 0.031778013523
1.600000000000 0.200000000000 0.031682367916
1.800000000000 0.200000000000 0.027004834207
2.000000000000 0.200000000000 0.019790150074
2.200000000000 0.200000000000 0.012481210880
2.400000000000 0.200000000000 0.006746674925
2.600000000000 0.200000000000 0.003093511702
2.800000000000 0.200000000000 0.001175331554
3.000000000000 0.200000000000 0.000348633983
3.200000000000 0.200000000000 0.000070198969
3.400000000000 0.200000000000 0.000008114268
3.600000000000 0.200000000000 -0.000002469943
3.800000000000 0.200000000000 -0.000008976204
4.000000000000 0.200000000000 0.000000124333
4.200000000000 0.200000000000 0.000015228174
4.400000000000 0.200000000000 0.000004911800
4.600000000000 0.200000000000 0.000002344002
4.800000000000 0.200000000000 0.000101184466

0.000000000000 0.400000000000 0.000881918429
0.200000000000 0.400000000000 0.002140543342
0.400000000000 0.400000000000 0.005412479181
0.600000000000 0.400000000000 0.013390124350
0.800000000000 0.400000000000 0.028155496386
1.000000000000 0.400000000000 0.048278670165
1.200000000000 0.400000000000 0.067974371186
1.400000000000 0.400000000000 0.079865378043
1.600000000000 0.400000000000 0.079428397169
1.800000000000 0.400000000000 0.067542797837
2.000000000000 0.400000000000 0.049386693495
2.200000000000 0.400000000000 0.031079259285
2.400000000000 0.400000000000 0.016763875418
2.600000000000 0.400000000000 0.007670135965
2.800000000000 0.400000000000 0.002907261159
3.000000000000 0.400000000000 0.000859774987
3.200000000000 0.400000000000 0.000172669120
3.400000000000 0.400000000000 0.000020097932
3.600000000000 0.400000000000 -0.000006650671
3.800000000000 0.400000000000 -0.000022627227
4.000000000000 0.400000000000 0.000001343850
4.200000000000 0.400000000000 0.000038325467
4.400000000000 0.400000000000 0.000010403702
4.600000000000 0.400000000000 0.000005737886
4.800000000000 0.400000000000 0.000258173480

0.000000000000 0.600000000000 0.002168942403
0.200000000000 0.600000000000 0.005283691792
0.400000000000 0.600000000000 0.013390124350
0.600000000000 0.600000000000 0.032803727981
0.800000000000 0.600000000000 0.068114860017
1.000000000000 0.600000000000 0.115532759717
1.200000000000 0.600000000000 0.161252229965
1.400000000000 0.600000000000 0.188145239174
1.600000000000 0.600000000000 0.186063562000
1.800000000000 0.600000000000 0.157489016055
2.000000000000 0.600000000000 0.114709907940
2.200000000000 0.600000000000 0.071953445494
2.400000000000 0.600000000000 0.038706473238
2.600000000000 0.600000000000 0.017670518852
2.800000000000 0.600000000000 0.006685212376
3.000000000000 0.600000000000 0.001974740659
3.200000000000 0.600000000000 0.000398139367
3.400000000000 0.600000000000 0.000046623814
3.600000000000 0.600000000000 -0.000017410770
3.800000000000 0.600000000000 -0.000051362105
4.000000000000 0.600000000000 0.000007384879
4.200000000000 0.600000000000 0.000087532561
4.400000000000 0.600000000000 0.000021025918
4.600000000000 0.600000000000 0.000032475673
4.800000000000 0.600000000000 0.000658336866

0.000000000000 0.800000000000 0.004541300184
0.200000000000 0.800000000000 0.011120337926
0.400000000000 0.800000000000 0.028155496386
0.600000000000 0.800000000000 0.068114860017
0.800000000000 0.800000000000 0.139517368406
1.000000000000 0.800000000000 0.234065076647
1.200000000000 0.800000000000 0.324009447635
1.400000000000 0.800000000000 0.375721057015
1.600000000000 0.800000000000 0.369847639615
1.800000000000 0.800000000000 0.311968731317
2.000000000000 0.800000000000 0.226657713280
2.200000000000 0.800000000000 0.141935046595
2.400000000000 0.800000000000 0.076285918386
2.600000000000 0.800000000000 0.034826220579
2.800000000000 0.800000000000 0.013189227986
3.000000000000 0.800000000000 0.003909386675
3.200000000000 0.800000000000 0.000798003467
3.400000000000 0.800000000000 0.000094950264
3.600000000000 0.800000000000 -0.000037090578
3.800000000000 0.800000000000 -0.000097563521
4.000000000000 0.800000000000 0.000021207799
4.200000000000 0.800000000000 0.000167766564
4.400000000000 0.800000000000 0.000040715984
4.600000000000 0.800000000000 0.000111830140
4.800000000000 0.800000000000 0.001422120104

0.000000000000 1.000000000000 0.007768336786
0.200000000000 1.000000000000 0.019110961577
0.400000000000 1.000000000000 0.048278670165
0.600000000000 1.000000000000 0.115532759717
0.800000000000 1.000000000000 0.234065076647
1.000000000000 1.000000000000 0.389413969393
1.200000000000 1.000000000000 0.535840677712
1.400000000000 1.000000000000 0.618770091471
1.600000000000 1.000000000000 0.607376452909
1.800000000000 1.000000000000 0.511416209783
2.000000000000 1.000000000000 0.371232146456
2.200000000000 1.000000000000 0.232452972887
2.400000000000 1.000000000000 0.125037215408
2.600000000000 1.000000000000 0.057185865087
2.800000000000 1.000000000000 0.021727107767
3.000000000000 1.000000000000 0.006482094225
3.200000000000 1.000000000000 0.001345374915
3.400000000000 1.000000000000 0.000163906545
3.600000000000 1.000000000000 -0.000062707869
3.800000000000 1.000000000000 -0.000153190640
4.000000000000 1.000000000000 0.000041295872
4.200000000000 1.000000000000 0.000265691166
4.400000000000 1.000000000000 0.000070688384
4.600000000000 1.000000000000 0.000252537328
4.800000000000 1.000000000000 0.002484620652

0.000000000000 1.200000000000 0.010923616770
0.200000000000 1.200000000000 0.026976991745
0.400000000000 1.200000000000 0.067974371186
0.600000000000 1.200000000000 0.161252229965
0.800000000000 1.200000000000 0.324009447635
1.000000000000 1.200000000000 0.535840677712
1.200000000000 1.200000000000 0.734390609203
1.400000000000 1.200000000000 0.845932338527
1.600000000000 1.200000000000 0.829216439330
1.800000000000 1.200000000000 0.697876195662
2.000000000000 1.200000000000 0.506738242327
2.200000000000 1.200000000000 0.317644995413
2.400000000000 1.200000000000 0.171193093309
2.600000000000 1.200000000000 0.078528796290
2.800000000000 1.200000000000 0.029971977097
3.000000000000 1.200000000000 0.009014969186
3.200000000000 1.200000000000 0.001905480211
3.400000000000 1.200000000000 0.000238685293
3.600000000000 1.200000000000 -0.000085760687
3.800000000000 1.200000000000 -0.000200841968
4.000000000000 1.200000000000 0.000060870400
4.200000000000 1.200000000000 0.000350860508
4.400000000000 1.200000000000 0.000105375050
4.600000000000 1.200000000000 0.000421303533
4.800000000000 1.200000000000 0.003542019590

0.000000000000 1.400000000000 0.012826263627
0.200000000000 1.400000000000 0.031778013523
0.400000000000 1.400000000000 0.079865378043
0.600000000000 1.400000000000 0.188145239174
0.800000000000 1.400000000000 0.375721057015
1.000000000000 1.400000000000 0.618770091471
1.200000000000 1.400000000000 0.845932338527
1.400000000000 1.400000000000 0.973197545295
1.600000000000 1.400000000000 0.953679141312
1.800000000000 1.400000000000 0.803004237048
2.000000000000 1.400000000000 0.583755894990
2.200000000000 1.400000000000 0.366613121323
2.400000000000 1.400000000000 0.198119632360
2.600000000000 1.400000000000 0.091221635473
2.800000000000 1.400000000000 0.035004038687
3.000000000000 1.400000000000 0.010624313946
3.200000000000 1.400000000000 0.002288006385
3.400000000000 1.400000000000 0.000295305705
3.600000000000 1.400000000000 -0.000096908553
3.800000000000 1.400000000000 -0.000222822921
4.000000000000 1.400000000000 0.000071735532
4.200000000000 1.400000000000 0.000391477230
4.400000000000 1.400000000000 0.000133278662
4.600000000000 1.400000000000 0.000554771519
4.800000000000 1.400000000000 0.004195830499

0.000000000000 1.600000000000 0.012752068035
0.200000000000 1.600000000000 0.031682367916
0.400000000000 1.600000000000 0.079428397169
0.600000000000 1.600000000000 0.186063562000
0.800000000000 1.600000000000 0.369847639615
1.000000000000 1.600000000000 0.607376452909
1.200000000000 1.600000000000 0.829216439330
1.400000000000 1.600000000000 0.953679141312
1.600000000000 1.600000000000 0.935036309429
1.800000000000 1.600000000000 0.788251395798
2.000000000000 1.600000000000 0.574081997468
2.200000000000 1.600000000000 0.361441203210
2.400000000000 1.600000000000 0.195969732007
2.600000000000 1.600000000000 0.090623400754
2.800000000000 1.600000000000 0.034983316308
3.000000000000 1.600000000000 0.010721375027
3.200000000000 1.600000000000 0.002352853804
3.400000000000 1.600000000000 0.000313287619
3.600000000000 1.600000000000 -0.000091880428
3.800000000000 1.600000000000 -0.000211529510
4.000000000000 1.600000000000 0.000069630114
4.200000000000 1.600000000000 0.000373187692
4.400000000000 1.600000000000 0.000143345449
4.600000000000 1.600000000000 0.000598701857
4.800000000000 1.600000000000 0.004194739011

0.000000000000 1.800000000000 0.010842096984
0.200000000000 1.800000000000 0.027004834207
0.400000000000 1.800000000000 0.067542797837
0.600000000000 1.800000000000 0.157489016055
0.800000000000 1.800000000000 0.311968731317
1.000000000000 1.800000000000 0.511416209783
1.200000000000 1.800000000000 0.697876195662
1.400000000000 1.800000000000 0.803004237048
1.600000000000 1.800000000000 0.788251395798
1.800000000000 1.800000000000 0.665715628461
2.000000000000 1.800000000000 0.486005277148
2.200000000000 1.800000000000 0.306920853747
2.400000000000 1.800000000000 0.167046450387
2.600000000000 1.800000000000 0.077624291301
2.800000000000 1.800000000000 0.030161962366
3.000000000000 1.800000000000 0.009339055331
3.200000000000 1.800000000000 0.002088953851
3.400000000000 1.800000000000 0.000287237123
3.600000000000 1.800000000000 -0.000073747468
3.800000000000 1.800000000000 -0.000173138472
4.000000000000 1.800000000000 0.000056556830
4.200000000000 1.800000000000 0.000306282172
4.400000000000 1.800000000000 0.000131860121
4.600000000000 1.800000000000 0.000541368696
4.800000000000 1.800000000000 0.003577855643

0.000000000000 2.000000000000 0.007926669483
0.200000000000 2.000000000000 0.019790150074
0.400000000000 2.000000000000 0.049386693495
0.600000000000 2.000000000000 0.114709907940
0.800000000000 2.000000000000 0.226657713280
1.000000000000 2.000000000000 0.371232146456
1.200000000000 2.000000000000 0.506738242327
1.400000000000 2.000000000000 0.583755894990
1.600000000000 2.000000000000 0.574081997468
1.800000000000 2.000000000000 0.486005277148
2.000000000000 2.000000000000 0.355859968739
2.200000000000 2.000000000000 0.225539621327
2.400000000000 2.000000000000 0.123290380190
2.600000000000 2.000000000000 0.057602530563
2.800000000000 2.000000000000 0.022542812855
3.000000000000 2.000000000000 0.007056522984
3.200000000000 2.000000000000 0.001609522030
3.400000000000 2.000000000000 0.000228802532
3.600000000000 2.000000000000 -0.000050222472
3.800000000000 2.000000000000 -0.000122653991
4.000000000000 2.000000000000 0.000038665336
4.200000000000 2.000000000000 0.000217239696
4.400000000000 2.000000000000 0.000104241978
4.600000000000 2.000000000000 0.000415269489
4.800000000000 2.000000000000 0.002619314036

0.000000000000 2.200000000000 0.004987430704
0.200000000000 2.200000000000 0.012481210880
0.400000000000 2.200000000000 0.031079259285
0.600000000000 2.200000000000 0.071953445494
0.800000000000 2.200000000000 0.141935046595
1.000000000000 2.200000000000 0.232452972887
1.200000000000 2.200000000000 0.317644995413
1.400000000000 2.200000000000 0.366613121323
1.600000000000 2.200000000000 0.361441203210
1.800000000000 2.200000000000 0.306920853747
2.000000000000 2.200000000000 0.225539621327
2.200000000000 2.200000000000 0.143548051724
2.400000000000 2.200000000000 0.078863894572
2.600000000000 2.200000000000 0.037071283129
2.800000000000 2.200000000000 0.014623020481
3.000000000000 2.200000000000 0.004631662627
3.200000000000 2.200000000000 0.001078183433
3.400000000000 2.200000000000 0.000158704910
3.600000000000 2.200000000000 -0.000028850022
3.800000000000 2.200000000000 -0.000075184216
4.000000000000 2.200000000000 0.000022160631
4.200000000000 2.200000000000 0.000133110494
4.400000000000 2.200000000000 0.000070946324
4.600000000000 2.200000000000 0.000271523743
4.800000000000 2.200000000000 0.001647614744

0.000000000000 2.400000000000 0.002689304917
0.200000000000 2.400000000000 0.006746674925
0.400000000000 2.400000000000 0.016763875418
0.600000000000 2.400000000000 0.038706473238
0.800000000000 2.400000000000 0.076285918386
1.000000000000 2.400000000000 0.125037215408
1.200000000000 2.400000000000 0.171193093309
1.400000000000 2.400000000000 0.198119632360
1.600000000000 2.400000000000 0.195969732007
1.800000000000 2.400000000000 0.167046450387
2.000000000000 2.400000000000 0.123290380190
2.200000000000 2.400000000000 0.078863894572
2.400000000000 2.400000000000 0.043580541321
2.600000000000 2.400000000000 0.020629343748
2.800000000000 2.400000000000 0.008210232650
3.000000000000 2.400000000000 0.002634489592
3.200000000000 2.400000000000 0.000626765996
3.400000000000 2.400000000000 0.000095747191
3.600000000000 2.400000000000 -0.000013739578
3.800000000000 2.400000000000 -0.000039686597
4.000000000000 2.400000000000 0.000010478649
4.200000000000 2.400000000000 0.000070099550
4.400000000000 2.400000000000 0.000041461556
4.600000000000 2.400000000000 0.000151045528
4.800000000000 2.400000000000 0.000886722209

0.000000000000 2.600000000000 0.001229692936
0.200000000000 2.600000000000 0.003093511702
0.400000000000 2.600000000000 0.007670135965
0.600000000000 2.600000000000 0.017670518852
0.800000000000 2.600000000000 0.034826220579
1.000000000000 2.600000000000 0.057185865087
1.200000000000 2.600000000000 0.078528796290
1.400000000000 2.600000000000 0.091221635473
1.600000000000 2.600000000000 0.090623400754
1.800000000000 2.600000000000 0.077624291301
2.000000000000 2.600000000000 0.057602530563
2.200000000000 2.600000000000 0.037071283129
2.400000000000 2.600000000000 0.020629343748
2.600000000000 2.600000000000 0.009845917405
2.800000000000 2.600000000000 0.003959318388
3.000000000000 2.600000000000 0.001289341995
3.200000000000 2.600000000000 0.000314189772
3.400000000000 2.600000000000 0.000049979674
3.600000000000 2.600000000000 -0.000005211144
3.800000000000 2.600000000000 -0.000017837845
4.000000000000 2.600000000000 0.000003935787
4.200000000000 2.600000000000 0.000031356188
4.400000000000 2.600000000000 0.000020647674
4.600000000000 2.600000000000 0.000070877390
4.800000000000 2.600000000000 0.000403931888

0.000000000000 2.800000000000 0.000465569799
0.200000000000 2.800000000000 0.001175331554
0.400000000000 2.800000000000 0.002907261159
0.600000000000 2.800000000000 0.006685212376
0.800000000000 2.800000000000 0.013189227986
1.000000000000 2.800000000000 0.021727107767
1.200000000000 2.800000000000 0.029971977097
1.400000000000 2.800000000000 0.035004038687
1.600000000000 2.800000000000 0.034983316308
1.800000000000 2.800000000000 0.030161962366
2.000000000000 2.800000000000 0.022542812855
2.200000000000 2.800000000000 0.014623020481
2.400000000000 2.800000000000 0.008210232650
2.600000000000 2.800000000000 0.003959318388
2.800000000000 2.800000000000 0.001612620760
3.000000000000 2.800000000000 0.000534562764
3.200000000000 2.800000000000 0.000133956019
3.400000000000 2.800000000000 0.000022315366
3.600000000000 2.800000000000 -0.000001397640
3.800000000000 2.800000000000 -0.000006657972
4.000000000000 2.800000000000 0.000001046766
4.200000000000 2.800000000000 0.000011605444
4.400000000000 2.800000000000 0.000008627807
4.600000000000 2.800000000000 0.000027462833
4.800000000000 2.800000000000 0.000151953096

0.000000000000 3.000000000000 0.000137385360
0.200000000000 3.000000000000 0.000348633983
0.400000000000 3.000000000000 0.000859774987
0.600000000000 3.000000000000 0.001974740659
0.800000000000 3.000000000000 0.003909386675
1.000000000000 3.000000000000 0.006482094225
1.200000000000 3.000000000000 0.009014969186
1.400000000000 3.000000000000 0.010624313946
1.600000000000 3.000000000000 0.010721375027
1.800000000000 3.000000000000 0.009339055331
2.000000000000 3.000000000000 0.007056522984
2.200000000000 3.000000000000 0.004631662627
2.400000000000 3.000000000000 0.002634489592
2.600000000000 3.000000000000 0.001289341995
2.800000000000 3.000000000000 0.000534562764
3.000000000000 3.000000000000 0.000181493946
3.200000000000 3.000000000000 0.000047150492
3.400000000000 3.000000000000 0.000008320158
3.600000000000 3.000000000000 -0.000000122459
3.800000000000 3.000000000000 -0.000001950773
4.000000000000 3.000000000000 0.000000092747
4.200000000000 3.000000000000 0.000003344084
4.400000000000 3.000000000000 0.000002909861
4.600000000000 3.000000000000 0.000008253863
4.800000000000 3.000000000000 0.000044268961

0.000000000000 3.200000000000 0.000027397003
0.200000000000 3.200000000000 0.000070198969
0.400000000000 3.200000000000 0.000172669120
0.600000000000 3.200000000000 0.000398139367
0.800000000000 3.200000000000 0.000798003467
1.000000000000 3.200000000000 0.001345374915
1.200000000000 3.200000000000 0.001905480211
1.400000000000 3.200000000000 0.002288006385
1.600000000000 3.200000000000 0.002352853804
1.800000000000 3.200000000000 0.002088953851
2.000000000000 3.200000000000 0.001609522030
2.200000000000 3.200000000000 0.001078183433
2.400000000000 3.200000000000 0.000626765996
2.600000000000 3.200000000000 0.000314189772
2.800000000000 3.200000000000 0.000133956019
3.000000000000 3.200000000000 0.000047150492
3.200000000000 3.200000000000 0.000012898129
3.400000000000 3.200000000000 0.000002465046
3.600000000000 3.200000000000 0.000000105306
3.800000000000 3.200000000000 -0.000000401812
4.000000000000 3.200000000000 -0.000000069233
4.200000000000 3.200000000000 0.000000659160
4.400000000000 3.200000000000 0.000000706670
4.600000000000 3.200000000000 0.000001617627
4.800000000000 3.200000000000 0.000008541902

0.000000000000 3.400000000000 0.000003071784
0.200000000000 3.400000000000 0.000008114268
0.400000000000 3.400000000000 0.000020097932
0.600000000000 3.400000000000 0.000046623814
0.800000000000 3.400000000000 0.000094950264
1.000000000000 3.400000000000 0.000163906545
1.200000000000 3.400000000000 0.000238685293
1.400000000000 3.400000000000 0.000295305705
1.600000000000 3.400000000000 0.000313287619
1.800000000000 3.400000000000 0.000287237123
2.000000000000 3.400000000000 0.000228802532
2.200000000000 3.400000000000 0.000158704910
2.400000000000 3.400000000000 0.000095747191
2.600000000000 3.400000000000 0.000049979674
2.800000000000 3.400000000000 0.000022315366
3.000000000000 3.400000000000 0.000008320158
3.200000000000 3.400000000000 0.000002465046
3.400000000000 3.400000000000 0.000000527265
3.600000000000 3.400000000000 0.000000051978
3.800000000000 3.400000000000 -0.000000041793
4.000000000000 3.400000000000 -0.000000022347
4.200000000000 3.400000000000 0.000000061004
4.400000000000 3.400000000000 0.000000097285
4.600000000000 3.400000000000 0.000000195545
4.800000000000 3.400000000000 0.000000920308

0.000000000000 3.600000000000 -0.000001063315
0.200000000000 3.600000000000 -0.000002469943
0.400000000000 3.600000000000 -0.000006650671
0.600000000000 3.600000000000 -0.000017410770
0.800000000000 3.600000000000 -0.000037090578
1.000000000000 3.600000000000 -0.000062707869
1.200000000000 3.600000000000 -0.000085760687
1.400000000000 3.600000000000 -0.000096908553
1.600000000000 3.600000000000 -0.000091880428
1.800000000000 3.600000000000 -0.000073747468
2.000000000000 3.600000000000 -0.000050222472
2.200000000000 3.600000000000 -0.000028850022
2.400000000000 3.600000000000 -0.000013739578
2.600000000000 3.600000000000 -0.000005211144
2.800000000000 3.600000000000 -0.000001397640
3.000000000000 3.600000000000 -0.000000122459
3.200000000000 3.600000000000 0.000000105306
3.400000000000 3.600000000000 0.000000051978
3.600000000000 3.600000000000 0.000000026357
3.800000000000 3.600000000000 0.000000033840
4.000000000000 3.600000000000 -0.000000015594
4.200000000000 3.600000000000 -0.000000056331
4.400000000000 3.600000000000 0.000000017719
4.600000000000 3.600000000000 0.000000025065
4.800000000000 3.600000000000 -0.000000334372

0.000000000000 3.800000000000 -0.000003566820
0.200000000000 3.800000000000 -0.000008976204
0.400000000000 3.800000000000 -0.000022627227
0.600000000000 3.800000000000 -0.000051362105
0.800000000000 3.800000000000 -0.000097563521
1.000000000000 3.800000000000 -0.000153190640
1.200000000000 3.800000000000 -0.000200841968
1.400000000000 3.800000000000 -0.000222822921
1.600000000000 3.800000000000 -0.000211529510
1.800000000000 3.800000000000 -0.000173138472
2.000000000000 3.800000000000 -0.000122653991
2.200000000000 3.800000000000 -0.000075184216
2.400000000000 3.800000000000 -0.000039686597
2.600000000000 3.800000000000 -0.000017837845
2.800000000000 3.800000000000 -0.000006657972
3.000000000000 3.800000000000 -0.000001950773
3.200000000000 3.800000000000 -0.000000401812
3.400000000000 3.800000000000 -0.000000041793
3.600000000000 3.800000000000 0.000000033840
3.800000000000 3.800000000000 0.000000037762
4.000000000000 3.800000000000 -0.000000037787
4.200000000000 3.800000000000 -0.000000071943
4.400000000000 3.800000000000 -0.000000020867
4.600000000000 3.800000000000 -0.000000256163
4.800000000000 3.800000000000 -0.000001280996

0.000000000000 4.000000000000 0.000000158108
0.200000000000 4.000000000000 0.000000124333
0.400000000000 4.000000000000 0.000001343850
0.600000000000 4.000000000000 0.000007384879
0.800000000000 4.000000000000 0.000021207799
1.000000000000 4.000000000000 0.000041295872
1.200000000000 4.000000000000 0.000060870400
1.400000000000 4.000000000000 0.000071735532
1.600000000000 4.000000000000 0.000069630114
1.800000000000 4.000000000000 0.000056556830
2.000000000000 4.000000000000 0.000038665336
2.200000000000 4.000000000000 0.000022160631
2.400000000000 4.000000000000 0.000010478649
2.600000000000 4.000000000000 0.000003935787
2.800000000000 4.000000000000 0.000001046766
3.000000000000 4.000000000000 0.000000092747
3.200000000000 4.000000000000 -0.000000069233
3.400000000000 4.000000000000 -0.000000022347
3.600000000000 4.000000000000 -0.000000015594
3.800000000000 4.000000000000 -0.000000037787
4.000000000000 4.000000000000 0.000000012914
4.200000000000 4.000000000000 0.000000057119
4.400000000000 4.000000000000 -0.000000051767
4.600000000000 4.000000000000 -0.000000159249
4.800000000000 4.000000000000 -0.000000012250

0.000000000000 4.200000000000 0.000006068362
0.200000000000 4.200000000000 0.000015228174
0.400000000000 4.200000000000 0.000038325467
0.600000000000 4.200000000000 0.000087532561
0.800000000000 4.200000000000 0.000167766564
1.000000000000 4.200000000000 0.000265691166
1.200000000000 4.200000000000 0.000350860508
1.400000000000 4.200000000000 0.000391477230
1.600000000000 4.200000000000 0.000373187692
1.800000000000 4.200000000000 0.000306282172
2.000000000000 4.200000000000 0.000217239696
2.200000000000 4.200000000000 0.000133110494
2.400000000000 4.200000000000 0.000070099550
2.600000000000 4.200000000000 0.000031356188
2.800000000000 4.200000000000 0.000011605444
3.000000000000 4.200000000000 0.000003344084
3.200000000000 4.200000000000 0.000000659160
3.400000000000 4.200000000000 0.000000061004
3.600000000000 4.200000000000 -0.000000056331
3.800000000000 4.200000000000 -0.000000071943
4.000000000000 4.200000000000 0.000000057119
4.200000000000 4.200000000000 0.000000135869
4.400000000000 4.200000000000 0.000000043482
4.600000000000 4.200000000000 0.000000399916
4.800000000000 4.200000000000 0.000002135959

0.000000000000 4.400000000000 0.000001883663
0.200000000000 4.400000000000 0.000004911800
0.400000000000 4.400000000000 0.000010403702
0.600000000000 4.400000000000 0.000021025918
0.800000000000 4.400000000000 0.000040715984
1.000000000000 4.400000000000 0.000070688384
1.200000000000 4.400000000000 0.000105375050
1.400000000000 4.400000000000 0.000133278662
1.600000000000 4.400000000000 0.000143345449
1.800000000000 4.400000000000 0.000131860121
2.000000000000 4.400000000000 0.000104241978
2.200000000000 4.400000000000 0.000070946324
2.400000000000 4.400000000000 0.000041461556
2.600000000000 4.400000000000 0.000020647674
2.800000000000 4.400000000000 0.000008627807
3.000000000000 4.400000000000 0.000002909861
3.200000000000 4.400000000000 0.000000706670
3.400000000000 4.400000000000 0.000000097285
3.600000000000 4.400000000000 0.000000017719
3.800000000000 4.400000000000 -0.000000020867
4.000000000000 4.400000000000 -0.000000051767
4.200000000000 4.400000000000 0.000000043482
4.400000000000 4.400000000000 0.000000153202
4.600000000000 4.400000000000 0.000000155576
4.800000000000 4.400000000000 0.000000472208

0.000000000000 4.600000000000 0.000001423358
0.200000000000 4.600000000000 0.000002344002
0.400000000000 4.600000000000 0.000005737886
0.600000000000 4.600000000000 0.000032475673
0.800000000000 4.600000000000 0.000111830140
1.000000000000 4.600000000000 0.000252537328
1.200000000000 4.600000000000 0.000421303533
1.400000000000 4.600000000000 0.000554771519
1.600000000000 4.600000000000 0.000598701857
1.800000000000 4.600000000000 0.000541368696
2.000000000000 4.600000000000 0.000415269489
2.200000000000 4.600000000000 0.000271523743
2.400000000000 4.600000000000 0.000151045528
2.600000000000 4.600000000000 0.000070877390
2.800000000000 4.600000000000 0.000027462833
3.000000000000 4.600000000000 0.000008253863
3.200000000000 4.600000000000 0.000001617627
3.400000000000 4.600000000000 0.000000195545
3.600000000000 4.600000000000 0.000000025065
3.800000000000 4.600000000000 -0.000000256163
4.000000000000 4.600000000000 -0.000000159249
4.200000000000 4.600000000000 0.000000399916
4.400000000000 4.600000000000 0.000000155576
4.600000000000 4.600000000000 -0.000000939674
4.800000000000 4.600000000000 -0.000000641487

0.000000000000 4.800000000000 0.000042111162
0.200000000000 4.800000000000 0.000101184466
0.400000000000 4.800000000000 0.000258173480
0.600000000000 4.800000000000 0.000658336866
0.800000000000 4.800000000000 0.001422120104
1.000000000000 4.800000000000 0.002484620652
1.200000000000 4.800000000000 0.003542019590
1.400000000000 4.800000000000 0.004195830499
1.600000000000 4.800000000000 0.004194739011
1.800000000000 4.800000000000 0.003577855643
2.000000000000 4.800000000000 0.002619314036
2.200000000000 4.800000000000 0.001647614744
2.400000000000 4.800000000000 0.000886722209
2.600000000000 4.800000000000 0.000403931888
2.800000000000 4.800000000000 0.000151953096
3.000000000000 4.800000000000 0.000044268961
3.200000000000 4.800000000000 0.000008541902
3.400000000000 4.800000000000 0.000000920308
3.600000000000 4.800000000000 -0.000000334372
3.800000000000 4.800000000000 -0.000001280996
4.000000000000 4.800000000000 -0.000000012250
4.200000000000 4.800000000000 0.000002135959
4.400000000000 4.800000000000 0.000000472208
4.600000000000 4.800000000000 -0.000000641487
4.800000000000 4.800000000000 0.000011539070

