# x y u
0.000000000000 0.000000000000 0.000001366631
0.200000000000 0.000000000000 0.000002343522
0.400000000000 0.000000000000 0.000006094134
0.600000000000 0.000000000000 0.000015273270
0.800000000000 0.000000000000 0.000034759950
1.000000000000 0.000000000000 0.000071675027
1.200000000000 0.000000000000 0.000134242485
1.400000000000 0.000000000000 0.000228927811
1.600000000000 0.000000000000 0.000356169156
1.800000000000 0.000000000000 0.000506346574
2.000000000000 0.000000000000 0.000658565963
2.200000000000 0.000000000000 0.000784319375
2.400000000000 0.000000000000 0.000855811749
2.600000000000 0.000000000000 0.000855811749
2.800000000000 0.000000000000 0.000784319375
3.000000000000 0.000000000000 0.000658565963
3.200000000000 0.000000000000 0.000506346574
3.400000000000 0.000000000000 0.000356169156
3.600000000000 0.000000000000 0.000228927811
3.800000000000 0.000000000000 0.000134242485
4.000000000000 0.000000000000 0.000071675027
4.200000000000 0.000000000000 0.000034759950
4.400000000000 0.000000000000 0.000015273270
4.600000000000 0.000000000000 0.000006094134
4.800000000000 0.000000000000 0.000002343522

0.000000000000 0.200000000000 0.000002343522
0.200000000000 0.200000000000 0.000004019493
0.400000000000 0.200000000000 0.000010454708
0.600000000000 0.200000000000 0.000026205933
0.800000000000 0.200000000000 0.000059648232
1.000000000000 0.200000000000 0.000123005773
1.200000000000 0.200000000000 0.000230397485
1.400000000000 0.200000000000 0.000392924575
1.600000000000 0.200000000000 0.000611341717
1.800000000000 0.200000000000 0.000869136549
2.000000000000 0.200000000000 0.001130441289
2.200000000000 0.200000000000 0.001346316186
2.400000000000 0.200000000000 0.001469044547
2.600000000000 0.200000000000 0.001469044547
2.800000000000 0.200000000000 0.001346316186
3.000000000000 0.200000000000 0.001130441289
3.200000000000 0.200000000000 0.000869136549
3.400000000000 0.200000000000 0.000611341717
3.600000000000 0.200000000000 0.000392924575
3.800000000000 0.200000000000 0.000230397485
4.000000000000 0.200000000000 0.000123005773
4.200000000000 0.200000000000 0.000059648232
4.400000000000 0.200000000000 0.000026205933
4.600000000000 0.200000000000 0.000010454708
4.800000000000 0.200000000000 0.000004019493

0.000000000000 0.400000000000 0.000006094134
0.200000000000 0.400000000000 0.000010454708
0.400000000000 0.400000000000 0.000027199704
0.600000000000 0.400000000000 0.000068191216
0.800000000000 0.400000000000 0.000155232639
1.000000000000 0.400000000000 0.000320150344
1.200000000000 0.400000000000 0.000599706483
1.400000000000 0.400000000000 0.001022808890
1.600000000000 0.400000000000 0.001591428547
1.800000000000 0.400000000000 0.002262579408
2.000000000000 0.400000000000 0.002942879499
2.200000000000 0.400000000000 0.003504910172
2.400000000000 0.400000000000 0.003824435552
2.600000000000 0.400000000000 0.003824435552
2.800000000000 0.400000000000 0.003504910172
3.000000000000 0.400000000000 0.002942879499
3.200000000000 0.400000000000 0.002262579408
3.400000000000 0.400000000000 0.001591428547
3.600000000000 0.400000000000 0.001022808890
3.800000000000 0.400000000000 0.000599706483
4.000000000000 0.400000000000 0.000320150344
4.200000000000 0.400000000000 0.000155232639
4.400000000000 0.400000000000 0.000068191216
4.600000000000 0.400000000000 0.000027199704
4.800000000000 0.400000000000 0.000010454708

0.000000000000 0.600000000000 0.000015273270
0.200000000000 0.600000000000 0.000026205933
0.400000000000 0.600000000000 0.000068191216
0.600000000000 0.600000000000 0.000170979434
0.800000000000 0.600000000000 0.000389255998
1.000000000000 0.600000000000 0.000802848024
1.200000000000 0.600000000000 0.001503965537
1.400000000000 0.600000000000 0.002565120723
1.600000000000 0.600000000000 0.003991263441
1.800000000000 0.600000000000 0.005674581492
2.000000000000 0.600000000000 0.007380858457
2.200000000000 0.600000000000 0.008790506494
2.400000000000 0.600000000000 0.009591920381
2.600000000000 0.600000000000 0.009591920381
2.800000000000 0.600000000000 0.008790506494
3.000000000000 0.600000000000 0.007380858457
3.200000000000 0.600000000000 0.005674581492
3.400000000000 0.600000000000 0.003991263441
3.600000000000 0.600000000000 0.002565120723
3.800000000000 0.600000000000 0.001503965537
4.000000000000 0.600000000000 0.000802848024
4.200000000000 0.600000000000 0.000389255998
4.400000000000 0.600000000000 0.000170979434
4.600000000000 0.600000000000 0.000068191216
4.800000000000 0.600000000000 0.000026205933

0.000000000000 0.800000000000 0.000034759950
0.200000000000 0.800000000000 0.000059648232
0.400000000000 0.800000000000 0.000155232639
0.600000000000 0.800000000000 0.000389255998
0.800000000000 0.800000000000 0.000886242041
1.000000000000 0.800000000000 0.001827967412
1.200000000000 0.800000000000 0.003424408122
1.400000000000 0.800000000000 0.005840686144
1.600000000000 0.800000000000 0.009088075165
1.800000000000 0.800000000000 0.012921077318
2.000000000000 0.800000000000 0.016806362576
2.200000000000 0.800000000000 0.020016207554
2.400000000000 0.800000000000 0.021841069753
2.600000000000 0.800000000000 0.021841069753
2.800000000000 0.800000000000 0.020016207554
3.000000000000 0.800000000000 0.016806362576
3.200000000000 0.800000000000 0.012921077318
3.400000000000 0.800000000000 0.009088075165
3.600000000000 0.800000000000 0.005840686144
3.800000000000 0.800000000000 0.003424408122
4.000000000000 0.800000000000 0.001827967412
4.200000000000 0.800000000000 0.000886242041
4.400000000000 0.800000000000 0.000389255998
4.600000000000 0.800000000000 0.000155232639
4.800000000000 0.800000000000 0.000059648232

0.000000000000 1.000000000000 0.000071675027
0.200000000000 1.000000000000 0.000123005773
0.400000000000 1.000000000000 0.000320150344
0.600000000000 1.000000000000 0.000802848024
0.800000000000 1.000000000000 0.001827967412
1.000000000000 1.000000000000 0.003770479992
1.200000000000 1.000000000000 0.007063525130
1.400000000000 1.000000000000 0.012047711267
1.600000000000 1.000000000000 0.018746283453
1.800000000000 1.000000000000 0.026652823263
2.000000000000 1.000000000000 0.034667191583
2.200000000000 1.000000000000 0.041288280297
2.400000000000 1.000000000000 0.045052497500
2.600000000000 1.000000000000 0.045052497500
2.800000000000 1.000000000000 0.041288280297
3.000000000000 1.000000000000 0.034667191583
3.200000000000 1.000000000000 0.026652823263
3.400000000000 1.000000000000 0.018746283453
3.600000000000 1.000000000000 0.012047711267
3.800000000000 1.000000000000 0.007063525130
4.000000000000 1.000000000000 0.003770479992
4.200000000000 1.000000000000 0.001827967412
4.400000000000 1.000000000000 0.000802848024
4.600000000000 1.000000000000 0.000320150344
4.800000000000 1.000000000000 0.000123005773

0.000000000000 1.200000000000 0.000134242485
0.200000000000 1.200000000000 0.000230397485
0.400000000000 1.200000000000 0.000599706483
0.600000000000 1.200000000000 0.001503965537
0.800000000000 1.200000000000 0.003424408122
1.000000000000 1.200000000000 0.007063525130
1.200000000000 1.200000000000 0.013232771004
1.400000000000 1.200000000000 0.022570230858
1.600000000000 1.200000000000 0.035119416545
1.800000000000 1.200000000000 0.049931561365
2.000000000000 1.200000000000 0.064945646096
2.200000000000 1.200000000000 0.077349519650
2.400000000000 1.200000000000 0.084401344357
2.600000000000 1.200000000000 0.084401344357
2.800000000000 1.200000000000 0.077349519650
3.000000000000 1.200000000000 0.064945646096
3.200000000000 1.200000000000 0.049931561365
3.400000000000 1.200000000000 0.035119416545
3.600000000000 1.200000000000 0.022570230858
3.800000000000 1.200000000000 0.013232771004
4.000000000000 1.200000000000 0.007063525130
4.200000000000 1.200000000000 0.003424408122
4.400000000000 1.200000000000 0.001503965537
4.600000000000 1.200000000000 0.000599706483
4.800000000000 1.200000000000 0.000230397485

0.000000000000 1.400000000000 0.000228927811
0.200000000000 1.400000000000 0.000392924575
0.400000000000 1.400000000000 0.001022808890
0.600000000000 1.400000000000 0.002565120723
0.800000000000 1.400000000000 0.005840686144
1.000000000000 1.400000000000 0.012047711267
1.200000000000 1.400000000000 0.022570230858
1.400000000000 1.400000000000 0.038496536606
1.600000000000 1.400000000000 0.059900767718
1.800000000000 1.400000000000 0.085164616999
2.000000000000 1.400000000000 0.110772758107
2.200000000000 1.400000000000 0.131928808779
2.400000000000 1.400000000000 0.143956368836
2.600000000000 1.400000000000 0.143956368836
2.800000000000 1.400000000000 0.131928808779
3.000000000000 1.400000000000 0.110772758107
3.200000000000 1.400000000000 0.085164616999
3.400000000000 1.400000000000 0.059900767718
3.600000000000 1.400000000000 0.038496536606
3.800000000000 1.400000000000 0.022570230858
4.000000000000 1.400000000000 0.012047711267
4.200000000000 1.400000000000 0.005840686144
4.400000000000 1.400000000000 0.002565120723
4.600000000000 1.400000000000 0.001022808890
4.800000000000 1.400000000000 0.000392924575

0.000000000000 1.600000000000 0.000356169156
0.200000000000 1.600000000000 0.000611341717
0.400000000000 1.600000000000 0.001591428547
0.600000000000 1.600000000000 0.003991263441
0.800000000000 1.600000000000 0.009088075165
1.000000000000 1.600000000000 0.018746283453
1.200000000000 1.600000000000 0.035119416545
1.400000000000 1.600000000000 0.059900767718
1.600000000000 1.600000000000 0.093205573808
1.800000000000 1.600000000000 0.132515665429
2.000000000000 1.600000000000 0.172361241363
2.200000000000 1.600000000000 0.205279336778
2.400000000000 1.600000000000 0.223993757630
2.600000000000 1.600000000000 0.223993757630
2.800000000000 1.600000000000 0.205279336778
3.000000000000 1.600000000000 0.172361241363
3.200000000000 1.600000000000 0.132515665429
3.400000000000 1.600000000000 0.093205573808
3.600000000000 1.600000000000 0.059900767718
3.800000000000 1.600000000000 0.035119416545
4.000000000000 1.600000000000 0.018746283453
4.200000000000 1.600000000000 0.009088075165
4.400000000000 1.600000000000 0.003991263441
4.600000000000 1.600000000000 0.001591428547
4.800000000000 1.600000000000 0.000611341717

0.000000000000 1.800000000000 0.000506346574
0.200000000000 1.800000000000 0.000869136549
0.400000000000 1.800000000000 0.002262579408
0.600000000000 1.800000000000 0.005674581492
0.800000000000 1.800000000000 0.012921077318
1.000000000000 1.800000000000 0.026652823263
1.200000000000 1.800000000000 0.049931561365
1.400000000000 1.800000000000 0.085164616999
1.600000000000 1.800000000000 0.132515665429
1.800000000000 1.800000000000 0.188404382431
2.000000000000 1.800000000000 0.245054118887
2.200000000000 1.800000000000 0.291854641240
2.400000000000 1.800000000000 0.318461356709
2.600000000000 1.800000000000 0.318461356709
2.800000000000 1.800000000000 0.291854641240
3.000000000000 1.800000000000 0.245054118887
3.200000000000 1.800000000000 0.188404382431
3.400000000000 1.800000000000 0.132515665429
3.600000000000 1.800000000000 0.085164616999
3.800000000000 1.800000000000 0.049931561365
4.000000000000 1.800000000000 0.026652823263
4.200000000000 1.800000000000 0.012921077318
4.400000000000 1.800000000000 0.005674581492
4.600000000000 1.800000000000 0.002262579408
4.800000000000 1.800000000000 0.000869136549

0.000000000000 2.000000000000 0.000658565963
0.200000000000 2.000000000000 0.001130441289
0.400000000000 2.000000000000 0.002942879499
0.600000000000 2.000000000000 0.007380858457
0.800000000000 2.000000000000 0.016806362576
1.000000000000 2.000000000000 0.034667191583
1.200000000000 2.000000000000 0.064945646096
1.400000000000 2.000000000000 0.110772758107
1.600000000000 2.000000000000 0.172361241363
1.800000000000 2.000000000000 0.245054118887
2.000000000000 2.000000000000 0.318736510059
2.200000000000 2.000000000000 0.379608157128
2.400000000000 2.000000000000 0.414214419613
2.600000000000 2.000000000000 0.414214419613
2.800000000000 2.000000000000 0.379608157128
3.000000000000 2.000000000000 0.318736510059
3.200000000000 2.000000000000 0.245054118887
3.400000000000 2.000000000000 0.172361241363
3.600000000000 2.000000000000 0.110772758107
3.800000000000 2.000000000000 0.064945646096
4.000000000000 2.000000000000 0.034667191583
4.200000000000 2.000000000000 0.016806362576
4.400000000000 2.000000000000 0.007380858457
4.600000000000 2.000000000000 0.002942879499
4.800000000000 2.000000000000 0.001130441289

0.000000000000 2.200000000000 0.000784319375
0.200000000000 2.200000000000 0.001346316186
0.400000000000 2.200000000000 0.003504910172
0.600000000000 2.200000000000 0.008790506494
0.800000000000 2.200000000000 0.020016207554
1.000000000000 2.200000000000 0.041288280297
1.200000000000 2.200000000000 0.077349519650
1.400000000000 2.200000000000 0.131928808779
1.600000000000 2.200000000000 0.205279336778
1.800000000000 2.200000000000 0.291854641240
2.000000000000 2.200000000000 0.379608157128
2.200000000000 2.200000000000 0.452104288495
2.400000000000 2.200000000000 0.493319148349
2.600000000000 2.200000000000 0.493319148349
2.800000000000 2.200000000000 0.452104288495
3.000000000000 2.200000000000 0.379608157128
3.200000000000 2.200000000000 0.291854641240
3.400000000000 2.200000000000 0.205279336778
3.600000000000 2.200000000000 0.131928808779
3.800000000000 2.200000000000 0.077349519650
4.000000000000 2.200000000000 0.041288280297
4.200000000000 2.200000000000 0.020016207554
4.400000000000 2.200000000000 0.008790506494
4.600000000000 2.200000000000 0.003504910172
4.800000000000 2.200000000000 0.001346316186

0.000000000000 2.400000000000 0.000855811749
0.200000000000 2.400000000000 0.001469044547
0.400000000000 2.400000000000 0.003824435552
0.600000000000 2.400000000000 0.009591920381
0.800000000000 2.400000000000 0.021841069753
1.000000000000 2.400000000000 0.045052497500
1.200000000000 2.400000000000 0.084401344357
1.400000000000 2.400000000000 0.143956368836
1.600000000000 2.400000000000 0.223993757630
1.800000000000 2.400000000000 0.318461356709
2.000000000000 2.400000000000 0.414214419613
2.200000000000 2.400000000000 0.493319148349
2.400000000000 2.400000000000 0.538291034894
2.600000000000 2.400000000000 0.538291034894
2.800000000000 2.400000000000 0.493319148349
3.000000000000 2.400000000000 0.414214419613
3.200000000000 2.400000000000 0.318461356709
3.400000000000 2.400000000000 0.223993757630
3.600000000000 2.400000000000 0.143956368836
3.800000000000 2.400000000000 0.084401344357
4.000000000000 2.400000000000 0.045052497500
4.200000000000 2.400000000000 0.021841069753
4.400000000000 2.400000000000 0.009591920381
4.600000000000 2.400000000000 0.003824435552
4.800000000000 2.400000000000 0.001469044547

0.000000000000 2.600000000000 0.000855811749
0.200000000000 2.600000000000 0.001469044547
0.400000000000 2.600000000000 0.003824435552
0.600000000000 2.600000000000 0.009591920381
0.800000000000 2.600000000000 0.021841069753
1.000000000000 2.600000000000 0.045052497500
1.200000000000 2.600000000000 0.084401344357
1.400000000000 2.600000000000 0.143956368836
1.600000000000 2.600000000000 0.223993757630
1.800000000000 2.600000000000 0.318461356709
2.000000000000 2.600000000000 0.414214419613
2.200000000000 2.600000000000 0.493319148349
2.400000000000 2.600000000000 0.538291034894
2.600000000000 2.600000000000 0.538291034894
2.800000000000 2.600000000000 0.493319148349
3.000000000000 2.600000000000 0.414214419613
3.200000000000 2.600000000000 0.318461356709
3.400000000000 2.600000000000 0.223993757630
3.600000000000 2.600000000000 0.143956368836
3.800000000000 2.600000000000 0.084401344357
4.000000000000 2.600000000000 0.045052497500
4.200000000000 2.600000000000 0.021841069753
4.400000000000 2.600000000000 0.009591920381
4.600000000000 2.600000000000 0.003824435552
4.800000000000 2.600000000000 0.001469044547

0.000000000000 2.800000000000 0.000784319375
0.200000000000 2.800000000000 0.001346316186
0.400000000000 2.800000000000 0.003504910172
0.600000000000 2.800000000000 0.008790506494
0.800000000000 2.800000000000 0.020016207554
1.000000000000 2.800000000000 0.041288280297
1.200000000000 2.800000000000 0.077349519650
1.400000000000 2.800000000000 0.131928808779
1.600000000000 2.800000000000 0.205279336778
1.800000000000 2.800000000000 0.291854641240
2.000000000000 2.800000000000 0.379608157128
2.200000000000 2.800000000000 0.452104288495
2.400000000000 2.800000000000 0.493319148349
2.600000000000 2.800000000000 0.493319148349
2.800000000000 2.800000000000 0.452104288495
3.000000000000 2.800000000000 0.379608157128
3.200000000000 2.800000000000 0.291854641240
3.400000000000 2.800000000000 0.205279336778
3.600000000000 2.800000000000 0.131928808779
3.800000000000 2.800000000000 0.077349519650
4.000000000000 2.800000000000 0.041288280297
4.200000000000 2.800000000000 0.020016207554
4.400000000000 2.800000000000 0.008790506494
4.600000000000 2.800000000000 0.003504910172
4.800000000000 2.800000000000 0.001346316186

0.000000000000 3.000000000000 0.000658565963
0.200000000000 3.000000000000 0.001130441289
0.400000000000 3.000000000000 0.002942879499
0.600000000000 3.000000000000 0.007380858457
0.800000000000 3.000000000000 0.016806362576
1.000000000000 3.000000000000 0.034667191583
1.200000000000 3.000000000000 0.064945646096
1.400000000000 3.000000000000 0.110772758107
1.600000000000 3.000000000000 0.172361241363
1.800000000000 3.000000000000 0.245054118887
2.000000000000 3.000000000000 0.318736510059
2.200000000000 3.000000000000 0.379608157128
2.400000000000 3.000000000000 0.414214419613
2.600000000000 3.000000000000 0.414214419613
2.800000000000 3.000000000000 0.379608157128
3.000000000000 3.000000000000 0.318736510059
3.200000000000 3.000000000000 0.245054118887
3.400000000000 3.000000000000 0.172361241363
3.600000000000 3.000000000000 0.110772758107
3.800000000000 3.000000000000 0.064945646096
4.000000000000 3.000000000000 0.034667191583
4.200000000000 3.000000000000 0.016806362576
4.400000000000 3.000000000000 0.007380858457
4.600000000000 3.000000000000 0.002942879499
4.800000000000 3.000000000000 0.001130441289

0.000000000000 3.200000000000 0.000506346574
0.200000000000 3.200000000000 0.000869136549
0.400000000000 3.200000000000 0.002262579408
0.600000000000 3.200000000000 0.005674581492
0.800000000000 3.200000000000 0.012921077318
1.000000000000 3.200000000000 0.026652823263
1.200000000000 3.200000000000 0.049931561365
1.400000000000 3.200000000000 0.085164616999
1.600000000000 3.200000000000 0.132515665429
1.800000000000 3.200000000000 0.188404382431
2.000000000000 3.200000000000 0.245054118887
2.200000000000 3.200000000000 0.291854641240
2.400000000000 3.200000000000 0.318461356709
2.600000000000 3.200000000000 0.318461356709
2.800000000000 3.200000000000 0.291854641240
3.000000000000 3.200000000000 0.245054118887
3.200000000000 3.200000000000 0.188404382431
3.400000000000 3.200000000000 0.132515665429
3.600000000000 3.200000000000 0.085164616999
3.800000000000 3.200000000000 0.049931561365
4.000000000000 3.200000000000 0.026652823263
4.200000000000 3.200000000000 0.012921077318
4.400000000000 3.200000000000 0.005674581492
4.600000000000 3.200000000000 0.002262579408
4.800000000000 3.200000000000 0.000869136549

0.000000000000 3.400000000000 0.000356169156
0.200000000000 3.400000000000 0.000611341717
0.400000000000 3.400000000000 0.001591428547
0.600000000000 3.400000000000 0.003991263441
0.800000000000 3.400000000000 0.009088075165
1.000000000000 3.400000000000 0.018746283453
1.200000000000 3.400000000000 0.035119416545
1.400000000000 3.400000000000 0.059900767718
1.600000000000 3.400000000000 0.093205573808
1.800000000000 3.400000000000 0.132515665429
2.000000000000 3.400000000000 0.172361241363
2.200000000000 3.400000000000 0.205279336778
2.400000000000 3.400000000000 0.223993757630
2.600000000000 3.400000000000 0.223993757630
2.800000000000 3.400000000000 0.205279336778
3.000000000000 3.400000000000 0.172361241363
3.200000000000 3.400000000000 0.132515665429
3.400000000000 3.400000000000 0.093205573808
3.600000000000 3.400000000000 0.059900767718
3.800000000000 3.400000000000 0.035119416545
4.000000000000 3.400000000000 0.018746283453
4.200000000000 3.400000000000 0.009088075165
4.400000000000 3.400000000000 0.003991263441
4.600000000000 3.400000000000 0.001591428547
4.800000000000 3.400000000000 0.000611341717

0.000000000000 3.600000000000 0.000228927811
0.200000000000 3.600000000000 0.000392924575
0.400000000000 3.600000000000 0.001022808890
0.600000000000 3.600000000000 0.002565120723
0.800000000000 3.600000000000 0.005840686144
1.000000000000 3.600000000000 0.012047711267
1.200000000000 3.600000000000 0.022570230858
1.400000000000 3.600000000000 0.038496536606
1.600000000000 3.600000000000 0.059900767718
1.800000000000 3.600000000000 0.085164616999
2.000000000000 3.600000000000 0.110772758107
2.200000000000 3.600000000000 0.131928808779
2.400000000000 3.600000000000 0.143956368836
2.600000000000 3.600000000000 0.143956368836
2.800000000000 3.600000000000 0.131928808779
3.000000000000 3.600000000000 0.110772758107
3.200000000000 3.600000000000 0.085164616999
3.400000000000 3.600000000000 0.059900767718
3.600000000000 3.600000000000 0.038496536606
3.800000000000 3.600000000000 0.022570230858
4.000000000000 3.600000000000 0.012047711267
4.200000000000 3.600000000000 0.005840686144
4.400000000000 3.600000000000 0.002565120723
4.600000000000 3.600000000000 0.001022808890
4.800000000000 3.600000000000 0.000392924575

0.000000000000 3.800000000000 0.000134242485
0.200000000000 3.800000000000 0.000230397485
0.400000000000 3.800000000000 0.000599706483
0.600000000000 3.800000000000 0.001503965537
0.800000000000 3.800000000000 0.003424408122
1.000000000000 3.800000000000 0.007063525130
1.200000000000 3.800000000000 0.013232771004
1.400000000000 3.800000000000 0.022570230858
1.600000000000 3.800000000000 0.035119416545
1.800000000000 3.800000000000 0.049931561365
2.000000000000 3.800000000000 0.064945646096
2.200000000000 3.800000000000 0.077349519650
2.400000000000 3.800000000000 0.084401344357
2.600000000000 3.800000000000 0.084401344357
2.800000000000 3.800000000000 0.077349519650
3.000000000000 3.800000000000 0.064945646096
3.200000000000 3.800000000000 0.049931561365
3.400000000000 3.800000000000 0.035119416545
3.600000000000 3.800000000000 0.022570230858
3.800000000000 3.800000000000 0.013232771004
4.000000000000 3.800000000000 0.007063525130
4.200000000000 3.800000000000 0.003424408122
4.400000000000 3.800000000000 0.001503965537
4.600000000000 3.800000000000 0.000599706483
4.800000000000 3.800000000000 0.000230397485

0.000000000000 4.000000000000 0.000071675027
0.200000000000 4.000000000000 0.000123005773
0.400000000000 4.000000000000 0.000320150344
0.600000000000 4.000000000000 0.000802848024
0.800000000000 4.000000000000 0.001827967412
1.000000000000 4.000000000000 0.003770479992
1.200000000000 4.000000000000 0.007063525130
1.400000000000 4.000000000000 0.012047711267
1.600000000000 4.000000000000 0.018746283453
1.800000000000 4.000000000000 0.026652823263
2.000000000000 4.000000000000 0.034667191583
2.200000000000 4.000000000000 0.041288280297
2.400000000000 4.000000000000 0.045052497500
2.600000000000 4.000000000000 0.045052497500
2.800000000000 4.000000000000 0.041288280297
3.000000000000 4.000000000000 0.034667191583
3.200000000000 4.000000000000 0.026652823263
3.400000000000 4.000000000000 0.018746283453
3.600000000000 4.000000000000 0.012047711267
3.800000000000 4.000000000000 0.007063525130
4.000000000000 4.000000000000 0.003770479992
4.200000000000 4.000000000000 0.001827967412
4.400000000000 4.000000000000 0.000802848024
4.600000000000 4.000000000000 0.000320150344
4.800000000000 4.000000000000 0.000123005773

0.000000000000 4.200000000000 0.000034759950
0.200000000000 4.200000000000 0.000059648232
0.400000000000 4.200000000000 0.000155232639
0.600000000000 4.200000000000 0.000389255998
0.800000000000 4.200000000000 0.000886242041
1.000000000000 4.200000000000 0.001827967412
1.200000000000 4.200000000000 0.003424408122
1.400000000000 4.200000000000 0.005840686144
1.600000000000 4.200000000000 0.009088075165
1.800000000000 4.200000000000 0.012921077318
2.000000000000 4.200000000000 0.016806362576
2.200000000000 4.200000000000 0.020016207554
2.400000000000 4.200000000000 0.021841069753
2.600000000000 4.200000000000 0.021841069753
2.800000000000 4.200000000000 0.020016207554
3.000000000000 4.200000000000 0.016806362576
3.200000000000 4.200000000000 0.012921077318
3.400000000000 4.200000000000 0.009088075165
3.600000000000 4.200000000000 0.005840686144
3.800000000000 4.200000000000 0.003424408122
4.000000000000 4.200000000000 0.001827967412
4.200000000000 4.200000000000 0.000886242041
4.400000000000 4.200000000000 0.000389255998
4.600000000000 4.200000000000 0.000155232639
4.800000000000 4.200000000000 0.000059648232

0.000000000000 4.400000000000 0.000015273270
0.200000000000 4.400000000000 0.000026205933
0.400000000000 4.400000000000 0.000068191216
0.600000000000 4.400000000000 0.000170979434
0.800000000000 4.400000000000 0.000389255998
1.000000000000 4.400000000000 0.000802848024
1.200000000000 4.400000000000 0.001503965537
1.400000000000 4.400000000000 0.002565120723
1.600000000000 4.400000000000 0.003991263441
1.800000000000 4.400000000000 0.005674581492
2.000000000000 4.400000000000 0.007380858457
2.200000000000 4.400000000000 0.008790506494
2.400000000000 4.400000000000 0.009591920381
2.600000000000 4.400000000000 0.009591920381
2.800000000000 4.400000000000 0.008790506494
3.000000000000 4.400000000000 0.007380858457
3.200000000000 4.400000000000 0.005674581492
3.400000000000 4.400000000000 0.003991263441
3.600000000000 4.400000000000 0.002565120723
3.800000000000 4.400000000000 0.001503965537
4.000000000000 4.400000000000 0.000802848024
4.200000000000 4.400000000000 0.000389255998
4.400000000000 4.400000000000 0.000170979434
4.600000000000 4.400000000000 0.000068191216
4.800000000000 4.400000000000 0.000026205933

0.000000000000 4.600000000000 0.000006094134
0.200000000000 4.600000000000 0.000010454708
0.400000000000 4.600000000000 0.000027199704
0.600000000000 4.600000000000 0.000068191216
0.800000000000 4.600000000000 0.000155232639
1.000000000000 4.600000000000 0.000320150344
1.200000000000 4.600000000000 0.000599706483
1.400000000000 4.600000000000 0.001022808890
1.600000000000 4.600000000000 0.001591428547
1.800000000000 4.600000000000 0.002262579408
2.000000000000 4.600000000000 0.002942879499
2.200000000000 4.600000000000 0.003504910172
2.400000000000 4.600000000000 0.003824435552
2.600000000000 4.600000000000 0.003824435552
2.800000000000 4.600000000000 0.003504910172
3.000000000000 4.600000000000 0.002942879499
3.200000000000 4.600000000000 0.002262579408
3.400000000000 4.600000000000 0.001591428547
3.600000000000 4.600000000000 0.001022808890
3.800000000000 4.600000000000 0.000599706483
4.000000000000 4.600000000000 0.000320150344
4.200000000000 4.600000000000 0.000155232639
4.400000000000 4.600000000000 0.000068191216
4.600000000000 4.600000000000 0.000027199704
4.800000000000 4.600000000000 0.000010454708

0.000000000000 4.800000000000 0.000002343522
0.200000000000 4.800000000000 0.000004019493
0.400000000000 4.800000000000 0.000010454708
0.600000000000 4.800000000000 0.000026205933
0.800000000000 4.800000000000 0.000059648232
1.000000000000 4.800000000000 0.000123005773
1.200000000000 4.800000000000 0.000230397485
1.400000000000 4.800000000000 0.000392924575
1.600000000000 4.800000000000 0.000611341717
1.800000000000 4.800000000000 0.000869136549
2.000000000000 4.800000000000 0.001130441289
2.200000000000 4.800000000000 0.001346316186
2.400000000000 4.800000000000 0.001469044547
2.600000000000 4.800000000000 0.001469044547
2.800000000000 4.800000000000 0.001346316186
3.000000000000 4.800000000000 0.001130441289
3.200000000000 4.800000000000 0.000869136549
3.400000000000 4.800000000000 0.000611341717
3.600000000000 4.800000000000 0.000392924575
3.800000000000 4.800000000000 0.000230397485
4.000000000000 4.800000000000 0.000123005773
4.200000000000 4.800000000000 0.000059648232
4.400000000000 4.800000000000 0.000026205933
4.600000000000 4.800000000000 0.000010454708
4.800000000000 4.800000000000 0.000004019493

