# x y u
0.000000000000 0.000000000000 0.049717325347
0.200000000000 0.000000000000 0.049911208442
0.400000000000 0.000000000000 0.050480695354
0.600000000000 0.000000000000 0.051390058221
0.800000000000 0.000000000000 0.052582234976
1.000000000000 0.000000000000 0.053982395828
1.200000000000 0.000000000000 0.055502625534
1.400000000000 0.000000000000 0.057047432100
1.600000000000 0.000000000000 0.058519739561
1.800000000000 0.000000000000 0.059826990116
2.000000000000 0.000000000000 0.060886971582
2.200000000000 0.000000000000 0.061633001097
2.400000000000 0.000000000000 0.062018134930
2.600000000000 0.000000000000 0.062018134930
2.800000000000 0.000000000000 0.061633001097
3.000000000000 0.000000000000 0.060886971582
3.200000000000 0.000000000000 0.059826990116
3.400000000000 0.000000000000 0.058519739561
3.600000000000 0.000000000000 0.057047432100
3.800000000000 0.000000000000 0.055502625534
4.000000000000 0.000000000000 0.053982395828
4.200000000000 0.000000000000 0.052582234976
4.400000000000 0.000000000000 0.051390058221
4.600000000000 0.000000000000 0.050480695354
4.800000000000 0.000000000000 0.049911208442

0.000000000000 0.200000000000 0.049911208442
0.200000000000 0.200000000000 0.050105847611
0.400000000000 0.200000000000 0.050677555319
0.600000000000 0.200000000000 0.051590464376
0.800000000000 0.200000000000 0.052787290194
1.000000000000 0.200000000000 0.054192911172
1.200000000000 0.200000000000 0.055719069230
1.400000000000 0.200000000000 0.057269899989
1.600000000000 0.200000000000 0.058747948922
1.800000000000 0.200000000000 0.060060297287
2.000000000000 0.200000000000 0.061124412300
2.200000000000 0.200000000000 0.061873351064
2.400000000000 0.200000000000 0.062259986780
2.600000000000 0.200000000000 0.062259986780
2.800000000000 0.200000000000 0.061873351064
3.000000000000 0.200000000000 0.061124412300
3.200000000000 0.200000000000 0.060060297287
3.400000000000 0.200000000000 0.058747948922
3.600000000000 0.200000000000 0.057269899989
3.800000000000 0.200000000000 0.055719069230
4.000000000000 0.200000000000 0.054192911172
4.200000000000 0.200000000000 0.052787290194
4.400000000000 0.200000000000 0.051590464376
4.600000000000 0.200000000000 0.050677555319
4.800000000000 0.200000000000 0.050105847611

0.000000000000 0.400000000000 0.050480695354
0.200000000000 0.400000000000 0.050677555319
0.400000000000 0.400000000000 0.051255786100
0.600000000000 0.400000000000 0.052179111274
0.800000000000 0.400000000000 0.053389592643
1.000000000000 0.400000000000 0.054811251484
1.200000000000 0.400000000000 0.056354822710
1.400000000000 0.400000000000 0.057923348147
1.600000000000 0.400000000000 0.059418261331
1.800000000000 0.400000000000 0.060745583335
2.000000000000 0.400000000000 0.061821839694
2.200000000000 0.400000000000 0.062579323703
2.400000000000 0.400000000000 0.062970370857
2.600000000000 0.400000000000 0.062970370857
2.800000000000 0.400000000000 0.062579323703
3.000000000000 0.400000000000 0.061821839694
3.200000000000 0.400000000000 0.060745583335
3.400000000000 0.400000000000 0.059418261331
3.600000000000 0.400000000000 0.057923348147
3.800000000000 0.400000000000 0.056354822710
4.000000000000 0.400000000000 0.054811251484
4.200000000000 0.400000000000 0.053389592643
4.400000000000 0.400000000000 0.052179111274
4.600000000000 0.400000000000 0.051255786100
4.800000000000 0.400000000000 0.050677555319

0.000000000000 0.600000000000 0.051390058221
0.200000000000 0.600000000000 0.051590464376
0.400000000000 0.600000000000 0.052179111274
0.600000000000 0.600000000000 0.053119069014
0.800000000000 0.600000000000 0.054351355715
1.000000000000 0.600000000000 0.055798623989
1.200000000000 0.600000000000 0.057370000749
1.400000000000 0.600000000000 0.058966781239
1.600000000000 0.600000000000 0.060488623442
1.800000000000 0.600000000000 0.061839855516
2.000000000000 0.600000000000 0.062935499306
2.200000000000 0.600000000000 0.063706628455
2.400000000000 0.600000000000 0.064104719842
2.600000000000 0.600000000000 0.064104719842
2.800000000000 0.600000000000 0.063706628455
3.000000000000 0.600000000000 0.062935499306
3.200000000000 0.600000000000 0.061839855516
3.400000000000 0.600000000000 0.060488623442
3.600000000000 0.600000000000 0.058966781239
3.800000000000 0.600000000000 0.057370000749
4.000000000000 0.600000000000 0.055798623989
4.200000000000 0.600000000000 0.054351355715
4.400000000000 0.600000000000 0.053119069014
4.600000000000 0.600000000000 0.052179111274
4.800000000000 0.600000000000 0.051590464376

0.000000000000 0.800000000000 0.052582234976
0.200000000000 0.800000000000 0.052787290194
0.400000000000 0.800000000000 0.053389592643
0.600000000000 0.800000000000 0.054351355715
0.800000000000 0.800000000000 0.055612229253
1.000000000000 0.800000000000 0.057093071552
1.200000000000 0.800000000000 0.058700901429
1.400000000000 0.800000000000 0.060334724357
1.600000000000 0.800000000000 0.061891870563
1.800000000000 0.800000000000 0.063274448792
2.000000000000 0.800000000000 0.064395509547
2.200000000000 0.800000000000 0.065184527505
2.400000000000 0.800000000000 0.065591853896
2.600000000000 0.800000000000 0.065591853896
2.800000000000 0.800000000000 0.065184527505
3.000000000000 0.800000000000 0.064395509547
3.200000000000 0.800000000000 0.063274448792
3.400000000000 0.800000000000 0.061891870563
3.600000000000 0.800000000000 0.060334724357
3.800000000000 0.800000000000 0.058700901429
4.000000000000 0.800000000000 0.057093071552
4.200000000000 0.800000000000 0.055612229253
4.400000000000 0.800000000000 0.054351355715
4.600000000000 0.800000000000 0.053389592643
4.800000000000 0.800000000000 0.052787290194

0.000000000000 1.000000000000 0.053982395828
0.200000000000 1.000000000000 0.054192911172
0.400000000000 1.000000000000 0.054811251484
0.600000000000 1.000000000000 0.055798623989
0.800000000000 1.000000000000 0.057093071552
1.000000000000 1.000000000000 0.058613345112
1.200000000000 1.000000000000 0.060263987623
1.400000000000 1.000000000000 0.061941315316
1.600000000000 1.000000000000 0.063539924571
1.800000000000 1.000000000000 0.064959317522
2.000000000000 1.000000000000 0.066110229421
2.200000000000 1.000000000000 0.066920257024
2.400000000000 1.000000000000 0.067338429533
2.600000000000 1.000000000000 0.067338429533
2.800000000000 1.000000000000 0.066920257024
3.000000000000 1.000000000000 0.066110229421
3.200000000000 1.000000000000 0.064959317522
3.400000000000 1.000000000000 0.063539924571
3.600000000000 1.000000000000 0.061941315316
3.800000000000 1.000000000000 0.060263987623
4.000000000000 1.000000000000 0.058613345112
4.200000000000 1.000000000000 0.057093071552
4.400000000000 1.000000000000 0.055798623989
4.600000000000 1.000000000000 0.054811251484
4.800000000000 1.000000000000 0.054192911172

0.000000000000 1.200000000000 0.055502625534
0.200000000000 1.200000000000 0.055719069230
0.400000000000 1.200000000000 0.056354822710
0.600000000000 1.200000000000 0.057370000749
0.800000000000 1.200000000000 0.058700901429
1.000000000000 1.200000000000 0.060263987623
1.200000000000 1.200000000000 0.061961114106
1.400000000000 1.200000000000 0.063685677254
1.600000000000 1.200000000000 0.065329305162
1.800000000000 1.200000000000 0.066788669832
2.000000000000 1.200000000000 0.067971992717
2.200000000000 1.200000000000 0.068804831617
2.400000000000 1.200000000000 0.069234780339
2.600000000000 1.200000000000 0.069234780339
2.800000000000 1.200000000000 0.068804831617
3.000000000000 1.200000000000 0.067971992717
3.200000000000 1.200000000000 0.066788669832
3.400000000000 1.200000000000 0.065329305162
3.600000000000 1.200000000000 0.063685677254
3.800000000000 1.200000000000 0.061961114106
4.000000000000 1.200000000000 0.060263987623
4.200000000000 1.200000000000 0.058700901429
4.400000000000 1.200000000000 0.057370000749
4.600000000000 1.200000000000 0.056354822710
4.800000000000 1.200000000000 0.055719069230

0.000000000000 1.400000000000 0.057047432100
0.200000000000 1.400000000000 0.057269899989
0.400000000000 1.400000000000 0.057923348147
0.600000000000 1.400000000000 0.058966781239
0.800000000000 1.400000000000 0.060334724357
1.000000000000 1.400000000000 0.061941315316
1.200000000000 1.400000000000 0.063685677254
1.400000000000 1.400000000000 0.065458239491
1.600000000000 1.400000000000 0.067147613848
1.800000000000 1.400000000000 0.068647596440
2.000000000000 1.400000000000 0.069863854284
2.200000000000 1.400000000000 0.070719873260
2.400000000000 1.400000000000 0.071161788576
2.600000000000 1.400000000000 0.071161788576
2.800000000000 1.400000000000 0.070719873260
3.000000000000 1.400000000000 0.069863854284
3.200000000000 1.400000000000 0.068647596440
3.400000000000 1.400000000000 0.067147613848
3.600000000000 1.400000000000 0.065458239491
3.800000000000 1.400000000000 0.063685677254
4.000000000000 1.400000000000 0.061941315316
4.200000000000 1.400000000000 0.060334724357
4.400000000000 1.400000000000 0.058966781239
4.600000000000 1.400000000000 0.057923348147
4.800000000000 1.400000000000 0.057269899989

0.000000000000 1.600000000000 0.058519739561
0.200000000000 1.600000000000 0.058747948922
0.400000000000 1.600000000000 0.059418261331
0.600000000000 1.600000000000 0.060488623442
0.800000000000 1.600000000000 0.061891870563
1.000000000000 1.600000000000 0.063539924571
1.200000000000 1.600000000000 0.065329305162
1.400000000000 1.600000000000 0.067147613848
1.600000000000 1.600000000000 0.068880587732
1.800000000000 1.600000000000 0.070419282011
2.000000000000 1.600000000000 0.071666929148
2.200000000000 1.600000000000 0.072545040340
2.400000000000 1.600000000000 0.072998360645
2.600000000000 1.600000000000 0.072998360645
2.800000000000 1.600000000000 0.072545040340
3.000000000000 1.600000000000 0.071666929148
3.200000000000 1.600000000000 0.070419282011
3.400000000000 1.600000000000 0.068880587732
3.600000000000 1.600000000000 0.067147613848
3.800000000000 1.600000000000 0.065329305162
4.000000000000 1.600000000000 0.063539924571
4.200000000000 1.600000000000 0.061891870563
4.400000000000 1.600000000000 0.060488623442
4.600000000000 1.600000000000 0.059418261331
4.800000000000 1.600000000000 0.058747948922

0.000000000000 1.800000000000 0.059826990116
0.200000000000 1.800000000000 0.060060297287
0.400000000000 1.800000000000 0.060745583335
0.600000000000 1.800000000000 0.061839855516
0.800000000000 1.800000000000 0.063274448792
1.000000000000 1.800000000000 0.064959317522
1.200000000000 1.800000000000 0.066788669832
1.400000000000 1.800000000000 0.068647596440
1.600000000000 1.800000000000 0.070419282011
1.800000000000 1.800000000000 0.071992348101
2.000000000000 1.800000000000 0.073267865551
2.200000000000 1.800000000000 0.074165592251
2.400000000000 1.800000000000 0.074629038960
2.600000000000 1.800000000000 0.074629038960
2.800000000000 1.800000000000 0.074165592251
3.000000000000 1.800000000000 0.073267865551
3.200000000000 1.800000000000 0.071992348101
3.400000000000 1.800000000000 0.070419282011
3.600000000000 1.800000000000 0.068647596440
3.800000000000 1.800000000000 0.066788669832
4.000000000000 1.800000000000 0.064959317522
4.200000000000 1.800000000000 0.063274448792
4.400000000000 1.800000000000 0.061839855516
4.600000000000 1.800000000000 0.060745583335
4.800000000000 1.800000000000 0.060060297287

0.000000000000 2.000000000000 0.060886971582
0.200000000000 2.000000000000 0.061124412300
0.400000000000 2.000000000000 0.061821839694
0.600000000000 2.000000000000 0.062935499306
0.800000000000 2.000000000000 0.064395509547
1.000000000000 2.000000000000 0.066110229421
1.200000000000 2.000000000000 0.067971992717
1.400000000000 2.000000000000 0.069863854284
1.600000000000 2.000000000000 0.071666929148
1.800000000000 2.000000000000 0.073267865551
2.000000000000 2.000000000000 0.074565981587
2.200000000000 2.000000000000 0.075479613482
2.400000000000 2.000000000000 0.075951271165
2.600000000000 2.000000000000 0.075951271165
2.800000000000 2.000000000000 0.075479613482
3.000000000000 2.000000000000 0.074565981587
3.200000000000 2.000000000000 0.073267865551
3.400000000000 2.000000000000 0.071666929148
3.600000000000 2.000000000000 0.069863854284
3.800000000000 2.000000000000 0.067971992717
4.000000000000 2.000000000000 0.066110229421
4.200000000000 2.000000000000 0.064395509547
4.400000000000 2.000000000000 0.062935499306
4.600000000000 2.000000000000 0.061821839694
4.800000000000 2.000000000000 0.061124412300

0.000000000000 2.200000000000 0.061633001097
0.200000000000 2.200000000000 0.061873351064
0.400000000000 2.200000000000 0.062579323703
0.600000000000 2.200000000000 0.063706628455
0.800000000000 2.200000000000 0.065184527505
1.000000000000 2.200000000000 0.066920257024
1.200000000000 2.200000000000 0.068804831617
1.400000000000 2.200000000000 0.070719873260
1.600000000000 2.200000000000 0.072545040340
1.800000000000 2.200000000000 0.074165592251
2.000000000000 2.200000000000 0.075479613482
2.200000000000 2.200000000000 0.076404439673
2.400000000000 2.200000000000 0.076881876351
2.600000000000 2.200000000000 0.076881876351
2.800000000000 2.200000000000 0.076404439673
3.000000000000 2.200000000000 0.075479613482
3.200000000000 2.200000000000 0.074165592251
3.400000000000 2.200000000000 0.072545040340
3.600000000000 2.200000000000 0.070719873260
3.800000000000 2.200000000000 0.068804831617
4.000000000000 2.200000000000 0.066920257024
4.200000000000 2.200000000000 0.065184527505
4.400000000000 2.200000000000 0.063706628455
4.600000000000 2.200000000000 0.062579323703
4.800000000000 2.200000000000 0.061873351064

0.000000000000 2.400000000000 0.062018134930
0.200000000000 2.400000000000 0.062259986780
0.400000000000 2.400000000000 0.062970370857
0.600000000000 2.400000000000 0.064104719842
0.800000000000 2.400000000000 0.065591853896
1.000000000000 2.400000000000 0.067338429533
1.200000000000 2.400000000000 0.069234780339
1.400000000000 2.400000000000 0.071161788576
1.600000000000 2.400000000000 0.072998360645
1.800000000000 2.400000000000 0.074629038960
2.000000000000 2.400000000000 0.075951271165
2.200000000000 2.400000000000 0.076881876351
2.400000000000 2.400000000000 0.077362296407
2.600000000000 2.400000000000 0.077362296407
2.800000000000 2.400000000000 0.076881876351
3.000000000000 2.400000000000 0.075951271165
3.200000000000 2.400000000000 0.074629038960
3.400000000000 2.400000000000 0.072998360645
3.600000000000 2.400000000000 0.071161788576
3.800000000000 2.400000000000 0.069234780339
4.000000000000 2.400000000000 0.067338429533
4.200000000000 2.400000000000 0.065591853896
4.400000000000 2.400000000000 0.064104719842
4.600000000000 2.400000000000 0.062970370857
4.800000000000 2.400000000000 0.062259986780

0.000000000000 2.600000000000 0.062018134930
0.200000000000 2.600000000000 0.062259986780
0.400000000000 2.600000000000 0.062970370857
0.600000000000 2.600000000000 0.064104719842
0.800000000000 2.600000000000 0.065591853896
1.000000000000 2.600000000000 0.067338429533
1.200000000000 2.600000000000 0.069234780339
1.400000000000 2.600000000000 0.071161788576
1.600000000000 2.600000000000 0.072998360645
1.800000000000 2.600000000000 0.074629038960
2.000000000000 2.600000000000 0.075951271165
2.200000000000 2.600000000000 0.076881876351
2.400000000000 2.600000000000 0.077362296407
2.600000000000 2.600000000000 0.077362296407
2.800000000000 2.600000000000 0.076881876351
3.000000000000 2.600000000000 0.075951271165
3.200000000000 2.600000000000 0.074629038960
3.400000000000 2.600000000000 0.072998360645
3.600000000000 2.600000000000 0.071161788576
3.800000000000 2.600000000000 0.069234780339
4.000000000000 2.600000000000 0.067338429533
4.200000000000 2.600000000000 0.065591853896
4.400000000000 2.600000000000 0.064104719842
4.600000000000 2.600000000000 0.062970370857
4.800000000000 2.600000000000 0.062259986780

0.000000000000 2.800000000000 0.061633001097
0.200000000000 2.800000000000 0.061873351064
0.400000000000 2.800000000000 0.062579323703
0.600000000000 2.800000000000 0.063706628455
0.800000000000 2.800000000000 0.065184527505
1.000000000000 2.800000000000 0.066920257024
1.200000000000 2.800000000000 0.068804831617
1.400000000000 2.800000000000 0.070719873260
1.600000000000 2.800000000000 0.072545040340
1.800000000000 2.800000000000 0.074165592251
2.000000000000 2.800000000000 0.075479613482
2.200000000000 2.800000000000 0.076404439673
2.400000000000 2.800000000000 0.076881876351
2.600000000000 2.800000000000 0.076881876351
2.800000000000 2.800000000000 0.076404439673
3.000000000000 2.800000000000 0.075479613482
3.200000000000 2.800000000000 0.074165592251
3.400000000000 2.800000000000 0.072545040340
3.600000000000 2.800000000000 0.070719873260
3.800000000000 2.800000000000 0.068804831617
4.000000000000 2.800000000000 0.066920257024
4.200000000000 2.800000000000 0.065184527505
4.400000000000 2.800000000000 0.063706628455
4.600000000000 2.800000000000 0.062579323703
4.800000000000 2.800000000000 0.061873351064

0.000000000000 3.000000000000 0.060886971582
0.200000000000 3.000000000000 0.061124412300
0.400000000000 3.000000000000 0.061821839694
0.600000000000 3.000000000000 0.062935499306
0.800000000000 3.000000000000 0.064395509547
1.000000000000 3.000000000000 0.066110229421
1.200000000000 3.000000000000 0.067971992717
1.400000000000 3.000000000000 0.069863854284
1.600000000000 3.000000000000 0.071666929148
1.800000000000 3.000000000000 0.073267865551
2.000000000000 3.000000000000 0.074565981587
2.200000000000 3.000000000000 0.075479613482
2.400000000000 3.000000000000 0.075951271165
2.600000000000 3.000000000000 0.075951271165
2.800000000000 3.000000000000 0.075479613482
3.000000000000 3.000000000000 0.074565981587
3.200000000000 3.000000000000 0.073267865551
3.400000000000 3.000000000000 0.071666929148
3.600000000000 3.000000000000 0.069863854284
3.800000000000 3.000000000000 0.067971992717
4.000000000000 3.000000000000 0.066110229421
4.200000000000 3.000000000000 0.064395509547
4.400000000000 3.000000000000 0.062935499306
4.600000000000 3.000000000000 0.061821839694
4.800000000000 3.000000000000 0.061124412300

0.000000000000 3.200000000000 0.059826990116
0.200000000000 3.200000000000 0.060060297287
0.400000000000 3.200000000000 0.060745583335
0.600000000000 3.200000000000 0.061839855516
0.800000000000 3.200000000000 0.063274448792
1.000000000000 3.200000000000 0.064959317522
1.200000000000 3.200000000000 0.066788669832
1.400000000000 3.200000000000 0.068647596440
1.600000000000 3.200000000000 0.070419282011
1.800000000000 3.200000000000 0.071992348101
2.000000000000 3.200000000000 0.073267865551
2.200000000000 3.200000000000 0.074165592251
2.400000000000 3.200000000000 0.074629038960
2.600000000000 3.200000000000 0.074629038960
2.800000000000 3.200000000000 0.074165592251
3.000000000000 3.200000000000 0.073267865551
3.200000000000 3.200000000000 0.071992348101
3.400000000000 3.200000000000 0.070419282011
3.600000000000 3.200000000000 0.068647596440
3.800000000000 3.200000000000 0.066788669832
4.000000000000 3.200000000000 0.064959317522
4.200000000000 3.200000000000 0.063274448792
4.400000000000 3.200000000000 0.061839855516
4.600000000000 3.200000000000 0.060745583335
4.800000000000 3.200000000000 0.060060297287

0.000000000000 3.400000000000 0.058519739561
0.200000000000 3.400000000000 0.058747948922
0.400000000000 3.400000000000 0.059418261331
0.600000000000 3.400000000000 0.060488623442
0.800000000000 3.400000000000 0.061891870563
1.000000000000 3.400000000000 0.063539924571
1.200000000000 3.400000000000 0.065329305162
1.400000000000 3.400000000000 0.067147613848
1.600000000000 3.400000000000 0.068880587732
1.800000000000 3.400000000000 0.070419282011
2.000000000000 3.400000000000 0.071666929148
2.200000000000 3.400000000000 0.072545040340
2.400000000000 3.400000000000 0.072998360645
2.600000000000 3.400000000000 0.072998360645
2.800000000000 3.400000000000 0.072545040340
3.000000000000 3.400000000000 0.071666929148
3.200000000000 3.400000000000 0.070419282011
3.400000000000 3.400000000000 0.068880587732
3.600000000000 3.400000000000 0.067147613848
3.800000000000 3.400000000000 0.065329305162
4.000000000000 3.400000000000 0.063539924571
4.200000000000 3.400000000000 0.061891870563
4.400000000000 3.400000000000 0.060488623442
4.600000000000 3.400000000000 0.059418261331
4.800000000000 3.400000000000 0.058747948922

0.000000000000 3.600000000000 0.057047432100
0.200000000000 3.600000000000 0.057269899989
0.400000000000 3.600000000000 0.057923348147
0.600000000000 3.600000000000 0.058966781239
0.800000000000 3.600000000000 0.060334724357
1.000000000000 3.600000000000 0.061941315316
1.200000000000 3.600000000000 0.063685677254
1.400000000000 3.600000000000 0.065458239491
1.600000000000 3.600000000000 0.067147613848
1.800000000000 3.600000000000 0.068647596440
2.000000000000 3.600000000000 0.069863854284
2.200000000000 3.600000000000 0.070719873260
2.400000000000 3.600000000000 0.071161788576
2.600000000000 3.600000000000 0.071161788576
2.800000000000 3.600000000000 0.070719873260
3.000000000000 3.600000000000 0.069863854284
3.200000000000 3.600000000000 0.068647596440
3.400000000000 3.600000000000 0.067147613848
3.600000000000 3.600000000000 0.065458239491
3.800000000000 3.600000000000 0.063685677254
4.000000000000 3.600000000000 0.061941315316
4.200000000000 3.600000000000 0.060334724357
4.400000000000 3.600000000000 0.058966781239
4.600000000000 3.600000000000 0.057923348147
4.800000000000 3.600000000000 0.057269899989

0.000000000000 3.800000000000 0.055502625534
0.200000000000 3.800000000000 0.055719069230
0.400000000000 3.800000000000 0.056354822710
0.600000000000 3.800000000000 0.057370000749
0.800000000000 3.800000000000 0.058700901429
1.000000000000 3.800000000000 0.060263987623
1.200000000000 3.800000000000 0.061961114106
1.400000000000 3.800000000000 0.063685677254
1.600000000000 3.800000000000 0.065329305162
1.800000000000 3.800000000000 0.066788669832
2.000000000000 3.800000000000 0.067971992717
2.200000000000 3.800000000000 0.068804831617
2.400000000000 3.800000000000 0.069234780339
2.600000000000 3.800000000000 0.069234780339
2.800000000000 3.800000000000 0.068804831617
3.000000000000 3.800000000000 0.067971992717
3.200000000000 3.800000000000 0.066788669832
3.400000000000 3.800000000000 0.065329305162
3.600000000000 3.800000000000 0.063685677254
3.800000000000 3.800000000000 0.061961114106
4.000000000000 3.800000000000 0.060263987623
4.200000000000 3.800000000000 0.058700901429
4.400000000000 3.800000000000 0.057370000749
4.600000000000 3.800000000000 0.056354822710
4.800000000000 3.800000000000 0.055719069230

0.000000000000 4.000000000000 0.053982395828
0.200000000000 4.000000000000 0.054192911172
0.400000000000 4.000000000000 0.054811251484
0.600000000000 4.000000000000 0.055798623989
0.800000000000 4.000000000000 0.057093071552
1.000000000000 4.000000000000 0.058613345112
1.200000000000 4.000000000000 0.060263987623
1.400000000000 4.000000000000 0.061941315316
1.600000000000 4.000000000000 0.063539924571
1.800000000000 4.000000000000 0.064959317522
2.000000000000 4.000000000000 0.066110229421
2.200000000000 4.000000000000 0.066920257024
2.400000000000 4.000000000000 0.067338429533
2.600000000000 4.000000000000 0.067338429533
2.800000000000 4.000000000000 0.066920257024
3.000000000000 4.000000000000 0.066110229421
3.200000000000 4.000000000000 0.064959317522
3.400000000000 4.000000000000 0.063539924571
3.600000000000 4.000000000000 0.061941315316
3.800000000000 4.000000000000 0.060263987623
4.000000000000 4.000000000000 0.058613345112
4.200000000000 4.000000000000 0.057093071552
4.400000000000 4.000000000000 0.055798623989
4.600000000000 4.000000000000 0.054811251484
4.800000000000 4.000000000000 0.054192911172

0.000000000000 4.200000000000 0.052582234976
0.200000000000 4.200000000000 0.052787290194
0.400000000000 4.200000000000 0.053389592643
0.600000000000 4.200000000000 0.054351355715
0.800000000000 4.200000000000 0.055612229253
1.000000000000 4.200000000000 0.057093071552
1.200000000000 4.200000000000 0.058700901429
1.400000000000 4.200000000000 0.060334724357
1.600000000000 4.200000000000 0.061891870563
1.800000000000 4.200000000000 0.063274448792
2.000000000000 4.200000000000 0.064395509547
2.200000000000 4.200000000000 0.065184527505
2.400000000000 4.200000000000 0.065591853896
2.600000000000 4.200000000000 0.065591853896
2.800000000000 4.200000000000 0.065184527505
3.000000000000 4.200000000000 0.064395509547
3.200000000000 4.200000000000 0.063274448792
3.400000000000 4.200000000000 0.061891870563
3.600000000000 4.200000000000 0.060334724357
3.800000000000 4.200000000000 0.058700901429
4.000000000000 4.200000000000 0.057093071552
4.200000000000 4.200000000000 0.055612229253
4.400000000000 4.200000000000 0.054351355715
4.600000000000 4.200000000000 0.053389592643
4.800000000000 4.200000000000 0.052787290194

0.000000000000 4.400000000000 0.051390058221
0.200000000000 4.400000000000 0.051590464376
0.400000000000 4.400000000000 0.052179111274
0.600000000000 4.400000000000 0.053119069014
0.800000000000 4.400000000000 0.054351355715
1.000000000000 4.400000000000 0.055798623989
1.200000000000 4.400000000000 0.057370000749
1.400000000000 4.400000000000 0.058966781239
1.600000000000 4.400000000000 0.060488623442
1.800000000000 4.400000000000 0.061839855516
2.000000000000 4.400000000000 0.062935499306
2.200000000000 4.400000000000 0.063706628455
2.400000000000 4.400000000000 0.064104719842
2.600000000000 4.400000000000 0.064104719842
2.800000000000 4.400000000000 0.063706628455
3.000000000000 4.400000000000 0.062935499306
3.200000000000 4.400000000000 0.061839855516
3.400000000000 4.400000000000 0.060488623442
3.600000000000 4.400000000000 0.058966781239
3.800000000000 4.400000000000 0.057370000749
4.000000000000 4.400000000000 0.055798623989
4.200000000000 4.400000000000 0.054351355715
4.400000000000 4.400000000000 0.053119069014
4.600000000000 4.400000000000 0.052179111274
4.800000000000 4.400000000000 0.051590464376

0.000000000000 4.600000000000 0.050480695354
0.200000000000 4.600000000000 0.050677555319
0.400000000000 4.600000000000 0.051255786100
0.600000000000 4.600000000000 0.052179111274
0.800000000000 4.600000000000 0.053389592643
1.000000000000 4.600000000000 0.054811251484
1.200000000000 4.600000000000 0.056354822710
1.400000000000 4.600000000000 0.057923348147
1.600000000000 4.600000000000 0.059418261331
1.800000000000 4.600000000000 0.060745583335
2.000000000000 4.600000000000 0.061821839694
2.200000000000 4.600000000000 0.062579323703
2.400000000000 4.600000000000 0.062970370857
2.600000000000 4.600000000000 0.062970370857
2.800000000000 4.600000000000 0.062579323703
3.000000000000 4.600000000000 0.061821839694
3.200000000000 4.600000000000 0.060745583335
3.400000000000 4.600000000000 0.059418261331
3.600000000000 4.600000000000 0.057923348147
3.800000000000 4.600000000000 0.056354822710
4.000000000000 4.600000000000 0.054811251484
4.200000000000 4.600000000000 0.053389592643
4.400000000000 4.600000000000 0.052179111274
4.600000000000 4.600000000000 0.051255786100
4.800000000000 4.600000000000 0.050677555319

0.000000000000 4.800000000000 0.049911208442
0.200000000000 4.800000000000 0.050105847611
0.400000000000 4.800000000000 0.050677555319
0.600000000000 4.800000000000 0.051590464376
0.800000000000 4.800000000000 0.052787290194
1.000000000000 4.800000000000 0.054192911172
1.200000000000 4.800000000000 0.055719069230
1.400000000000 4.800000000000 0.057269899989
1.600000000000 4.800000000000 0.058747948922
1.800000000000 4.800000000000 0.060060297287
2.000000000000 4.800000000000 0.061124412300
2.200000000000 4.800000000000 0.061873351064
2.400000000000 4.800000000000 0.062259986780
2.600000000000 4.800000000000 0.062259986780
2.800000000000 4.800000000000 0.061873351064
3.000000000000 4.800000000000 0.061124412300
3.200000000000 4.800000000000 0.060060297287
3.400000000000 4.800000000000 0.058747948922
3.600000000000 4.800000000000 0.057269899989
3.800000000000 4.800000000000 0.055719069230
4.000000000000 4.800000000000 0.054192911172
4.200000000000 4.800000000000 0.052787290194
4.400000000000 4.800000000000 0.051590464376
4.600000000000 4.800000000000 0.050677555319
4.800000000000 4.800000000000 0.050105847611

