# x y u
0.000000000000 0.000000000000 0.999136345876
0.200000000000 0.000000000000 0.917256441358
0.400000000000 0.000000000000 0.719999907225
0.600000000000 0.000000000000 0.483929329955
0.800000000000 0.000000000000 0.278397207114
1.000000000000 0.000000000000 0.136706362982
1.200000000000 0.000000000000 0.056968408830
1.400000000000 0.000000000000 0.019943968607
1.600000000000 0.000000000000 0.005771018969
1.800000000000 0.000000000000 0.001344469033
2.000000000000 0.000000000000 0.000239961096
2.200000000000 0.000000000000 0.000029225056
2.400000000000 0.000000000000 0.000002954485
2.600000000000 0.000000000000 0.000016357633
2.800000000000 0.000000000000 0.000091366906
3.000000000000 0.000000000000 0.000424009796
3.200000000000 0.000000000000 0.001714664911
3.400000000000 0.000000000000 0.006214319520
3.600000000000 0.000000000000 0.019824912892
3.800000000000 0.000000000000 0.055241120483
4.000000000000 0.000000000000 0.133577263961
4.200000000000 0.000000000000 0.277319491029
4.400000000000 0.000000000000 0.489671837377
4.600000000000 0.000000000000 0.732303452003
4.800000000000 0.000000000000 0.927939925281

0.000000000000 0.200000000000 0.917256441358
0.200000000000 0.200000000000 0.842329695898
0.400000000000 0.200000000000 0.661526431599
0.600000000000 0.200000000000 0.444956478797
0.800000000000 0.200000000000 0.256226299191
1.000000000000 0.200000000000 0.125975170453
1.200000000000 0.200000000000 0.052577854310
1.400000000000 0.200000000000 0.018442683017
1.600000000000 0.200000000000 0.005349829234
1.800000000000 0.200000000000 0.001250400206
2.000000000000 0.200000000000 0.000224202421
2.200000000000 0.200000000000 0.000027534503
2.400000000000 0.200000000000 0.000002829551
2.600000000000 0.200000000000 0.000015236416
2.800000000000 0.200000000000 0.000084802925
3.000000000000 0.200000000000 0.000392869605
3.200000000000 0.200000000000 0.001586722340
3.400000000000 0.200000000000 0.005742005389
3.600000000000 0.200000000000 0.018292119293
3.800000000000 0.200000000000 0.050903237931
4.000000000000 0.200000000000 0.122937384100
4.200000000000 0.200000000000 0.254961812516
4.400000000000 0.200000000000 0.449838606839
4.600000000000 0.200000000000 0.672399312798
4.800000000000 0.200000000000 0.851852304830

0.000000000000 0.400000000000 0.719999907225
0.200000000000 0.400000000000 0.661526431599
0.400000000000 0.400000000000 0.519913353822
0.600000000000 0.400000000000 0.350038391188
0.800000000000 0.400000000000 0.201807884450
1.000000000000 0.400000000000 0.099364361726
1.200000000000 0.400000000000 0.041544867683
1.400000000000 0.400000000000 0.014604378281
1.600000000000 0.400000000000 0.004247969381
1.800000000000 0.400000000000 0.000996368608
2.000000000000 0.400000000000 0.000179536754
2.200000000000 0.400000000000 0.000022242929
2.400000000000 0.400000000000 0.000002314681
2.600000000000 0.400000000000 0.000012098194
2.800000000000 0.400000000000 0.000067126216
3.000000000000 0.400000000000 0.000310528987
3.200000000000 0.400000000000 0.001252780877
3.400000000000 0.400000000000 0.004527648642
3.600000000000 0.400000000000 0.014406243524
3.800000000000 0.400000000000 0.040046074584
4.000000000000 0.400000000000 0.096620877666
4.200000000000 0.400000000000 0.200223740784
4.400000000000 0.400000000000 0.353074218400
4.600000000000 0.400000000000 0.527632012773
4.800000000000 0.400000000000 0.668470976839

0.000000000000 0.600000000000 0.483929329955
0.200000000000 0.600000000000 0.444956478797
0.400000000000 0.600000000000 0.350038391188
0.600000000000 0.600000000000 0.235944455676
0.800000000000 0.600000000000 0.136220997676
1.000000000000 0.600000000000 0.067183914331
1.200000000000 0.600000000000 0.028146341571
1.400000000000 0.600000000000 0.009918341389
1.600000000000 0.600000000000 0.002893580517
1.800000000000 0.600000000000 0.000681291893
2.000000000000 0.600000000000 0.000123413899
2.200000000000 0.600000000000 0.000015431438
2.400000000000 0.600000000000 0.000001620819
2.600000000000 0.600000000000 0.000008202984
2.800000000000 0.600000000000 0.000045388275
3.000000000000 0.600000000000 0.000209717553
3.200000000000 0.600000000000 0.000845264220
3.400000000000 0.600000000000 0.003051423877
3.600000000000 0.600000000000 0.009699381123
3.800000000000 0.600000000000 0.026938305235
4.000000000000 0.600000000000 0.064945579380
4.200000000000 0.600000000000 0.134508640619
4.400000000000 0.600000000000 0.237123798299
4.600000000000 0.600000000000 0.354356238329
4.800000000000 0.600000000000 0.449064480580

0.000000000000 0.800000000000 0.278397207114
0.200000000000 0.800000000000 0.256226299191
0.400000000000 0.800000000000 0.201807884450
0.600000000000 0.800000000000 0.136220997676
0.800000000000 0.800000000000 0.078776087981
1.000000000000 0.800000000000 0.038927093002
1.200000000000 0.800000000000 0.016345245507
1.400000000000 0.800000000000 0.005775384041
1.600000000000 0.800000000000 0.001690472685
1.800000000000 0.800000000000 0.000399682514
2.000000000000 0.800000000000 0.000072815946
2.200000000000 0.800000000000 0.000009194268
2.400000000000 0.800000000000 0.000000971891
2.600000000000 0.800000000000 0.000004748049
2.800000000000 0.800000000000 0.000026207276
3.000000000000 0.800000000000 0.000120974742
3.200000000000 0.800000000000 0.000487188102
3.400000000000 0.800000000000 0.001757075485
3.600000000000 0.800000000000 0.005580531680
3.800000000000 0.800000000000 0.015488287486
4.000000000000 0.800000000000 0.037320105993
4.200000000000 0.800000000000 0.077267915913
4.400000000000 0.800000000000 0.136208178383
4.600000000000 0.800000000000 0.203598111486
4.800000000000 0.800000000000 0.258145549636

0.000000000000 1.000000000000 0.136706362982
0.200000000000 1.000000000000 0.125975170453
0.400000000000 1.000000000000 0.099364361726
0.600000000000 1.000000000000 0.067183914331
0.800000000000 1.000000000000 0.038927093002
1.000000000000 1.000000000000 0.019278411400
1.200000000000 1.000000000000 0.008115709387
1.400000000000 1.000000000000 0.002876286058
1.600000000000 1.000000000000 0.000844986100
1.800000000000 1.000000000000 0.000200700662
2.000000000000 1.000000000000 0.000036793043
2.200000000000 1.000000000000 0.000004694757
2.400000000000 1.000000000000 0.000000498144
2.600000000000 1.000000000000 0.000002339636
2.800000000000 1.000000000000 0.000012885714
3.000000000000 1.000000000000 0.000059437564
3.200000000000 1.000000000000 0.000239202068
3.400000000000 1.000000000000 0.000862006918
3.600000000000 1.000000000000 0.002736013793
3.800000000000 1.000000000000 0.007589828608
4.000000000000 1.000000000000 0.018282028970
4.200000000000 1.000000000000 0.037847656001
4.400000000000 1.000000000000 0.066731584986
4.600000000000 1.000000000000 0.099797680270
4.800000000000 1.000000000000 0.126633177839

0.000000000000 1.200000000000 0.056968408830
0.200000000000 1.200000000000 0.052577854310
0.400000000000 1.200000000000 0.041544867683
0.600000000000 1.200000000000 0.028146341571
0.800000000000 1.200000000000 0.016345245507
1.000000000000 1.200000000000 0.008115709387
1.200000000000 1.200000000000 0.003426590010
1.400000000000 1.200000000000 0.001218606442
1.600000000000 1.200000000000 0.000359477587
1.800000000000 1.200000000000 0.000085821372
2.000000000000 1.200000000000 0.000015841847
2.200000000000 1.200000000000 0.000002044616
2.400000000000 1.200000000000 0.000000217244
2.600000000000 1.200000000000 0.000000975589
2.800000000000 1.200000000000 0.000005362750
3.000000000000 1.200000000000 0.000024724151
3.200000000000 1.200000000000 0.000099445810
3.400000000000 1.200000000000 0.000358140764
3.600000000000 1.200000000000 0.001136228328
3.800000000000 1.200000000000 0.003151044499
4.000000000000 1.200000000000 0.007589266174
4.200000000000 1.200000000000 0.015713935316
4.400000000000 1.200000000000 0.027719672387
4.600000000000 1.200000000000 0.041488123441
4.800000000000 1.200000000000 0.052700955417

0.000000000000 1.400000000000 0.019943968607
0.200000000000 1.400000000000 0.018442683017
0.400000000000 1.400000000000 0.014604378281
0.600000000000 1.400000000000 0.009918341389
0.800000000000 1.400000000000 0.005775384041
1.000000000000 1.400000000000 0.002876286058
1.200000000000 1.400000000000 0.001218606442
1.400000000000 1.400000000000 0.000435107517
1.600000000000 1.400000000000 0.000128961767
1.800000000000 1.400000000000 0.000030968303
2.000000000000 1.400000000000 0.000005761100
2.200000000000 1.400000000000 0.000000753031
2.400000000000 1.400000000000 0.000000079936
2.600000000000 1.400000000000 0.000000340625
2.800000000000 1.400000000000 0.000001869217
3.000000000000 1.400000000000 0.000008615686
3.200000000000 1.400000000000 0.000034640349
3.400000000000 1.400000000000 0.000124694513
3.600000000000 1.400000000000 0.000395508915
3.800000000000 1.400000000000 0.001096789838
4.000000000000 1.400000000000 0.002642032499
4.200000000000 1.400000000000 0.005473023529
4.400000000000 1.400000000000 0.009662483883
4.600000000000 1.400000000000 0.014478663597
4.800000000000 1.400000000000 0.018418494949

0.000000000000 1.600000000000 0.005771018969
0.200000000000 1.600000000000 0.005349829234
0.400000000000 1.600000000000 0.004247969381
0.600000000000 1.600000000000 0.002893580517
0.800000000000 1.600000000000 0.001690472685
1.000000000000 1.600000000000 0.000844986100
1.200000000000 1.600000000000 0.000359477587
1.400000000000 1.600000000000 0.000128961767
1.600000000000 1.600000000000 0.000038436732
1.800000000000 1.600000000000 0.000009293110
2.000000000000 1.600000000000 0.000001744445
2.200000000000 1.600000000000 0.000000231324
2.400000000000 1.600000000000 0.000000024476
2.600000000000 1.600000000000 0.000000097882
2.800000000000 1.600000000000 0.000000536356
3.000000000000 1.600000000000 0.000002472440
3.200000000000 1.600000000000 0.000009938675
3.400000000000 1.600000000000 0.000035767280
3.600000000000 1.600000000000 0.000113451182
3.800000000000 1.600000000000 0.000314692186
4.000000000000 1.600000000000 0.000758438641
4.200000000000 1.600000000000 0.001572487281
4.400000000000 1.600000000000 0.002779719884
4.600000000000 1.600000000000 0.004172087045
4.800000000000 1.600000000000 0.005317753311

0.000000000000 1.800000000000 0.001344469033
0.200000000000 1.800000000000 0.001250400206
0.400000000000 1.800000000000 0.000996368608
0.600000000000 1.800000000000 0.000681291893
0.800000000000 1.800000000000 0.000399682514
1.000000000000 1.800000000000 0.000200700662
1.200000000000 1.800000000000 0.000085821372
1.400000000000 1.800000000000 0.000030968303
1.600000000000 1.800000000000 0.000009293110
1.800000000000 1.800000000000 0.000002265478
2.000000000000 1.800000000000 0.000000429877
2.200000000000 1.800000000000 0.000000057979
2.400000000000 1.800000000000 0.000000006101
2.600000000000 1.800000000000 0.000000022512
2.800000000000 1.800000000000 0.000000123213
3.000000000000 1.800000000000 0.000000568293
3.200000000000 1.800000000000 0.000002284542
3.400000000000 1.800000000000 0.000008221958
3.600000000000 1.800000000000 0.000026089884
3.800000000000 1.800000000000 0.000072416969
4.000000000000 1.800000000000 0.000174704217
4.200000000000 1.800000000000 0.000362736378
4.400000000000 1.800000000000 0.000642439958
4.600000000000 1.800000000000 0.000966486551
4.800000000000 1.800000000000 0.001235190471

0.000000000000 2.000000000000 0.000239961096
0.200000000000 2.000000000000 0.000224202421
0.400000000000 2.000000000000 0.000179536754
0.600000000000 2.000000000000 0.000123413899
0.800000000000 2.000000000000 0.000072815946
1.000000000000 2.000000000000 0.000036793043
1.200000000000 2.000000000000 0.000015841847
1.400000000000 2.000000000000 0.000005761100
1.600000000000 2.000000000000 0.000001744445
1.800000000000 2.000000000000 0.000000429877
2.000000000000 2.000000000000 0.000000082715
2.200000000000 2.000000000000 0.000000011398
2.400000000000 2.000000000000 0.000000001190
2.600000000000 2.000000000000 0.000000003929
2.800000000000 2.000000000000 0.000000021484
3.000000000000 2.000000000000 0.000000099219
3.200000000000 2.000000000000 0.000000399040
3.400000000000 2.000000000000 0.000001436799
3.600000000000 2.000000000000 0.000004563652
3.800000000000 2.000000000000 0.000012684086
4.000000000000 2.000000000000 0.000030654049
4.200000000000 2.000000000000 0.000063796778
4.400000000000 2.000000000000 0.000113326508
4.600000000000 2.000000000000 0.000171086862
4.800000000000 2.000000000000 0.000219514074

0.000000000000 2.200000000000 0.000029225056
0.200000000000 2.200000000000 0.000027534503
0.400000000000 2.200000000000 0.000022242929
0.600000000000 2.200000000000 0.000015431438
0.800000000000 2.200000000000 0.000009194268
1.000000000000 2.200000000000 0.000004694757
1.200000000000 2.200000000000 0.000002044616
1.400000000000 2.200000000000 0.000000753031
1.600000000000 2.200000000000 0.000000231324
1.800000000000 2.200000000000 0.000000057979
2.000000000000 2.200000000000 0.000000011398
2.200000000000 2.200000000000 0.000000001621
2.400000000000 2.200000000000 0.000000000167
2.600000000000 2.200000000000 0.000000000456
2.800000000000 2.200000000000 0.000000002490
3.000000000000 2.200000000000 0.000000011539
3.200000000000 2.200000000000 0.000000046476
3.400000000000 2.200000000000 0.000000167617
3.600000000000 2.200000000000 0.000000533762
3.800000000000 2.200000000000 0.000001488295
4.000000000000 2.200000000000 0.000003611170
4.200000000000 2.200000000000 0.000007553294
4.400000000000 2.200000000000 0.000013498590
4.600000000000 2.200000000000 0.000020518604
4.800000000000 2.200000000000 0.000026523617

0.000000000000 2.400000000000 0.000002954485
0.200000000000 2.400000000000 0.000002829551
0.400000000000 2.400000000000 0.000002314681
0.600000000000 2.400000000000 0.000001620819
0.800000000000 2.400000000000 0.000000971891
1.000000000000 2.400000000000 0.000000498144
1.200000000000 2.400000000000 0.000000217244
1.400000000000 2.400000000000 0.000000079936
1.600000000000 2.400000000000 0.000000024476
1.800000000000 2.400000000000 0.000000006101
2.000000000000 2.400000000000 0.000000001190
2.200000000000 2.400000000000 0.000000000167
2.400000000000 2.400000000000 0.000000000014
2.600000000000 2.400000000000 0.000000000028
2.800000000000 2.400000000000 0.000000000166
3.000000000000 2.400000000000 0.000000000817
3.200000000000 2.400000000000 0.000000003406
3.400000000000 2.400000000000 0.000000012797
3.600000000000 2.400000000000 0.000000042532
3.800000000000 2.400000000000 0.000000123632
4.000000000000 2.400000000000 0.000000312698
4.200000000000 2.400000000000 0.000000680922
4.400000000000 2.400000000000 0.000001262188
4.600000000000 2.400000000000 0.000001979697
4.800000000000 2.400000000000 0.000002626159

0.000000000000 2.600000000000 0.000016357633
0.200000000000 2.600000000000 0.000015236416
0.400000000000 2.600000000000 0.000012098194
0.600000000000 2.600000000000 0.000008202984
0.800000000000 2.600000000000 0.000004748049
1.000000000000 2.600000000000 0.000002339636
1.200000000000 2.600000000000 0.000000975589
1.400000000000 2.600000000000 0.000000340625
1.600000000000 2.600000000000 0.000000097882
1.800000000000 2.600000000000 0.000000022512
2.000000000000 2.600000000000 0.000000003929
2.200000000000 2.600000000000 0.000000000456
2.400000000000 2.600000000000 0.000000000028
2.600000000000 2.600000000000 0.000000000179
2.800000000000 2.600000000000 0.000000001080
3.000000000000 2.600000000000 0.000000005243
3.200000000000 2.600000000000 0.000000021766
3.400000000000 2.600000000000 0.000000081447
3.600000000000 2.600000000000 0.000000268539
3.800000000000 2.600000000000 0.000000772627
4.000000000000 2.600000000000 0.000001929369
4.200000000000 2.600000000000 0.000004133777
4.400000000000 2.600000000000 0.000007514128
4.600000000000 2.600000000000 0.000011526552
4.800000000000 2.600000000000 0.000014923568

0.000000000000 2.800000000000 0.000091366906
0.200000000000 2.800000000000 0.000084802925
0.400000000000 2.800000000000 0.000067126216
0.600000000000 2.800000000000 0.000045388275
0.800000000000 2.800000000000 0.000026207276
1.000000000000 2.800000000000 0.000012885714
1.200000000000 2.800000000000 0.000005362750
1.400000000000 2.800000000000 0.000001869217
1.600000000000 2.800000000000 0.000000536356
1.800000000000 2.800000000000 0.000000123213
2.000000000000 2.800000000000 0.000000021484
2.200000000000 2.800000000000 0.000000002490
2.400000000000 2.800000000000 0.000000000166
2.600000000000 2.800000000000 0.000000001080
2.800000000000 2.800000000000 0.000000006428
3.000000000000 2.800000000000 0.000000030922
3.200000000000 2.800000000000 0.000000127770
3.400000000000 2.800000000000 0.000000475331
3.600000000000 2.800000000000 0.000001557622
3.800000000000 2.800000000000 0.000004454752
4.000000000000 2.800000000000 0.000011056857
4.200000000000 2.800000000000 0.000023546629
4.400000000000 2.800000000000 0.000042556424
4.600000000000 2.800000000000 0.000064941882
4.800000000000 2.800000000000 0.000083694510

0.000000000000 3.000000000000 0.000424009796
0.200000000000 3.000000000000 0.000392869605
0.400000000000 3.000000000000 0.000310528987
0.600000000000 3.000000000000 0.000209717553
0.800000000000 3.000000000000 0.000120974742
1.000000000000 3.000000000000 0.000059437564
1.200000000000 3.000000000000 0.000024724151
1.400000000000 3.000000000000 0.000008615686
1.600000000000 3.000000000000 0.000002472440
1.800000000000 3.000000000000 0.000000568293
2.000000000000 3.000000000000 0.000000099219
2.200000000000 3.000000000000 0.000000011539
2.400000000000 3.000000000000 0.000000000817
2.600000000000 3.000000000000 0.000000005243
2.800000000000 3.000000000000 0.000000030922
3.000000000000 3.000000000000 0.000000147975
3.200000000000 3.000000000000 0.000000609653
3.400000000000 3.000000000000 0.000002260142
3.600000000000 3.000000000000 0.000007379759
3.800000000000 3.000000000000 0.000021032910
4.000000000000 3.000000000000 0.000052023988
4.200000000000 3.000000000000 0.000110414520
4.400000000000 3.000000000000 0.000198927687
4.600000000000 3.000000000000 0.000302721973
4.800000000000 3.000000000000 0.000389199180

0.000000000000 3.200000000000 0.001714664911
0.200000000000 3.200000000000 0.001586722340
0.400000000000 3.200000000000 0.001252780877
0.600000000000 3.200000000000 0.000845264220
0.800000000000 3.200000000000 0.000487188102
1.000000000000 3.200000000000 0.000239202068
1.200000000000 3.200000000000 0.000099445810
1.400000000000 3.200000000000 0.000034640349
1.600000000000 3.200000000000 0.000009938675
1.800000000000 3.200000000000 0.000002284542
2.000000000000 3.200000000000 0.000000399040
2.200000000000 3.200000000000 0.000000046476
2.400000000000 3.200000000000 0.000000003406
2.600000000000 3.200000000000 0.000000021766
2.800000000000 3.200000000000 0.000000127770
3.000000000000 3.200000000000 0.000000609653
3.200000000000 3.200000000000 0.000002507917
3.400000000000 3.200000000000 0.000009279886
3.600000000000 3.200000000000 0.000030238909
3.800000000000 3.200000000000 0.000086010087
4.000000000000 3.200000000000 0.000212301668
4.200000000000 3.200000000000 0.000449636419
4.400000000000 3.200000000000 0.000808447382
4.600000000000 3.200000000000 0.001227991220
4.800000000000 3.200000000000 0.001576180017

0.000000000000 3.400000000000 0.006214319520
0.200000000000 3.400000000000 0.005742005389
0.400000000000 3.400000000000 0.004527648642
0.600000000000 3.400000000000 0.003051423877
0.800000000000 3.400000000000 0.001757075485
1.000000000000 3.400000000000 0.000862006918
1.200000000000 3.400000000000 0.000358140764
1.400000000000 3.400000000000 0.000124694513
1.600000000000 3.400000000000 0.000035767280
1.800000000000 3.400000000000 0.000008221958
2.000000000000 3.400000000000 0.000001436799
2.200000000000 3.400000000000 0.000000167617
2.400000000000 3.400000000000 0.000000012797
2.600000000000 3.400000000000 0.000000081447
2.800000000000 3.400000000000 0.000000475331
3.000000000000 3.400000000000 0.000002260142
3.200000000000 3.400000000000 0.000009279886
3.400000000000 3.400000000000 0.000034257248
3.600000000000 3.400000000000 0.000111350446
3.800000000000 3.400000000000 0.000315939631
4.000000000000 3.400000000000 0.000777872899
4.200000000000 3.400000000000 0.001643261610
4.400000000000 3.400000000000 0.002947386184
4.600000000000 3.400000000000 0.004466988019
4.800000000000 3.400000000000 0.005722281088

0.000000000000 3.600000000000 0.019824912892
0.200000000000 3.600000000000 0.018292119293
0.400000000000 3.600000000000 0.014406243524
0.600000000000 3.600000000000 0.009699381123
0.800000000000 3.600000000000 0.005580531680
1.000000000000 3.600000000000 0.002736013793
1.200000000000 3.600000000000 0.001136228328
1.400000000000 3.600000000000 0.000395508915
1.600000000000 3.600000000000 0.000113451182
1.800000000000 3.600000000000 0.000026089884
2.000000000000 3.600000000000 0.000004563652
2.200000000000 3.600000000000 0.000000533762
2.400000000000 3.600000000000 0.000000042532
2.600000000000 3.600000000000 0.000000268539
2.800000000000 3.600000000000 0.000001557622
3.000000000000 3.600000000000 0.000007379759
3.200000000000 3.600000000000 0.000030238909
3.400000000000 3.600000000000 0.000111350446
3.600000000000 3.600000000000 0.000360989633
3.800000000000 3.600000000000 0.001021622065
4.000000000000 3.600000000000 0.002508751712
4.200000000000 3.600000000000 0.005285922496
4.400000000000 3.600000000000 0.009457601493
4.600000000000 3.600000000000 0.014301996231
4.800000000000 3.600000000000 0.018285650075

0.000000000000 3.800000000000 0.055241120483
0.200000000000 3.800000000000 0.050903237931
0.400000000000 3.800000000000 0.040046074584
0.600000000000 3.800000000000 0.026938305235
0.800000000000 3.800000000000 0.015488287486
1.000000000000 3.800000000000 0.007589828608
1.200000000000 3.800000000000 0.003151044499
1.400000000000 3.800000000000 0.001096789838
1.600000000000 3.800000000000 0.000314692186
1.800000000000 3.800000000000 0.000072416969
2.000000000000 3.800000000000 0.000012684086
2.200000000000 3.800000000000 0.000001488295
2.400000000000 3.800000000000 0.000000123632
2.600000000000 3.800000000000 0.000000772627
2.800000000000 3.800000000000 0.000004454752
3.000000000000 3.800000000000 0.000021032910
3.200000000000 3.800000000000 0.000086010087
3.400000000000 3.800000000000 0.000315939631
3.600000000000 3.800000000000 0.001021622065
3.800000000000 3.800000000000 0.002883968563
4.000000000000 3.800000000000 0.007063917363
4.200000000000 3.800000000000 0.014845828808
4.400000000000 3.800000000000 0.026499069906
4.600000000000 3.800000000000 0.039987490361
4.800000000000 3.800000000000 0.051031696012

0.000000000000 4.000000000000 0.133577263961
0.200000000000 4.000000000000 0.122937384100
0.400000000000 4.000000000000 0.096620877666
0.600000000000 4.000000000000 0.064945579380
0.800000000000 4.000000000000 0.037320105993
1.000000000000 4.000000000000 0.018282028970
1.200000000000 4.000000000000 0.007589266174
1.400000000000 4.000000000000 0.002642032499
1.600000000000 4.000000000000 0.000758438641
1.800000000000 4.000000000000 0.000174704217
2.000000000000 4.000000000000 0.000030654049
2.200000000000 4.000000000000 0.000003611170
2.400000000000 4.000000000000 0.000000312698
2.600000000000 4.000000000000 0.000001929369
2.800000000000 4.000000000000 0.000011056857
3.000000000000 4.000000000000 0.000052023988
3.200000000000 4.000000000000 0.000212301668
3.400000000000 4.000000000000 0.000777872899
3.600000000000 4.000000000000 0.002508751712
3.800000000000 4.000000000000 0.007063917363
4.000000000000 4.000000000000 0.017257433162
4.200000000000 4.000000000000 0.036176569744
4.400000000000 4.000000000000 0.064420838044
4.600000000000 4.000000000000 0.097009468346
4.800000000000 4.000000000000 0.123582420593

0.000000000000 4.200000000000 0.277319491029
0.200000000000 4.200000000000 0.254961812516
0.400000000000 4.200000000000 0.200223740784
0.600000000000 4.200000000000 0.134508640619
0.800000000000 4.200000000000 0.077267915913
1.000000000000 4.200000000000 0.037847656001
1.200000000000 4.200000000000 0.015713935316
1.400000000000 4.200000000000 0.005473023529
1.600000000000 4.200000000000 0.001572487281
1.800000000000 4.200000000000 0.000362736378
2.000000000000 4.200000000000 0.000063796778
2.200000000000 4.200000000000 0.000007553294
2.400000000000 4.200000000000 0.000000680922
2.600000000000 4.200000000000 0.000004133777
2.800000000000 4.200000000000 0.000023546629
3.000000000000 4.200000000000 0.000110414520
3.200000000000 4.200000000000 0.000449636419
3.400000000000 4.200000000000 0.001643261610
3.600000000000 4.200000000000 0.005285922496
3.800000000000 4.200000000000 0.014845828808
4.000000000000 4.200000000000 0.036176569744
4.200000000000 4.200000000000 0.075648589791
4.400000000000 4.200000000000 0.134405052491
4.600000000000 4.200000000000 0.201999931485
4.800000000000 4.200000000000 0.256910857125

0.000000000000 4.400000000000 0.489671837377
0.200000000000 4.400000000000 0.449838606839
0.400000000000 4.400000000000 0.353074218400
0.600000000000 4.400000000000 0.237123798299
0.800000000000 4.400000000000 0.136208178383
1.000000000000 4.400000000000 0.066731584986
1.200000000000 4.400000000000 0.027719672387
1.400000000000 4.400000000000 0.009662483883
1.600000000000 4.400000000000 0.002779719884
1.800000000000 4.400000000000 0.000642439958
2.000000000000 4.400000000000 0.000113326508
2.200000000000 4.400000000000 0.000013498590
2.400000000000 4.400000000000 0.000001262188
2.600000000000 4.400000000000 0.000007514128
2.800000000000 4.400000000000 0.000042556424
3.000000000000 4.400000000000 0.000198927687
3.200000000000 4.400000000000 0.000808447382
3.400000000000 4.400000000000 0.002947386184
3.600000000000 4.400000000000 0.009457601493
3.800000000000 4.400000000000 0.026499069906
4.000000000000 4.400000000000 0.064420838044
4.200000000000 4.400000000000 0.134405052491
4.400000000000 4.400000000000 0.238313951280
4.600000000000 4.400000000000 0.357554036722
4.800000000000 4.400000000000 0.454122206248

0.000000000000 4.600000000000 0.732303452003
0.200000000000 4.600000000000 0.672399312798
0.400000000000 4.600000000000 0.527632012773
0.600000000000 4.600000000000 0.354356238329
0.800000000000 4.600000000000 0.203598111486
1.000000000000 4.600000000000 0.099797680270
1.200000000000 4.600000000000 0.041488123441
1.400000000000 4.600000000000 0.014478663597
1.600000000000 4.600000000000 0.004172087045
1.800000000000 4.600000000000 0.000966486551
2.000000000000 4.600000000000 0.000171086862
2.200000000000 4.600000000000 0.000020518604
2.400000000000 4.600000000000 0.000001979697
2.600000000000 4.600000000000 0.000011526552
2.800000000000 4.600000000000 0.000064941882
3.000000000000 4.600000000000 0.000302721973
3.200000000000 4.600000000000 0.001227991220
3.400000000000 4.600000000000 0.004466988019
3.600000000000 4.600000000000 0.014301996231
3.800000000000 4.600000000000 0.039987490361
4.000000000000 4.600000000000 0.097009468346
4.200000000000 4.600000000000 0.201999931485
4.400000000000 4.600000000000 0.357554036722
4.600000000000 4.600000000000 0.535707778201
4.800000000000 4.600000000000 0.679662590683

0.000000000000 4.800000000000 0.927939925281
0.200000000000 4.800000000000 0.851852304830
0.400000000000 4.800000000000 0.668470976839
0.600000000000 4.800000000000 0.449064480580
0.800000000000 4.800000000000 0.258145549636
1.000000000000 4.800000000000 0.126633177839
1.200000000000 4.800000000000 0.052700955417
1.400000000000 4.800000000000 0.018418494949
1.600000000000 4.800000000000 0.005317753311
1.800000000000 4.800000000000 0.001235190471
2.000000000000 4.800000000000 0.000219514074
2.200000000000 4.800000000000 0.000026523617
2.400000000000 4.800000000000 0.000002626159
2.600000000000 4.800000000000 0.000014923568
2.800000000000 4.800000000000 0.000083694510
3.000000000000 4.800000000000 0.000389199180
3.200000000000 4.800000000000 0.001576180017
3.400000000000 4.800000000000 0.005722281088
3.600000000000 4.800000000000 0.018285650075
3.800000000000 4.800000000000 0.051031696012
4.000000000000 4.800000000000 0.123582420593
4.200000000000 4.800000000000 0.256910857125
4.400000000000 4.800000000000 0.454122206248
4.600000000000 4.800000000000 0.679662590683
4.800000000000 4.800000000000 0.861644162131

