# x y u
0.000000000000 0.000000000000 0.000090514802
0.200000000000 0.000000000000 0.000117056581
0.400000000000 0.000000000000 0.000203621514
0.600000000000 0.000000000000 0.000369808547
0.800000000000 0.000000000000 0.000643842152
1.000000000000 0.000000000000 0.001055009584
1.200000000000 0.000000000000 0.001622537299
1.400000000000 0.000000000000 0.002342636420
1.600000000000 0.000000000000 0.003177585503
1.800000000000 0.000000000000 0.004051940044
2.000000000000 0.000000000000 0.004860000854
2.200000000000 0.000000000000 0.005485174537
2.400000000000 0.000000000000 0.005826922792
2.600000000000 0.000000000000 0.005826922792
2.800000000000 0.000000000000 0.005485174537
3.000000000000 0.000000000000 0.004860000854
3.200000000000 0.000000000000 0.004051940044
3.400000000000 0.000000000000 0.003177585503
3.600000000000 0.000000000000 0.002342636420
3.800000000000 0.000000000000 0.001622537299
4.000000000000 0.000000000000 0.001055009584
4.200000000000 0.000000000000 0.000643842152
4.400000000000 0.000000000000 0.000369808547
4.600000000000 0.000000000000 0.000203621514
4.800000000000 0.000000000000 0.000117056581

0.000000000000 0.200000000000 0.000117056581
0.200000000000 0.200000000000 0.000151384098
0.400000000000 0.200000000000 0.000263342525
0.600000000000 0.200000000000 0.000478281719
0.800000000000 0.200000000000 0.000832708104
1.000000000000 0.200000000000 0.001364502861
1.200000000000 0.200000000000 0.002098534465
1.400000000000 0.200000000000 0.003029903076
1.600000000000 0.200000000000 0.004109820080
1.800000000000 0.200000000000 0.005240705538
2.000000000000 0.200000000000 0.006285847959
2.200000000000 0.200000000000 0.007094445323
2.400000000000 0.200000000000 0.007536461367
2.600000000000 0.200000000000 0.007536461367
2.800000000000 0.200000000000 0.007094445323
3.000000000000 0.200000000000 0.006285847959
3.200000000000 0.200000000000 0.005240705538
3.400000000000 0.200000000000 0.004109820080
3.600000000000 0.200000000000 0.003029903076
3.800000000000 0.200000000000 0.002098534465
4.000000000000 0.200000000000 0.001364502861
4.200000000000 0.200000000000 0.000832708104
4.400000000000 0.200000000000 0.000478281719
4.600000000000 0.200000000000 0.000263342525
4.800000000000 0.200000000000 0.000151384098

0.000000000000 0.400000000000 0.000203621514
0.200000000000 0.400000000000 0.000263342525
0.400000000000 0.400000000000 0.000458122890
0.600000000000 0.400000000000 0.000832069398
0.800000000000 0.400000000000 0.001448700452
1.000000000000 0.400000000000 0.002373926548
1.200000000000 0.400000000000 0.003651017479
1.400000000000 0.400000000000 0.005271449446
1.600000000000 0.400000000000 0.007150337402
1.800000000000 0.400000000000 0.009117905757
2.000000000000 0.400000000000 0.010936295670
2.200000000000 0.400000000000 0.012343133304
2.400000000000 0.400000000000 0.013112174694
2.600000000000 0.400000000000 0.013112174694
2.800000000000 0.400000000000 0.012343133304
3.000000000000 0.400000000000 0.010936295670
3.200000000000 0.400000000000 0.009117905757
3.400000000000 0.400000000000 0.007150337402
3.600000000000 0.400000000000 0.005271449446
3.800000000000 0.400000000000 0.003651017479
4.000000000000 0.400000000000 0.002373926548
4.200000000000 0.400000000000 0.001448700452
4.400000000000 0.400000000000 0.000832069398
4.600000000000 0.400000000000 0.000458122890
4.800000000000 0.400000000000 0.000263342525

0.000000000000 0.600000000000 0.000369808547
0.200000000000 0.600000000000 0.000478281719
0.400000000000 0.600000000000 0.000832069398
0.600000000000 0.600000000000 0.001511289437
0.800000000000 0.600000000000 0.002631319630
1.000000000000 0.600000000000 0.004311882417
1.200000000000 0.600000000000 0.006631574315
1.400000000000 0.600000000000 0.009574912266
1.600000000000 0.600000000000 0.012987709590
1.800000000000 0.600000000000 0.016561584813
2.000000000000 0.600000000000 0.019864491796
2.200000000000 0.600000000000 0.022419857423
2.400000000000 0.600000000000 0.023816735790
2.600000000000 0.600000000000 0.023816735790
2.800000000000 0.600000000000 0.022419857423
3.000000000000 0.600000000000 0.019864491796
3.200000000000 0.600000000000 0.016561584813
3.400000000000 0.600000000000 0.012987709590
3.600000000000 0.600000000000 0.009574912266
3.800000000000 0.600000000000 0.006631574315
4.000000000000 0.600000000000 0.004311882417
4.200000000000 0.600000000000 0.002631319630
4.400000000000 0.600000000000 0.001511289437
4.600000000000 0.600000000000 0.000832069398
4.800000000000 0.600000000000 0.000478281719

0.000000000000 0.800000000000 0.000643842152
0.200000000000 0.800000000000 0.000832708104
0.400000000000 0.800000000000 0.001448700452
0.600000000000 0.800000000000 0.002631319630
0.800000000000 0.800000000000 0.004581459345
1.000000000000 0.800000000000 0.007507576396
1.200000000000 0.800000000000 0.011546518027
1.400000000000 0.800000000000 0.016671321603
1.600000000000 0.800000000000 0.022613519332
1.800000000000 0.800000000000 0.028836168974
2.000000000000 0.800000000000 0.034587014023
2.200000000000 0.800000000000 0.039036274554
2.400000000000 0.800000000000 0.041468439523
2.600000000000 0.800000000000 0.041468439523
2.800000000000 0.800000000000 0.039036274554
3.000000000000 0.800000000000 0.034587014023
3.200000000000 0.800000000000 0.028836168974
3.400000000000 0.800000000000 0.022613519332
3.600000000000 0.800000000000 0.016671321603
3.800000000000 0.800000000000 0.011546518027
4.000000000000 0.800000000000 0.007507576396
4.200000000000 0.800000000000 0.004581459345
4.400000000000 0.800000000000 0.002631319630
4.600000000000 0.800000000000 0.001448700452
4.800000000000 0.800000000000 0.000832708104

0.000000000000 1.000000000000 0.001055009584
0.200000000000 1.000000000000 0.001364502861
0.400000000000 1.000000000000 0.002373926548
0.600000000000 1.000000000000 0.004311882417
0.800000000000 1.000000000000 0.007507576396
1.000000000000 1.000000000000 0.012302604452
1.200000000000 1.000000000000 0.018921211196
1.400000000000 1.000000000000 0.027319202970
1.600000000000 1.000000000000 0.037056633526
1.800000000000 1.000000000000 0.047253615572
2.000000000000 1.000000000000 0.056677438070
2.200000000000 1.000000000000 0.063968362227
2.400000000000 1.000000000000 0.067953903717
2.600000000000 1.000000000000 0.067953903717
2.800000000000 1.000000000000 0.063968362227
3.000000000000 1.000000000000 0.056677438070
3.200000000000 1.000000000000 0.047253615572
3.400000000000 1.000000000000 0.037056633526
3.600000000000 1.000000000000 0.027319202970
3.800000000000 1.000000000000 0.018921211196
4.000000000000 1.000000000000 0.012302604452
4.200000000000 1.000000000000 0.007507576396
4.400000000000 1.000000000000 0.004311882417
4.600000000000 1.000000000000 0.002373926548
4.800000000000 1.000000000000 0.001364502861

0.000000000000 1.200000000000 0.001622537299
0.200000000000 1.200000000000 0.002098534465
0.400000000000 1.200000000000 0.003651017479
0.600000000000 1.200000000000 0.006631574315
0.800000000000 1.200000000000 0.011546518027
1.000000000000 1.200000000000 0.018921211196
1.200000000000 1.200000000000 0.029100524572
1.400000000000 1.200000000000 0.042016471385
1.600000000000 1.200000000000 0.056992408250
1.800000000000 1.200000000000 0.072675083713
2.000000000000 1.200000000000 0.087168628635
2.200000000000 1.200000000000 0.098381823066
2.400000000000 1.200000000000 0.104511444237
2.600000000000 1.200000000000 0.104511444237
2.800000000000 1.200000000000 0.098381823066
3.000000000000 1.200000000000 0.087168628635
3.200000000000 1.200000000000 0.072675083713
3.400000000000 1.200000000000 0.056992408250
3.600000000000 1.200000000000 0.042016471385
3.800000000000 1.200000000000 0.029100524572
4.000000000000 1.200000000000 0.018921211196
4.200000000000 1.200000000000 0.011546518027
4.400000000000 1.200000000000 0.006631574315
4.600000000000 1.200000000000 0.003651017479
4.800000000000 1.200000000000 0.002098534465

0.000000000000 1.400000000000 0.002342636420
0.200000000000 1.400000000000 0.003029903076
0.400000000000 1.400000000000 0.005271449446
0.600000000000 1.400000000000 0.009574912266
0.800000000000 1.400000000000 0.016671321603
1.000000000000 1.400000000000 0.027319202970
1.200000000000 1.400000000000 0.042016471385
1.400000000000 1.400000000000 0.060664939112
1.600000000000 1.400000000000 0.082287625905
1.800000000000 1.400000000000 0.104930661737
2.000000000000 1.400000000000 0.125856753922
2.200000000000 1.400000000000 0.142046577546
2.400000000000 1.400000000000 0.150896631793
2.600000000000 1.400000000000 0.150896631793
2.800000000000 1.400000000000 0.142046577546
3.000000000000 1.400000000000 0.125856753922
3.200000000000 1.400000000000 0.104930661737
3.400000000000 1.400000000000 0.082287625905
3.600000000000 1.400000000000 0.060664939112
3.800000000000 1.400000000000 0.042016471385
4.000000000000 1.400000000000 0.027319202970
4.200000000000 1.400000000000 0.016671321603
4.400000000000 1.400000000000 0.009574912266
4.600000000000 1.400000000000 0.005271449446
4.800000000000 1.400000000000 0.003029903076

0.000000000000 1.600000000000 0.003177585503
0.200000000000 1.600000000000 0.004109820080
0.400000000000 1.600000000000 0.007150337402
0.600000000000 1.600000000000 0.012987709590
0.800000000000 1.600000000000 0.022613519332
1.000000000000 1.600000000000 0.037056633526
1.200000000000 1.600000000000 0.056992408250
1.400000000000 1.600000000000 0.082287625905
1.600000000000 1.600000000000 0.111617062670
1.800000000000 1.600000000000 0.142330443426
2.000000000000 1.600000000000 0.170714873810
2.200000000000 1.600000000000 0.192674931286
2.400000000000 1.600000000000 0.204679231742
2.600000000000 1.600000000000 0.204679231742
2.800000000000 1.600000000000 0.192674931286
3.000000000000 1.600000000000 0.170714873810
3.200000000000 1.600000000000 0.142330443426
3.400000000000 1.600000000000 0.111617062670
3.600000000000 1.600000000000 0.082287625905
3.800000000000 1.600000000000 0.056992408250
4.000000000000 1.600000000000 0.037056633526
4.200000000000 1.600000000000 0.022613519332
4.400000000000 1.600000000000 0.012987709590
4.600000000000 1.600000000000 0.007150337402
4.800000000000 1.600000000000 0.004109820080

0.000000000000 1.800000000000 0.004051940044
0.200000000000 1.800000000000 0.005240705538
0.400000000000 1.800000000000 0.009117905757
0.600000000000 1.800000000000 0.016561584813
0.800000000000 1.800000000000 0.028836168974
1.000000000000 1.800000000000 0.047253615572
1.200000000000 1.800000000000 0.072675083713
1.400000000000 1.800000000000 0.104930661737
1.600000000000 1.800000000000 0.142330443426
1.800000000000 1.800000000000 0.181494891355
2.000000000000 1.800000000000 0.217689490282
2.200000000000 1.800000000000 0.245691967833
2.400000000000 1.800000000000 0.260999298743
2.600000000000 1.800000000000 0.260999298743
2.800000000000 1.800000000000 0.245691967833
3.000000000000 1.800000000000 0.217689490282
3.200000000000 1.800000000000 0.181494891355
3.400000000000 1.800000000000 0.142330443426
3.600000000000 1.800000000000 0.104930661737
3.800000000000 1.800000000000 0.072675083713
4.000000000000 1.800000000000 0.047253615572
4.200000000000 1.800000000000 0.028836168974
4.400000000000 1.800000000000 0.016561584813
4.600000000000 1.800000000000 0.009117905757
4.800000000000 1.800000000000 0.005240705538

0.000000000000 2.000000000000 0.004860000854
0.200000000000 2.000000000000 0.006285847959
0.400000000000 2.000000000000 0.010936295670
0.600000000000 2.000000000000 0.019864491796
0.800000000000 2.000000000000 0.034587014023
1.000000000000 2.000000000000 0.056677438070
1.200000000000 2.000000000000 0.087168628635
1.400000000000 2.000000000000 0.125856753922
1.600000000000 2.000000000000 0.170714873810
1.800000000000 2.000000000000 0.217689490282
2.000000000000 2.000000000000 0.261101947311
2.200000000000 2.000000000000 0.294688588920
2.400000000000 2.000000000000 0.313048446138
2.600000000000 2.000000000000 0.313048446138
2.800000000000 2.000000000000 0.294688588920
3.000000000000 2.000000000000 0.261101947311
3.200000000000 2.000000000000 0.217689490282
3.400000000000 2.000000000000 0.170714873810
3.600000000000 2.000000000000 0.125856753922
3.800000000000 2.000000000000 0.087168628635
4.000000000000 2.000000000000 0.056677438070
4.200000000000 2.000000000000 0.034587014023
4.400000000000 2.000000000000 0.019864491796
4.600000000000 2.000000000000 0.010936295670
4.800000000000 2.000000000000 0.006285847959

0.000000000000 2.200000000000 0.005485174537
0.200000000000 2.200000000000 0.007094445323
0.400000000000 2.200000000000 0.012343133304
0.600000000000 2.200000000000 0.022419857423
0.800000000000 2.200000000000 0.039036274554
1.000000000000 2.200000000000 0.063968362227
1.200000000000 2.200000000000 0.098381823066
1.400000000000 2.200000000000 0.142046577546
1.600000000000 2.200000000000 0.192674931286
1.800000000000 2.200000000000 0.245691967833
2.000000000000 2.200000000000 0.294688588920
2.200000000000 2.200000000000 0.332595466773
2.400000000000 2.200000000000 0.353316935381
2.600000000000 2.200000000000 0.353316935381
2.800000000000 2.200000000000 0.332595466773
3.000000000000 2.200000000000 0.294688588920
3.200000000000 2.200000000000 0.245691967833
3.400000000000 2.200000000000 0.192674931286
3.600000000000 2.200000000000 0.142046577546
3.800000000000 2.200000000000 0.098381823066
4.000000000000 2.200000000000 0.063968362227
4.200000000000 2.200000000000 0.039036274554
4.400000000000 2.200000000000 0.022419857423
4.600000000000 2.200000000000 0.012343133304
4.800000000000 2.200000000000 0.007094445323

0.000000000000 2.400000000000 0.005826922792
0.200000000000 2.400000000000 0.007536461367
0.400000000000 2.400000000000 0.013112174694
0.600000000000 2.400000000000 0.023816735790
0.800000000000 2.400000000000 0.041468439523
1.000000000000 2.400000000000 0.067953903717
1.200000000000 2.400000000000 0.104511444237
1.400000000000 2.400000000000 0.150896631793
1.600000000000 2.400000000000 0.204679231742
1.800000000000 2.400000000000 0.260999298743
2.000000000000 2.400000000000 0.313048446138
2.200000000000 2.400000000000 0.353316935381
2.400000000000 2.400000000000 0.375329353285
2.600000000000 2.400000000000 0.375329353285
2.800000000000 2.400000000000 0.353316935381
3.000000000000 2.400000000000 0.313048446138
3.200000000000 2.400000000000 0.260999298743
3.400000000000 2.400000000000 0.204679231742
3.600000000000 2.400000000000 0.150896631793
3.800000000000 2.400000000000 0.104511444237
4.000000000000 2.400000000000 0.067953903717
4.200000000000 2.400000000000 0.041468439523
4.400000000000 2.400000000000 0.023816735790
4.600000000000 2.400000000000 0.013112174694
4.800000000000 2.400000000000 0.007536461367

0.000000000000 2.600000000000 0.005826922792
0.200000000000 2.600000000000 0.007536461367
0.400000000000 2.600000000000 0.013112174694
0.600000000000 2.600000000000 0.023816735790
0.800000000000 2.600000000000 0.041468439523
1.000000000000 2.600000000000 0.067953903717
1.200000000000 2.600000000000 0.104511444237
1.400000000000 2.600000000000 0.150896631793
1.600000000000 2.600000000000 0.204679231742
1.800000000000 2.600000000000 0.260999298743
2.000000000000 2.600000000000 0.313048446138
2.200000000000 2.600000000000 0.353316935381
2.400000000000 2.600000000000 0.375329353285
2.600000000000 2.600000000000 0.375329353285
2.800000000000 2.600000000000 0.353316935381
3.000000000000 2.600000000000 0.313048446138
3.200000000000 2.600000000000 0.260999298743
3.400000000000 2.600000000000 0.204679231742
3.600000000000 2.600000000000 0.150896631793
3.800000000000 2.600000000000 0.104511444237
4.000000000000 2.600000000000 0.067953903717
4.200000000000 2.600000000000 0.041468439523
4.400000000000 2.600000000000 0.023816735790
4.600000000000 2.600000000000 0.013112174694
4.800000000000 2.600000000000 0.007536461367

0.000000000000 2.800000000000 0.005485174537
0.200000000000 2.800000000000 0.007094445323
0.400000000000 2.800000000000 0.012343133304
0.600000000000 2.800000000000 0.022419857423
0.800000000000 2.800000000000 0.039036274554
1.000000000000 2.800000000000 0.063968362227
1.200000000000 2.800000000000 0.098381823066
1.400000000000 2.800000000000 0.142046577546
1.600000000000 2.800000000000 0.192674931286
1.800000000000 2.800000000000 0.245691967833
2.000000000000 2.800000000000 0.294688588920
2.200000000000 2.800000000000 0.332595466773
2.400000000000 2.800000000000 0.353316935381
2.600000000000 2.800000000000 0.353316935381
2.800000000000 2.800000000000 0.332595466773
3.000000000000 2.800000000000 0.294688588920
3.200000000000 2.800000000000 0.245691967833
3.400000000000 2.800000000000 0.192674931286
3.600000000000 2.800000000000 0.142046577546
3.800000000000 2.800000000000 0.098381823066
4.000000000000 2.800000000000 0.063968362227
4.200000000000 2.800000000000 0.039036274554
4.400000000000 2.800000000000 0.022419857423
4.600000000000 2.800000000000 0.012343133304
4.800000000000 2.800000000000 0.007094445323

0.000000000000 3.000000000000 0.004860000854
0.200000000000 3.000000000000 0.006285847959
0.400000000000 3.000000000000 0.010936295670
0.600000000000 3.000000000000 0.019864491796
0.800000000000 3.000000000000 0.034587014023
1.000000000000 3.000000000000 0.056677438070
1.200000000000 3.000000000000 0.087168628635
1.400000000000 3.000000000000 0.125856753922
1.600000000000 3.000000000000 0.170714873810
1.800000000000 3.000000000000 0.217689490282
2.000000000000 3.000000000000 0.261101947311
2.200000000000 3.000000000000 0.294688588920
2.400000000000 3.000000000000 0.313048446138
2.600000000000 3.000000000000 0.313048446138
2.800000000000 3.000000000000 0.294688588920
3.000000000000 3.000000000000 0.261101947311
3.200000000000 3.000000000000 0.217689490282
3.400000000000 3.000000000000 0.170714873810
3.600000000000 3.000000000000 0.125856753922
3.800000000000 3.000000000000 0.087168628635
4.000000000000 3.000000000000 0.056677438070
4.200000000000 3.000000000000 0.034587014023
4.400000000000 3.000000000000 0.019864491796
4.600000000000 3.000000000000 0.010936295670
4.800000000000 3.000000000000 0.006285847959

0.000000000000 3.200000000000 0.004051940044
0.200000000000 3.200000000000 0.005240705538
0.400000000000 3.200000000000 0.009117905757
0.600000000000 3.200000000000 0.016561584813
0.800000000000 3.200000000000 0.028836168974
1.000000000000 3.200000000000 0.047253615572
1.200000000000 3.200000000000 0.072675083713
1.400000000000 3.200000000000 0.104930661737
1.600000000000 3.200000000000 0.142330443426
1.800000000000 3.200000000000 0.181494891355
2.000000000000 3.200000000000 0.217689490282
2.200000000000 3.200000000000 0.245691967833
2.400000000000 3.200000000000 0.260999298743
2.600000000000 3.200000000000 0.260999298743
2.800000000000 3.200000000000 0.245691967833
3.000000000000 3.200000000000 0.217689490282
3.200000000000 3.200000000000 0.181494891355
3.400000000000 3.200000000000 0.142330443426
3.600000000000 3.200000000000 0.104930661737
3.800000000000 3.200000000000 0.072675083713
4.000000000000 3.200000000000 0.047253615572
4.200000000000 3.200000000000 0.028836168974
4.400000000000 3.200000000000 0.016561584813
4.600000000000 3.200000000000 0.009117905757
4.800000000000 3.200000000000 0.005240705538

0.000000000000 3.400000000000 0.003177585503
0.200000000000 3.400000000000 0.004109820080
0.400000000000 3.400000000000 0.007150337402
0.600000000000 3.400000000000 0.012987709590
0.800000000000 3.400000000000 0.022613519332
1.000000000000 3.400000000000 0.037056633526
1.200000000000 3.400000000000 0.056992408250
1.400000000000 3.400000000000 0.082287625905
1.600000000000 3.400000000000 0.111617062670
1.800000000000 3.400000000000 0.142330443426
2.000000000000 3.400000000000 0.170714873810
2.200000000000 3.400000000000 0.192674931286
2.400000000000 3.400000000000 0.204679231742
2.600000000000 3.400000000000 0.204679231742
2.800000000000 3.400000000000 0.192674931286
3.000000000000 3.400000000000 0.170714873810
3.200000000000 3.400000000000 0.142330443426
3.400000000000 3.400000000000 0.111617062670
3.600000000000 3.400000000000 0.082287625905
3.800000000000 3.400000000000 0.056992408250
4.000000000000 3.400000000000 0.037056633526
4.200000000000 3.400000000000 0.022613519332
4.400000000000 3.400000000000 0.012987709590
4.600000000000 3.400000000000 0.007150337402
4.800000000000 3.400000000000 0.004109820080

0.000000000000 3.600000000000 0.002342636420
0.200000000000 3.600000000000 0.003029903076
0.400000000000 3.600000000000 0.005271449446
0.600000000000 3.600000000000 0.009574912266
0.800000000000 3.600000000000 0.016671321603
1.000000000000 3.600000000000 0.027319202970
1.200000000000 3.600000000000 0.042016471385
1.400000000000 3.600000000000 0.060664939112
1.600000000000 3.600000000000 0.082287625905
1.800000000000 3.600000000000 0.104930661737
2.000000000000 3.600000000000 0.125856753922
2.200000000000 3.600000000000 0.142046577546
2.400000000000 3.600000000000 0.150896631793
2.600000000000 3.600000000000 0.150896631793
2.800000000000 3.600000000000 0.142046577546
3.000000000000 3.600000000000 0.125856753922
3.200000000000 3.600000000000 0.104930661737
3.400000000000 3.600000000000 0.082287625905
3.600000000000 3.600000000000 0.060664939112
3.800000000000 3.600000000000 0.042016471385
4.000000000000 3.600000000000 0.027319202970
4.200000000000 3.600000000000 0.016671321603
4.400000000000 3.600000000000 0.009574912266
4.600000000000 3.600000000000 0.005271449446
4.800000000000 3.600000000000 0.003029903076

0.000000000000 3.800000000000 0.001622537299
0.200000000000 3.800000000000 0.002098534465
0.400000000000 3.800000000000 0.003651017479
0.600000000000 3.800000000000 0.006631574315
0.800000000000 3.800000000000 0.011546518027
1.000000000000 3.800000000000 0.018921211196
1.200000000000 3.800000000000 0.029100524572
1.400000000000 3.800000000000 0.042016471385
1.600000000000 3.800000000000 0.056992408250
1.800000000000 3.800000000000 0.072675083713
2.000000000000 3.800000000000 0.087168628635
2.200000000000 3.800000000000 0.098381823066
2.400000000000 3.800000000000 0.104511444237
2.600000000000 3.800000000000 0.104511444237
2.800000000000 3.800000000000 0.098381823066
3.000000000000 3.800000000000 0.087168628635
3.200000000000 3.800000000000 0.072675083713
3.400000000000 3.800000000000 0.056992408250
3.600000000000 3.800000000000 0.042016471385
3.800000000000 3.800000000000 0.029100524572
4.000000000000 3.800000000000 0.018921211196
4.200000000000 3.800000000000 0.011546518027
4.400000000000 3.800000000000 0.006631574315
4.600000000000 3.800000000000 0.003651017479
4.800000000000 3.800000000000 0.002098534465

0.000000000000 4.000000000000 0.001055009584
0.200000000000 4.000000000000 0.001364502861
0.400000000000 4.000000000000 0.002373926548
0.600000000000 4.000000000000 0.004311882417
0.800000000000 4.000000000000 0.007507576396
1.000000000000 4.000000000000 0.012302604452
1.200000000000 4.000000000000 0.018921211196
1.400000000000 4.000000000000 0.027319202970
1.600000000000 4.000000000000 0.037056633526
1.800000000000 4.000000000000 0.047253615572
2.000000000000 4.000000000000 0.056677438070
2.200000000000 4.000000000000 0.063968362227
2.400000000000 4.000000000000 0.067953903717
2.600000000000 4.000000000000 0.067953903717
2.800000000000 4.000000000000 0.063968362227
3.000000000000 4.000000000000 0.056677438070
3.200000000000 4.000000000000 0.047253615572
3.400000000000 4.000000000000 0.037056633526
3.600000000000 4.000000000000 0.027319202970
3.800000000000 4.000000000000 0.018921211196
4.000000000000 4.000000000000 0.012302604452
4.200000000000 4.000000000000 0.007507576396
4.400000000000 4.000000000000 0.004311882417
4.600000000000 4.000000000000 0.002373926548
4.800000000000 4.000000000000 0.001364502861

0.000000000000 4.200000000000 0.000643842152
0.200000000000 4.200000000000 0.000832708104
0.400000000000 4.200000000000 0.001448700452
0.600000000000 4.200000000000 0.002631319630
0.800000000000 4.200000000000 0.004581459345
1.000000000000 4.200000000000 0.007507576396
1.200000000000 4.200000000000 0.011546518027
1.400000000000 4.200000000000 0.016671321603
1.600000000000 4.200000000000 0.022613519332
1.800000000000 4.200000000000 0.028836168974
2.000000000000 4.200000000000 0.034587014023
2.200000000000 4.200000000000 0.039036274554
2.400000000000 4.200000000000 0.041468439523
2.600000000000 4.200000000000 0.041468439523
2.800000000000 4.200000000000 0.039036274554
3.000000000000 4.200000000000 0.034587014023
3.200000000000 4.200000000000 0.028836168974
3.400000000000 4.200000000000 0.022613519332
3.600000000000 4.200000000000 0.016671321603
3.800000000000 4.200000000000 0.011546518027
4.000000000000 4.200000000000 0.007507576396
4.200000000000 4.200000000000 0.004581459345
4.400000000000 4.200000000000 0.002631319630
4.600000000000 4.200000000000 0.001448700452
4.800000000000 4.200000000000 0.000832708104

0.000000000000 4.400000000000 0.000369808547
0.200000000000 4.400000000000 0.000478281719
0.400000000000 4.400000000000 0.000832069398
0.600000000000 4.400000000000 0.001511289437
0.800000000000 4.400000000000 0.002631319630
1.000000000000 4.400000000000 0.004311882417
1.200000000000 4.400000000000 0.006631574315
1.400000000000 4.400000000000 0.009574912266
1.600000000000 4.400000000000 0.012987709590
1.800000000000 4.400000000000 0.016561584813
2.000000000000 4.400000000000 0.019864491796
2.200000000000 4.400000000000 0.022419857423
2.400000000000 4.400000000000 0.023816735790
2.600000000000 4.400000000000 0.023816735790
2.800000000000 4.400000000000 0.022419857423
3.000000000000 4.400000000000 0.019864491796
3.200000000000 4.400000000000 0.016561584813
3.400000000000 4.400000000000 0.012987709590
3.600000000000 4.400000000000 0.009574912266
3.800000000000 4.400000000000 0.006631574315
4.000000000000 4.400000000000 0.004311882417
4.200000000000 4.400000000000 0.002631319630
4.400000000000 4.400000000000 0.001511289437
4.600000000000 4.400000000000 0.000832069398
4.800000000000 4.400000000000 0.000478281719

0.000000000000 4.600000000000 0.000203621514
0.200000000000 4.600000000000 0.000263342525
0.400000000000 4.600000000000 0.000458122890
0.600000000000 4.600000000000 0.000832069398
0.800000000000 4.600000000000 0.001448700452
1.000000000000 4.600000000000 0.002373926548
1.200000000000 4.600000000000 0.003651017479
1.400000000000 4.600000000000 0.005271449446
1.600000000000 4.600000000000 0.007150337402
1.800000000000 4.600000000000 0.009117905757
2.000000000000 4.600000000000 0.010936295670
2.200000000000 4.600000000000 0.012343133304
2.400000000000 4.600000000000 0.013112174694
2.600000000000 4.600000000000 0.013112174694
2.800000000000 4.600000000000 0.012343133304
3.000000000000 4.600000000000 0.010936295670
3.200000000000 4.600000000000 0.009117905757
3.400000000000 4.600000000000 0.007150337402
3.600000000000 4.600000000000 0.005271449446
3.800000000000 4.600000000000 0.003651017479
4.000000000000 4.600000000000 0.002373926548
4.200000000000 4.600000000000 0.001448700452
4.400000000000 4.600000000000 0.000832069398
4.600000000000 4.600000000000 0.000458122890
4.800000000000 4.600000000000 0.000263342525

0.000000000000 4.800000000000 0.000117056581
0.200000000000 4.800000000000 0.000151384098
0.400000000000 4.800000000000 0.000263342525
0.600000000000 4.800000000000 0.000478281719
0.800000000000 4.800000000000 0.000832708104
1.000000000000 4.800000000000 0.001364502861
1.200000000000 4.800000000000 0.002098534465
1.400000000000 4.800000000000 0.003029903076
1.600000000000 4.800000000000 0.004109820080
1.800000000000 4.800000000000 0.005240705538
2.000000000000 4.800000000000 0.006285847959
2.200000000000 4.800000000000 0.007094445323
2.400000000000 4.800000000000 0.007536461367
2.600000000000 4.800000000000 0.007536461367
2.800000000000 4.800000000000 0.007094445323
3.000000000000 4.800000000000 0.006285847959
3.200000000000 4.800000000000 0.005240705538
3.400000000000 4.800000000000 0.004109820080
3.600000000000 4.800000000000 0.003029903076
3.800000000000 4.800000000000 0.002098534465
4.000000000000 4.800000000000 0.001364502861
4.200000000000 4.800000000000 0.000832708104
4.400000000000 4.800000000000 0.000478281719
4.600000000000 4.800000000000 0.000263342525
4.800000000000 4.800000000000 0.000151384098

