# x y u
0.000000000000 0.000000000000 0.358079724661
0.200000000000 0.000000000000 0.225914352157
0.400000000000 0.000000000000 0.122654805808
0.600000000000 0.000000000000 0.056829644978
0.800000000000 0.000000000000 0.022107459725
1.000000000000 0.000000000000 0.006977337525
1.200000000000 0.000000000000 0.001643971160
1.400000000000 0.000000000000 0.000242940365
1.600000000000 0.000000000000 0.000008585741
1.800000000000 0.000000000000 -0.000046569873
2.000000000000 0.000000000000 -0.000017841305
2.200000000000 0.000000000000 0.000114222646
2.400000000000 0.000000000000 0.000189381134
2.600000000000 0.000000000000 0.000516125679
2.800000000000 0.000000000000 0.002320354805
3.000000000000 0.000000000000 0.007478821727
3.200000000000 0.000000000000 0.020113311741
3.400000000000 0.000000000000 0.050686633864
3.600000000000 0.000000000000 0.115806513833
3.800000000000 0.000000000000 0.226371034782
4.000000000000 0.000000000000 0.370101670412
4.200000000000 0.000000000000 0.506715152069
4.400000000000 0.000000000000 0.586172453721
4.600000000000 0.000000000000 0.578267278908
4.800000000000 0.000000000000 0.489969012851

0.000000000000 0.200000000000 0.225914352157
0.200000000000 0.200000000000 0.143021815483
0.400000000000 0.200000000000 0.077968228068
0.600000000000 0.200000000000 0.036304616318
0.800000000000 0.200000000000 0.014211666699
1.000000000000 0.200000000000 0.004524527394
1.200000000000 0.200000000000 0.001081995894
1.400000000000 0.200000000000 0.000164744694
1.600000000000 0.200000000000 0.000006884604
1.800000000000 0.200000000000 -0.000028426998
2.000000000000 0.200000000000 -0.000011085543
2.200000000000 0.200000000000 0.000070132644
2.400000000000 0.200000000000 0.000120094218
2.600000000000 0.200000000000 0.000329713648
2.800000000000 0.200000000000 0.001459968742
3.000000000000 0.200000000000 0.004695881263
3.200000000000 0.200000000000 0.012631378522
3.400000000000 0.200000000000 0.031780524867
3.600000000000 0.200000000000 0.072456573484
3.800000000000 0.200000000000 0.141463354751
4.000000000000 0.200000000000 0.231263311478
4.200000000000 0.200000000000 0.316880680483
4.400000000000 0.200000000000 0.367105670205
4.600000000000 0.200000000000 0.362875391304
4.800000000000 0.200000000000 0.308222256884

0.000000000000 0.400000000000 0.122654805808
0.200000000000 0.400000000000 0.077968228068
0.400000000000 0.400000000000 0.042707144949
0.600000000000 0.400000000000 0.019999217210
0.800000000000 0.400000000000 0.007884357931
1.000000000000 0.400000000000 0.002534489155
1.200000000000 0.400000000000 0.000615911978
1.400000000000 0.400000000000 0.000096750137
1.600000000000 0.400000000000 0.000004742557
1.800000000000 0.400000000000 -0.000014857446
2.000000000000 0.400000000000 -0.000006031699
2.200000000000 0.400000000000 0.000036838370
2.400000000000 0.400000000000 0.000065323596
2.600000000000 0.400000000000 0.000179921493
2.800000000000 0.400000000000 0.000785456041
3.000000000000 0.400000000000 0.002523482574
3.200000000000 0.400000000000 0.006791089836
3.400000000000 0.400000000000 0.017062469190
3.600000000000 0.400000000000 0.038835947652
3.800000000000 0.400000000000 0.075778956514
4.000000000000 0.400000000000 0.123955742998
4.200000000000 0.400000000000 0.170095843619
4.400000000000 0.400000000000 0.197472849498
4.600000000000 0.400000000000 0.195710769608
4.800000000000 0.400000000000 0.166748375284

0.000000000000 0.600000000000 0.056829644978
0.200000000000 0.600000000000 0.036304616318
0.400000000000 0.600000000000 0.019999217210
0.600000000000 0.600000000000 0.009428201570
0.800000000000 0.600000000000 0.003747512743
1.000000000000 0.600000000000 0.001218023053
1.200000000000 0.600000000000 0.000301327089
1.400000000000 0.600000000000 0.000048945976
1.600000000000 0.600000000000 0.000002798671
1.800000000000 0.600000000000 -0.000006577757
2.000000000000 0.600000000000 -0.000002851708
2.200000000000 0.600000000000 0.000016376293
2.400000000000 0.600000000000 0.000030201185
2.600000000000 0.600000000000 0.000083110435
2.800000000000 0.600000000000 0.000357850499
3.000000000000 0.600000000000 0.001149532094
3.200000000000 0.600000000000 0.003096168468
3.400000000000 0.600000000000 0.007769827848
3.600000000000 0.600000000000 0.017663719325
3.800000000000 0.600000000000 0.034470516882
4.000000000000 0.600000000000 0.056463542260
4.200000000000 0.600000000000 0.077659236439
4.400000000000 0.600000000000 0.090424478265
4.600000000000 0.600000000000 0.089927795566
4.800000000000 0.600000000000 0.076920505728

0.000000000000 0.800000000000 0.022107459725
0.200000000000 0.800000000000 0.014211666699
0.400000000000 0.800000000000 0.007884357931
0.600000000000 0.800000000000 0.003747512743
0.800000000000 0.800000000000 0.001504400573
1.000000000000 0.800000000000 0.000495413762
1.200000000000 0.800000000000 0.000125118236
1.400000000000 0.800000000000 0.000021097820
1.600000000000 0.800000000000 0.000001404453
1.800000000000 0.800000000000 -0.000002415350
2.000000000000 0.800000000000 -0.000001153763
2.200000000000 0.800000000000 0.000006033126
2.400000000000 0.800000000000 0.000011660322
2.600000000000 0.800000000000 0.000031917698
2.800000000000 0.800000000000 0.000135476989
3.000000000000 0.800000000000 0.000435652991
3.200000000000 0.800000000000 0.001175004786
3.400000000000 0.800000000000 0.002945823115
3.600000000000 0.800000000000 0.006692334700
3.800000000000 0.800000000000 0.013072749109
4.000000000000 0.800000000000 0.021465849867
4.200000000000 0.800000000000 0.029625570295
4.400000000000 0.800000000000 0.034637728785
4.600000000000 0.800000000000 0.034608013596
4.800000000000 0.800000000000 0.029754590572

0.000000000000 1.000000000000 0.006977337525
0.200000000000 1.000000000000 0.004524527394
0.400000000000 1.000000000000 0.002534489155
0.600000000000 1.000000000000 0.001218023053
0.800000000000 1.000000000000 0.000495413762
1.000000000000 1.000000000000 0.000165935872
1.200000000000 1.000000000000 0.000043006399
1.400000000000 1.000000000000 0.000007584690
1.600000000000 1.000000000000 0.000000591527
1.800000000000 1.000000000000 -0.000000701383
2.000000000000 1.000000000000 -0.000000388534
2.200000000000 1.000000000000 0.000001757146
2.400000000000 1.000000000000 0.000003622075
2.600000000000 1.000000000000 0.000009798300
2.800000000000 1.000000000000 0.000040882238
3.000000000000 1.000000000000 0.000131840639
3.200000000000 1.000000000000 0.000356418007
3.400000000000 1.000000000000 0.000892870367
3.600000000000 1.000000000000 0.002028289474
3.800000000000 1.000000000000 0.003971211492
4.000000000000 1.000000000000 0.006548579947
4.200000000000 1.000000000000 0.009087456075
4.400000000000 1.000000000000 0.010691673827
4.600000000000 1.000000000000 0.010755996512
4.800000000000 1.000000000000 0.009316217484

0.000000000000 1.200000000000 0.001643971160
0.200000000000 1.200000000000 0.001081995894
0.400000000000 1.200000000000 0.000615911978
0.600000000000 1.200000000000 0.000301327089
0.800000000000 1.200000000000 0.000125118236
1.000000000000 1.200000000000 0.000043006399
1.200000000000 1.200000000000 0.000011574127
1.400000000000 1.200000000000 0.000002170721
1.600000000000 1.200000000000 0.000000203830
1.800000000000 1.200000000000 -0.000000141765
2.000000000000 1.200000000000 -0.000000104206
2.200000000000 1.200000000000 0.000000355291
2.400000000000 1.200000000000 0.000000820295
2.600000000000 1.200000000000 0.000002147513
2.800000000000 1.200000000000 0.000008746778
3.000000000000 1.200000000000 0.000028458891
3.200000000000 1.200000000000 0.000077337709
3.400000000000 1.200000000000 0.000193743298
3.600000000000 1.200000000000 0.000441087916
3.800000000000 1.200000000000 0.000869337723
4.000000000000 1.200000000000 0.001447506533
4.200000000000 1.200000000000 0.002031652044
4.400000000000 1.200000000000 0.002419790054
4.600000000000 1.200000000000 0.002465830019
4.800000000000 1.200000000000 0.002164525665

0.000000000000 1.400000000000 0.000242940365
0.200000000000 1.400000000000 0.000164744694
0.400000000000 1.400000000000 0.000096750137
0.600000000000 1.400000000000 0.000048945976
0.800000000000 1.400000000000 0.000021097820
1.000000000000 1.400000000000 0.000007584690
1.200000000000 1.400000000000 0.000002170721
1.400000000000 1.400000000000 0.000000447579
1.600000000000 1.400000000000 0.000000052909
1.800000000000 1.400000000000 -0.000000014649
2.000000000000 1.400000000000 -0.000000019494
2.200000000000 1.400000000000 0.000000035434
2.400000000000 1.400000000000 0.000000104241
2.600000000000 1.400000000000 0.000000245527
2.800000000000 1.400000000000 0.000000974002
3.000000000000 1.400000000000 0.000003287679
3.200000000000 1.400000000000 0.000009101711
3.400000000000 1.400000000000 0.000023001078
3.600000000000 1.400000000000 0.000053214562
3.800000000000 1.400000000000 0.000107536901
4.000000000000 1.400000000000 0.000184377935
4.200000000000 1.400000000000 0.000266753841
4.400000000000 1.400000000000 0.000327420782
4.600000000000 1.400000000000 0.000343667476
4.800000000000 1.400000000000 0.000310628843

0.000000000000 1.600000000000 0.000008585741
0.200000000000 1.600000000000 0.000006884604
0.400000000000 1.600000000000 0.000004742557
0.600000000000 1.600000000000 0.000002798671
0.800000000000 1.600000000000 0.000001404453
1.000000000000 1.600000000000 0.000000591527
1.200000000000 1.600000000000 0.000000203830
1.400000000000 1.600000000000 0.000000052909
1.600000000000 1.600000000000 0.000000007948
1.800000000000 1.600000000000 0.000000001525
2.000000000000 1.600000000000 0.000000000810
2.200000000000 1.600000000000 -0.000000002364
2.400000000000 1.600000000000 0.000000002899
2.600000000000 1.600000000000 0.000000019552
2.800000000000 1.600000000000 0.000000041461
3.000000000000 1.600000000000 0.000000104881
3.200000000000 1.600000000000 0.000000303122
3.400000000000 1.600000000000 0.000000704791
3.600000000000 1.600000000000 0.000001299958
3.800000000000 1.600000000000 0.000002099203
4.000000000000 1.600000000000 0.000003242687
4.200000000000 1.600000000000 0.000004870971
4.400000000000 1.600000000000 0.000006818299
4.600000000000 1.600000000000 0.000008498733
4.800000000000 1.600000000000 0.000009204352

0.000000000000 1.800000000000 -0.000046569873
0.200000000000 1.800000000000 -0.000028426998
0.400000000000 1.800000000000 -0.000014857446
0.600000000000 1.800000000000 -0.000006577757
0.800000000000 1.800000000000 -0.000002415350
1.000000000000 1.800000000000 -0.000000701383
1.200000000000 1.800000000000 -0.000000141765
1.400000000000 1.800000000000 -0.000000014649
1.600000000000 1.800000000000 0.000000001525
1.800000000000 1.800000000000 0.000000008212
2.000000000000 1.800000000000 0.000000000970
2.200000000000 1.800000000000 -0.000000018742
2.400000000000 1.800000000000 -0.000000021205
2.600000000000 1.800000000000 -0.000000064677
2.800000000000 1.800000000000 -0.000000332157
3.000000000000 1.800000000000 -0.000001066143
3.200000000000 1.800000000000 -0.000002868968
3.400000000000 1.800000000000 -0.000007372543
3.600000000000 1.800000000000 -0.000017087194
3.800000000000 1.800000000000 -0.000033416346
4.000000000000 1.800000000000 -0.000054087285
4.200000000000 1.800000000000 -0.000072838371
4.400000000000 1.800000000000 -0.000082538142
4.600000000000 1.800000000000 -0.000079519165
4.800000000000 1.800000000000 -0.000065620811

0.000000000000 2.000000000000 -0.000017841305
0.200000000000 2.000000000000 -0.000011085543
0.400000000000 2.000000000000 -0.000006031699
0.600000000000 2.000000000000 -0.000002851708
0.800000000000 2.000000000000 -0.000001153763
1.000000000000 2.000000000000 -0.000000388534
1.200000000000 2.000000000000 -0.000000104206
1.400000000000 2.000000000000 -0.000000019494
1.600000000000 2.000000000000 0.000000000810
1.800000000000 2.000000000000 0.000000000970
2.000000000000 2.000000000000 -0.000000004688
2.200000000000 2.000000000000 -0.000000006115
2.400000000000 2.000000000000 -0.000000019296
2.600000000000 2.000000000000 -0.000000096281
2.800000000000 2.000000000000 -0.000000314918
3.000000000000 2.000000000000 -0.000000868787
3.200000000000 2.000000000000 -0.000002275129
3.400000000000 2.000000000000 -0.000005390511
3.600000000000 2.000000000000 -0.000010901039
3.800000000000 2.000000000000 -0.000018495774
4.000000000000 2.000000000000 -0.000026476933
4.200000000000 2.000000000000 -0.000032354018
4.400000000000 2.000000000000 -0.000034128635
4.600000000000 2.000000000000 -0.000031351253
4.800000000000 2.000000000000 -0.000025230203

0.000000000000 2.200000000000 0.000114222646
0.200000000000 2.200000000000 0.000070132644
0.400000000000 2.200000000000 0.000036838370
0.600000000000 2.200000000000 0.000016376293
0.800000000000 2.200000000000 0.000006033126
1.000000000000 2.200000000000 0.000001757146
1.200000000000 2.200000000000 0.000000355291
1.400000000000 2.200000000000 0.000000035434
1.600000000000 2.200000000000 -0.000000002364
1.800000000000 2.200000000000 -0.000000018742
2.000000000000 2.200000000000 -0.000000006115
2.200000000000 2.200000000000 0.000000043495
2.400000000000 2.200000000000 0.000000054207
2.600000000000 2.200000000000 0.000000139885
2.800000000000 2.200000000000 0.000000735320
3.000000000000 2.200000000000 0.000002420657
3.200000000000 2.200000000000 0.000006531338
3.400000000000 2.200000000000 0.000016775185
3.600000000000 2.200000000000 0.000039146964
3.800000000000 2.200000000000 0.000077428751
4.000000000000 2.200000000000 0.000126848142
4.200000000000 2.200000000000 0.000172763232
4.400000000000 2.200000000000 0.000197755376
4.600000000000 2.200000000000 0.000192222514
4.800000000000 2.200000000000 0.000159863724

0.000000000000 2.400000000000 0.000189381134
0.200000000000 2.400000000000 0.000120094218
0.400000000000 2.400000000000 0.000065323596
0.600000000000 2.400000000000 0.000030201185
0.800000000000 2.400000000000 0.000011660322
1.000000000000 2.400000000000 0.000003622075
1.200000000000 2.400000000000 0.000000820295
1.400000000000 2.400000000000 0.000000104241
1.600000000000 2.400000000000 0.000000002899
1.800000000000 2.400000000000 -0.000000021205
2.000000000000 2.400000000000 -0.000000019296
2.200000000000 2.400000000000 0.000000054207
2.400000000000 2.400000000000 0.000000109412
2.600000000000 2.400000000000 0.000000234306
2.800000000000 2.400000000000 0.000001048520
3.000000000000 2.400000000000 0.000003532743
3.200000000000 2.400000000000 0.000009541253
3.400000000000 2.400000000000 0.000023889986
3.600000000000 2.400000000000 0.000054971201
3.800000000000 2.400000000000 0.000109399089
4.000000000000 2.400000000000 0.000182621125
4.200000000000 2.400000000000 0.000254964521
4.400000000000 2.400000000000 0.000299965004
4.600000000000 2.400000000000 0.000300065804
4.800000000000 2.400000000000 0.000257051812

0.000000000000 2.600000000000 0.000516125679
0.200000000000 2.600000000000 0.000329713648
0.400000000000 2.600000000000 0.000179921493
0.600000000000 2.600000000000 0.000083110435
0.800000000000 2.600000000000 0.000031917698
1.000000000000 2.600000000000 0.000009798300
1.200000000000 2.600000000000 0.000002147513
1.400000000000 2.600000000000 0.000000245527
1.600000000000 2.600000000000 0.000000019552
1.800000000000 2.600000000000 -0.000000064677
2.000000000000 2.600000000000 -0.000000096281
2.200000000000 2.600000000000 0.000000139885
2.400000000000 2.600000000000 0.000000234306
2.600000000000 2.600000000000 0.000000128794
2.800000000000 2.600000000000 0.000001364193
3.000000000000 2.600000000000 0.000005896946
3.200000000000 2.600000000000 0.000016398040
3.400000000000 2.600000000000 0.000043132550
3.600000000000 2.600000000000 0.000109516610
3.800000000000 2.600000000000 0.000239895210
4.000000000000 2.600000000000 0.000430799192
4.200000000000 2.600000000000 0.000633546032
4.400000000000 2.600000000000 0.000773154069
4.600000000000 2.600000000000 0.000793597581
4.800000000000 2.600000000000 0.000692148322

0.000000000000 2.800000000000 0.002320354805
0.200000000000 2.800000000000 0.001459968742
0.400000000000 2.800000000000 0.000785456041
0.600000000000 2.800000000000 0.000357850499
0.800000000000 2.800000000000 0.000135476989
1.000000000000 2.800000000000 0.000040882238
1.200000000000 2.800000000000 0.000008746778
1.400000000000 2.800000000000 0.000000974002
1.600000000000 2.800000000000 0.000000041461
1.800000000000 2.800000000000 -0.000000332157
2.000000000000 2.800000000000 -0.000000314918
2.200000000000 2.800000000000 0.000000735320
2.400000000000 2.800000000000 0.000001048520
2.600000000000 2.800000000000 0.000001364193
2.800000000000 2.800000000000 0.000009355458
3.000000000000 2.800000000000 0.000034798225
3.200000000000 2.800000000000 0.000095238411
3.400000000000 2.800000000000 0.000248105942
3.600000000000 2.800000000000 0.000605660822
3.800000000000 2.800000000000 0.001265549210
4.000000000000 2.800000000000 0.002180980556
4.200000000000 2.800000000000 0.003102167562
4.400000000000 2.800000000000 0.003684698311
4.600000000000 2.800000000000 0.003698208683
4.800000000000 2.800000000000 0.003164349395

0.000000000000 3.000000000000 0.007478821727
0.200000000000 3.000000000000 0.004695881263
0.400000000000 3.000000000000 0.002523482574
0.600000000000 3.000000000000 0.001149532094
0.800000000000 3.000000000000 0.000435652991
1.000000000000 3.000000000000 0.000131840639
1.200000000000 3.000000000000 0.000028458891
1.400000000000 3.000000000000 0.000003287679
1.600000000000 3.000000000000 0.000000104881
1.800000000000 3.000000000000 -0.000001066143
2.000000000000 3.000000000000 -0.000000868787
2.200000000000 3.000000000000 0.000002420657
2.400000000000 3.000000000000 0.000003532743
2.600000000000 3.000000000000 0.000005896946
2.800000000000 3.000000000000 0.000034798225
3.000000000000 3.000000000000 0.000123740415
3.200000000000 3.000000000000 0.000336691800
3.400000000000 3.000000000000 0.000868844564
3.600000000000 3.000000000000 0.002082183798
3.800000000000 3.000000000000 0.004272014937
4.000000000000 3.000000000000 0.007256920745
4.200000000000 3.000000000000 0.010212261247
4.400000000000 3.000000000000 0.012034616566
4.600000000000 3.000000000000 0.012008406737
4.800000000000 3.000000000000 0.010230781466

0.000000000000 3.200000000000 0.020113311741
0.200000000000 3.200000000000 0.012631378522
0.400000000000 3.200000000000 0.006791089836
0.600000000000 3.200000000000 0.003096168468
0.800000000000 3.200000000000 0.001175004786
1.000000000000 3.200000000000 0.000356418007
1.200000000000 3.200000000000 0.000077337709
1.400000000000 3.200000000000 0.000009101711
1.600000000000 3.200000000000 0.000000303122
1.800000000000 3.200000000000 -0.000002868968
2.000000000000 3.200000000000 -0.000002275129
2.200000000000 3.200000000000 0.000006531338
2.400000000000 3.200000000000 0.000009541253
2.600000000000 3.200000000000 0.000016398040
2.800000000000 3.200000000000 0.000095238411
3.000000000000 3.200000000000 0.000336691800
3.200000000000 3.200000000000 0.000915177176
3.400000000000 3.200000000000 0.002358683528
3.600000000000 3.200000000000 0.005639776590
3.800000000000 3.200000000000 0.011545073328
4.000000000000 3.200000000000 0.019576999019
4.200000000000 3.200000000000 0.027514279623
4.400000000000 3.200000000000 0.032395428306
4.600000000000 3.200000000000 0.032306520590
4.800000000000 3.200000000000 0.027515870849

0.000000000000 3.400000000000 0.050686633864
0.200000000000 3.400000000000 0.031780524867
0.400000000000 3.400000000000 0.017062469190
0.600000000000 3.400000000000 0.007769827848
0.800000000000 3.400000000000 0.002945823115
1.000000000000 3.400000000000 0.000892870367
1.200000000000 3.400000000000 0.000193743298
1.400000000000 3.400000000000 0.000023001078
1.600000000000 3.400000000000 0.000000704791
1.800000000000 3.400000000000 -0.000007372543
2.000000000000 3.400000000000 -0.000005390511
2.200000000000 3.400000000000 0.000016775185
2.400000000000 3.400000000000 0.000023889986
2.600000000000 3.400000000000 0.000043132550
2.800000000000 3.400000000000 0.000248105942
3.000000000000 3.400000000000 0.000868844564
3.200000000000 3.400000000000 0.002358683528
3.400000000000 3.400000000000 0.006078570763
3.600000000000 3.400000000000 0.014499223784
3.800000000000 3.400000000000 0.029572026830
4.000000000000 3.400000000000 0.049959922040
4.200000000000 3.400000000000 0.069984024089
4.400000000000 3.400000000000 0.082164650135
4.600000000000 3.400000000000 0.081738095668
4.800000000000 3.400000000000 0.069469641031

0.000000000000 3.600000000000 0.115806513833
0.200000000000 3.600000000000 0.072456573484
0.400000000000 3.600000000000 0.038835947652
0.600000000000 3.600000000000 0.017663719325
0.800000000000 3.600000000000 0.006692334700
1.000000000000 3.600000000000 0.002028289474
1.200000000000 3.600000000000 0.000441087916
1.400000000000 3.600000000000 0.000053214562
1.600000000000 3.600000000000 0.000001299958
1.800000000000 3.600000000000 -0.000017087194
2.000000000000 3.600000000000 -0.000010901039
2.200000000000 3.600000000000 0.000039146964
2.400000000000 3.600000000000 0.000054971201
2.600000000000 3.600000000000 0.000109516610
2.800000000000 3.600000000000 0.000605660822
3.000000000000 3.600000000000 0.002082183798
3.200000000000 3.600000000000 0.005639776590
3.400000000000 3.600000000000 0.014499223784
3.600000000000 3.600000000000 0.034345877415
3.800000000000 3.600000000000 0.069479699674
4.000000000000 3.600000000000 0.116527583723
4.200000000000 3.600000000000 0.162255061369
4.400000000000 3.600000000000 0.189571846621
4.600000000000 3.600000000000 0.187845461425
4.800000000000 3.600000000000 0.159138241361

0.000000000000 3.800000000000 0.226371034782
0.200000000000 3.800000000000 0.141463354751
0.400000000000 3.800000000000 0.075778956514
0.600000000000 3.800000000000 0.034470516882
0.800000000000 3.800000000000 0.013072749109
1.000000000000 3.800000000000 0.003971211492
1.200000000000 3.800000000000 0.000869337723
1.400000000000 3.800000000000 0.000107536901
1.600000000000 3.800000000000 0.000002099203
1.800000000000 3.800000000000 -0.000033416346
2.000000000000 3.800000000000 -0.000018495774
2.200000000000 3.800000000000 0.000077428751
2.400000000000 3.800000000000 0.000109399089
2.600000000000 3.800000000000 0.000239895210
2.800000000000 3.800000000000 0.001265549210
3.000000000000 3.800000000000 0.004272014937
3.200000000000 3.800000000000 0.011545073328
3.400000000000 3.800000000000 0.029572026830
3.600000000000 3.800000000000 0.069479699674
3.800000000000 3.800000000000 0.139320279756
4.000000000000 3.800000000000 0.231930405581
4.200000000000 3.800000000000 0.321070871204
4.400000000000 3.800000000000 0.373454785240
4.600000000000 3.800000000000 0.368799054812
4.800000000000 3.800000000000 0.311643958666

0.000000000000 4.000000000000 0.370101670412
0.200000000000 4.000000000000 0.231263311478
0.400000000000 4.000000000000 0.123955742998
0.600000000000 4.000000000000 0.056463542260
0.800000000000 4.000000000000 0.021465849867
1.000000000000 4.000000000000 0.006548579947
1.200000000000 4.000000000000 0.001447506533
1.400000000000 4.000000000000 0.000184377935
1.600000000000 4.000000000000 0.000003242687
1.800000000000 4.000000000000 -0.000054087285
2.000000000000 4.000000000000 -0.000026476933
2.200000000000 4.000000000000 0.000126848142
2.400000000000 4.000000000000 0.000182621125
2.600000000000 4.000000000000 0.000430799192
2.800000000000 4.000000000000 0.002180980556
3.000000000000 4.000000000000 0.007256920745
3.200000000000 4.000000000000 0.019576999019
3.400000000000 4.000000000000 0.049959922040
3.600000000000 4.000000000000 0.116527583723
3.800000000000 4.000000000000 0.231930405581
4.000000000000 4.000000000000 0.383792726168
4.200000000000 4.000000000000 0.528931089601
4.400000000000 4.000000000000 0.613253338608
4.600000000000 4.000000000000 0.604261788103
4.800000000000 4.000000000000 0.509889882166

0.000000000000 4.200000000000 0.506715152069
0.200000000000 4.200000000000 0.316880680483
0.400000000000 4.200000000000 0.170095843619
0.600000000000 4.200000000000 0.077659236439
0.800000000000 4.200000000000 0.029625570295
1.000000000000 4.200000000000 0.009087456075
1.200000000000 4.200000000000 0.002031652044
1.400000000000 4.200000000000 0.000266753841
1.600000000000 4.200000000000 0.000004870971
1.800000000000 4.200000000000 -0.000072838371
2.000000000000 4.200000000000 -0.000032354018
2.200000000000 4.200000000000 0.000172763232
2.400000000000 4.200000000000 0.000254964521
2.600000000000 4.200000000000 0.000633546032
2.800000000000 4.200000000000 0.003102167562
3.000000000000 4.200000000000 0.010212261247
3.200000000000 4.200000000000 0.027514279623
3.400000000000 4.200000000000 0.069984024089
3.600000000000 4.200000000000 0.162255061369
3.800000000000 4.200000000000 0.321070871204
4.000000000000 4.200000000000 0.528931089601
4.200000000000 4.200000000000 0.726684654978
4.400000000000 4.200000000000 0.840824389540
4.600000000000 4.200000000000 0.827531553746
4.800000000000 4.200000000000 0.697975392056

0.000000000000 4.400000000000 0.586172453721
0.200000000000 4.400000000000 0.367105670205
0.400000000000 4.400000000000 0.197472849498
0.600000000000 4.400000000000 0.090424478265
0.800000000000 4.400000000000 0.034637728785
1.000000000000 4.400000000000 0.010691673827
1.200000000000 4.400000000000 0.002419790054
1.400000000000 4.400000000000 0.000327420782
1.600000000000 4.400000000000 0.000006818299
1.800000000000 4.400000000000 -0.000082538142
2.000000000000 4.400000000000 -0.000034128635
2.200000000000 4.400000000000 0.000197755376
2.400000000000 4.400000000000 0.000299965004
2.600000000000 4.400000000000 0.000773154069
2.800000000000 4.400000000000 0.003684698311
3.000000000000 4.400000000000 0.012034616566
3.200000000000 4.400000000000 0.032395428306
3.400000000000 4.400000000000 0.082164650135
3.600000000000 4.400000000000 0.189571846621
3.800000000000 4.400000000000 0.373454785240
4.000000000000 4.400000000000 0.613253338608
4.200000000000 4.400000000000 0.840824389540
4.400000000000 4.400000000000 0.971839738529
4.600000000000 4.400000000000 0.956161751985
4.800000000000 4.400000000000 0.806713338510

0.000000000000 4.600000000000 0.578267278908
0.200000000000 4.600000000000 0.362875391304
0.400000000000 4.600000000000 0.195710769608
0.600000000000 4.600000000000 0.089927795566
0.800000000000 4.600000000000 0.034608013596
1.000000000000 4.600000000000 0.010755996512
1.200000000000 4.600000000000 0.002465830019
1.400000000000 4.600000000000 0.000343667476
1.600000000000 4.600000000000 0.000008498733
1.800000000000 4.600000000000 -0.000079519165
2.000000000000 4.600000000000 -0.000031351253
2.200000000000 4.600000000000 0.000192222514
2.400000000000 4.600000000000 0.000300065804
2.600000000000 4.600000000000 0.000793597581
2.800000000000 4.600000000000 0.003698208683
3.000000000000 4.600000000000 0.012008406737
3.200000000000 4.600000000000 0.032306520590
3.400000000000 4.600000000000 0.081738095668
3.600000000000 4.600000000000 0.187845461425
3.800000000000 4.600000000000 0.368799054812
4.000000000000 4.600000000000 0.604261788103
4.200000000000 4.600000000000 0.827531553746
4.400000000000 4.600000000000 0.956161751985
4.600000000000 4.600000000000 0.941055968938
4.800000000000 4.600000000000 0.794690003711

0.000000000000 4.800000000000 0.489969012851
0.200000000000 4.800000000000 0.308222256884
0.400000000000 4.800000000000 0.166748375284
0.600000000000 4.800000000000 0.076920505728
0.800000000000 4.800000000000 0.029754590572
1.000000000000 4.800000000000 0.009316217484
1.200000000000 4.800000000000 0.002164525665
1.400000000000 4.800000000000 0.000310628843
1.600000000000 4.800000000000 0.000009204352
1.800000000000 4.800000000000 -0.000065620811
2.000000000000 4.800000000000 -0.000025230203
2.200000000000 4.800000000000 0.000159863724
2.400000000000 4.800000000000 0.000257051812
2.600000000000 4.800000000000 0.000692148322
2.800000000000 4.800000000000 0.003164349395
3.000000000000 4.800000000000 0.010230781466
3.200000000000 4.800000000000 0.027515870849
3.400000000000 4.800000000000 0.069469641031
3.600000000000 4.800000000000 0.159138241361
3.800000000000 4.800000000000 0.311643958666
4.000000000000 4.800000000000 0.509889882166
4.200000000000 4.800000000000 0.697975392056
4.400000000000 4.800000000000 0.806713338510
4.600000000000 4.800000000000 0.794690003711
4.800000000000 4.800000000000 0.672048999668

