273 273 273 273 273 273 273 273 273 273 273 273 273 273 273 273 273 273 273 273 273 273 273 273 273 273 273 273 273 273 273 273 273 273 273 273 273 273 273 273 273 273 273 273 273 273 273 273 273 273 273
273 273 273 273 273 273 273 273 273 273 273 273 273 273 273 273 273 273 273 273 273 273 273 273 273 273 273 273 273 273 273 273 273 273 273 273 273 273 273 273 273 273 273 273 273 273 273 273 273 273 273
273 273 273 273 273 273 273 273 273 273 273 273 273 273 273 273 273 273 273 273 273 273 273 273 273 273 273 273 273 273 273 273 273 273 273 273 273 273 273 273 273 273 273 273 273 273 273 273 273 273 273
273 273 273 273 273 273 273 273 273 273 273 273 273 273 273 273 273 273 273 273 273 273 273 273 273 273 273 273 273 273 273 273 273 273 273 273 273 273 273 273 273 273 273 273 273 273 273 273 273 273 273
273 273 273 273 273 273 273 273 273 273 273 273 273 273 273 273 273 273 273 273 273 273 273 273 273 273 273 273 273 273 273 273 273 273 273 273 273 273 273 273 273 273 273 273 273 273 273 273 273 273 273
273 273 273 273 273 273 273 273 273 273 273 273 273 273 273 273 273 273 273 273 273 273 273 273 273 273 273 273 273 273 273 273 273 273 273 273 273 273 273 273 273 273 273 273 273 273 273 273 273 273 273
273 273 273 273 273 273 273 273 273 273 273 273 273 273 273 273 273 273 273 273 273 273 273 273 273 273 273 273 273 273 273 273 273 273 273 273 273 273 273 273 273 273 273 273 273 273 273 273 273 273 273
273 273 273 273 273 273 273 273 273 273 273 273 273 273 273 273 273 273 273 273 273 273 273 273 273 273 273 273 273 273 273 273 273 273 273 273 273 273 273 273 273 273 273 273 273 273 273 273 273 273 273
273 273 273 273 273 273 273 273 273 273 273 273 273 273 273 273 273 273 273 273 273 273 273 273 273 273 273 273 273 273 273 273 273 273 273 273 273 273 273 273 273 273 273 273 273 273 273 273 273 273 273
273 273 273 273 273 273 273 273 273 273 273 273 273 273 273 273 273 273 273 273 273 273 273 273 273 273 273 273 273 273 273 273 273 273 273 273 273 273 273 273 273 273 273 273 273 273 273 273 273 273 273
273 273 273 273 273 273 273 273 273 273 273 273 273 273 273 273 273 273 273 273 273 273 273 273 273 273 273 273 273 273 273 273 273 273 273 273 273 273 273 273 273 273 273 273 273 273 273 273 273 273 273
273 273 273 273 273 273 273 273 273 273 273 273 273 273 273 273 273 273 273 273 273 273 273 273 273 273 273 273 273 273 273 273 273 273 273 273 273 273 273 273 273 273 273 273 273 273 273 273 273 273 273
273 273 273 273 273 273 273 273 273 273 273 273 273 273 273 273 273 273 273 273 273 273 273 273 273 273 273 273 273 273 273 273 273 273 273 273 273 273 273 273 273 273 273 273 273 273 273 273 273 273 273
273 273 273 273 273 273 273 273 273 273 273 273 273 273 273 273 273 273 273 273 273 273 273 273 273 273 273 273 273 273 273 273 273 273 273 273 273 273 273 273 273 273 273 273 273 273 273 273 273 273 273
273 273 273 273 273 273 273 273 273 273 273 273 273 273 273 273 273 273 273 273 273 273 273 273 273 273 273 273 273 273 273 273 273 273 273 273 273 273 273 273 273 273 273 273 273 273 273 273 273 273 273
273 273 273 273 273 273 273 273 273 273 273 273 273 273 273 273 273 273 273 273 273 273 273 273 273 273 273 273 273 273 273 273 273 273 273 273 273 273 273 273 273 273 273 273 273 273 273 273 273 273 273
273 273 273 273 273 273 273 273 273 273 273 273 273 273 273 273 273 273 273 273 273 273 273 273 273 273 273 273 273 273 273 273 273 273 273 273 273 273 273 273 273 273 273 273 273 273 273 273 273 273 273
273 273 273 273 273 273 273 273 273 273 273 273 273.001 273.001 273.001 273.001 273.001 273.001 273.001 273.001 273.001 273.001 273.001 273.001 273 273 273 273 273 273 273 273 273 273 273 273 273 273 273 273 273 273 273 273 273 273 273 273 273 273 273
273 273 273 273 273 273 273 273 273.001 273.001 273.001 273.001 273.001 273.001 273.001 273.001 273.001 273.001 273.001 273.001 273.001 273.001 273.001 273.001 273.001 273.001 273.001 273.001 273 273 273 273 273 273 273 273 273 273 273 273 273 273 273 273 273 273 273 273 273 273 273
273 273 273 273 273 273.001 273.001 273.001 273.001 273.001 273.002 273.002 273.002 273.002 273.002 273.002 273.003 273.003 273.003 273.002 273.002 273.002 273.002 273.002 273.002 273.001 273.001 273.001 273.001 273.001 273.001 273 273 273 273 273 273 273 273 273 273 273 273 273 273 273 273 273 273 273 273
273 273 273 273.001 273.001 273.001 273.001 273.002 273.002 273.002 273.003 273.003 273.004 273.004 273.004 273.005 273.005 273.005 273.005 273.004 273.004 273.004 273.004 273.003 273.003 273.002 273.002 273.002 273.001 273.001 273.001 273.001 273.001 273 273 273 273 273 273 273 273 273 273 273 273 273 273 273 273 273 273
273.001 273.001 273.001 273.001 273.001 273.002 273.002 273.003 273.004 273.004 273.005 273.006 273.007 273.007 273.008 273.008 273.008 273.008 273.008 273.008 273.007 273.007 273.006 273.006 273.005 273.004 273.004 273.003 273.002 273.002 273.001 273.001 273.001 273.001 273 273 273 273 273 273 273 273 273 273 273 273 273 273 273 273 273
273.001 273.001 273.002 273.002 273.003 273.003 273.004 273.005 273.007 273.008 273.009 273.01 273.012 273.013 273.014 273.014 273.014 273.014 273.014 273.013 273.013 273.012 273.011 273.009 273.008 273.007 273.006 273.005 273.004 273.003 273.002 273.002 273.001 273.001 273.001 273.001 273 273 273 273 273 273 273 273 273 273 273 273 273 273 273
273.002 273.002 273.003 273.004 273.005 273.006 273.008 273.01 273.012 273.014 273.016 273.018 273.02 273.022 273.023 273.024 273.024 273.024 273.024 273.023 273.021 273.02 273.018 273.016 273.013 273.011 273.01 273.008 273.006 273.005 273.004 273.003 273.002 273.002 273.001 273.001 273.001 273 273 273 273 273 273 273 273 273 273 273 273 273 273
273.004 273.004 273.005 273.006 273.008 273.01 273.013 273.016 273.02 273.023 273.027 273.031 273.034 273.037 273.039 273.04 273.041 273.04 273.039 273.037 273.035 273.032 273.029 273.025 273.022 273.018 273.015 273.012 273.01 273.008 273.006 273.005 273.004 273.003 273.002 273.001 273.001 273.001 273 273 273 273 273 273 273 273 273 273 273 273 273
273.007 273.007 273.009 273.011 273.014 273.018 273.022 273.027 273.033 273.039 273.045 273.051 273.056 273.06 273.064 273.066 273.066 273.066 273.064 273.06 273.056 273.051 273.046 273.04 273.034 273.029 273.024 273.019 273.016 273.012 273.009 273.007 273.005 273.004 273.003 273.002 273.002 273.001 273.001 273.001 273 273 273 273 273 273 273 273 273 273 273
273.012 273.012 273.014 273.018 273.023 273.029 273.036 273.044 273.053 273.063 273.072 273.082 273.09 273.097 273.102 273.105 273.106 273.105 273.101 273.096 273.088 273.08 273.071 273.062 273.053 273.045 273.037 273.03 273.024 273.018 273.014 273.011 273.008 273.006 273.004 273.003 273.002 273.002 273.001 273.001 273.001 273 273 273 273 273 273 273 273 273 273
273.02 273.02 273.023 273.028 273.036 273.045 273.057 273.07 273.084 273.099 273.115 273.129 273.142 273.152 273.16 273.165 273.165 273.163 273.157 273.148 273.136 273.123 273.109 273.095 273.08 273.067 273.055 273.044 273.035 273.027 273.021 273.016 273.012 273.009 273.006 273.004 273.003 273.002 273.002 273.001 273.001 273 273 273 273 273 273 273 273 273 273
273.031 273.031 273.036 273.044 273.056 273.07 273.088 273.108 273.131 273.154 273.177 273.199 273.218 273.234 273.246 273.252 273.253 273.248 273.238 273.223 273.205 273.185 273.163 273.141 273.119 273.099 273.081 273.065 273.051 273.039 273.03 273.023 273.017 273.012 273.009 273.006 273.004 273.003 273.002 273.001 273.001 273.001 273 273 273 273 273 273 273 273 273
273.047 273.047 273.054 273.067 273.084 273.106 273.133 273.164 273.198 273.233 273.267 273.3 273.329 273.352 273.369 273.377 273.377 273.369 273.353 273.331 273.303 273.271 273.238 273.205 273.172 273.143 273.116 273.092 273.072 273.056 273.042 273.032 273.023 273.017 273.012 273.009 273.006 273.004 273.003 273.002 273.001 273.001 273.001 273 273 273 273 273 273 273 273
273.069 273.069 273.08 273.098 273.124 273.157 273.196 273.242 273.291 273.343 273.394 273.442 273.484 273.518 273.541 273.553 273.551 273.538 273.513 273.479 273.437 273.39 273.341 273.292 273.244 273.201 273.162 273.129 273.1 273.077 273.058 273.043 273.032 273.023 273.017 273.012 273.008 273.006 273.004 273.003 273.002 273.001 273.001 273.001 273 273 273 273 273 273 273
273.1 273.1 273.115 273.141 273.178 273.225 273.282 273.348 273.42 273.494 273.568 273.637 273.697 273.745 273.777 273.792 273.789 273.768 273.73 273.679 273.618 273.549 273.478 273.407 273.339 273.277 273.222 273.175 273.136 273.104 273.078 273.058 273.042 273.031 273.022 273.015 273.011 273.007 273.005 273.003 273.002 273.002 273.001 273.001 273 273 273 273 273 273 273
273.14 273.14 273.161 273.197 273.249 273.315 273.396 273.488 273.59 273.695 273.8 273.897 273.981 274.047 274.091 274.11 274.104 274.072 274.017 273.943 273.855 273.757 273.655 273.554 273.46 273.374 273.298 273.234 273.181 273.137 273.103 273.076 273.055 273.04 273.028 273.02 273.014 273.01 273.007 273.004 273.003 273.002 273.001 273.001 273.001 273 273 273 273 273 273
273.19 273.19 273.219 273.268 273.338 273.429 273.54 273.668 273.808 273.955 274.1 274.234 274.35 274.44 274.499 274.524 274.513 274.467 274.388 274.283 274.158 274.021 273.879 273.74 273.61 273.493 273.391 273.305 273.234 273.177 273.132 273.097 273.07 273.051 273.036 273.025 273.017 273.012 273.008 273.006 273.004 273.002 273.002 273.001 273.001 273 273 273 273 273 273
273.252 273.252 273.288 273.353 273.447 273.569 273.718 273.891 274.081 274.281 274.478 274.661 274.818 274.94 275.018 275.049 275.031 274.966 274.857 274.711 274.538 274.349 274.155 273.966 273.792 273.636 273.502 273.389 273.297 273.223 273.166 273.121 273.088 273.063 273.044 273.031 273.022 273.015 273.01 273.007 273.005 273.003 273.002 273.001 273.001 273.001 273 273 273 273 273
273.323 273.323 273.369 273.453 273.574 273.733 273.929 274.157 274.411 274.677 274.942 275.187 275.396 275.557 275.66 275.699 275.673 275.583 275.434 275.236 275.001 274.745 274.485 274.234 274.004 273.801 273.628 273.484 273.367 273.275 273.203 273.148 273.107 273.076 273.054 273.037 273.026 273.018 273.012 273.008 273.005 273.004 273.002 273.002 273.001 273.001 273 273 273 273 273
273.402 273.402 273.459 273.563 273.716 273.918 274.169 274.464 274.794 275.145 275.493 275.816 276.091 276.301 276.433 276.482 276.445 276.324 276.126 275.863 275.55 275.21 274.867 274.54 274.244 273.985 273.767 273.588 273.444 273.331 273.243 273.177 273.127 273.09 273.064 273.044 273.031 273.021 273.014 273.01 273.006 273.004 273.003 273.002 273.001 273.001 273 273 273 273 273
273.485 273.485 273.554 273.681 273.868 274.117 274.43 274.802 275.223 275.674 276.127 276.545 276.899 277.166 277.333 277.393 277.343 277.187 276.931 276.588 276.18 275.738 275.293 274.876 274.502 274.181 273.913 273.696 273.523 273.388 273.284 273.206 273.148 273.105 273.074 273.051 273.035 273.024 273.016 273.011 273.007 273.005 273.003 273.002 273.001 273.001 273.001 273 273 273 273
273.568 273.568 273.648 273.797 274.019 274.318 274.697 275.153 275.677 276.247 276.823 277.354 277.798 278.13 278.336 278.408 278.346 278.15 277.828 277.394 276.874 276.307 275.745 275.225 274.767 274.379 274.06 273.803 273.601 273.444 273.324 273.234 273.168 273.119 273.083 273.058 273.04 273.027 273.018 273.012 273.008 273.005 273.004 273.002 273.002 273.001 273.001 273 273 273 273
273.645 273.645 273.735 273.905 274.16 274.507 274.949 275.491 276.123 276.823 277.541 278.196 278.738 279.138 279.383 279.468 279.392 279.156 278.766 278.235 277.59 276.881 276.189 275.561 275.018 274.564 274.195 273.902 273.672 273.495 273.361 273.26 273.186 273.132 273.092 273.064 273.044 273.03 273.02 273.014 273.009 273.006 273.004 273.003 273.002 273.001 273.001 273 273 273 273
273.71 273.71 273.809 273.996 274.279 274.665 275.164 275.781 276.512 277.338 278.203 278.98 279.613 280.074 280.354 280.451 280.363 280.092 279.641 279.019 278.252 277.398 276.58 275.852 275.232 274.722 274.31 273.985 273.733 273.539 273.392 273.283 273.202 273.143 273.1 273.07 273.048 273.033 273.022 273.015 273.01 273.007 273.004 273.003 273.002 273.001 273.001 273.001 273 273 273
273.758 273.758 273.863 274.063 274.365 274.779 275.317 275.987 276.789 277.703 278.666 279.529 280.225 280.73 281.036 281.141 281.045 280.75 280.256 279.57 278.719 277.765 276.859 276.061 275.387 274.836 274.395 274.047 273.778 273.572 273.417 273.3 273.215 273.152 273.107 273.074 273.051 273.035 273.024 273.016 273.011 273.007 273.005 273.003 273.002 273.001 273.001 273.001 273 273 273
273.788 273.788 273.895 274.101 274.411 274.838 275.393 276.085 276.915 277.863 278.864 279.76 280.483 281.006 281.322 281.432 281.334 281.029 280.518 279.807 278.923 277.933 276.992 276.164 275.468 274.898 274.443 274.084 273.806 273.593 273.433 273.312 273.224 273.159 273.111 273.078 273.054 273.037 273.025 273.017 273.011 273.008 273.005 273.003 273.002 273.001 273.001 273.001 273 273 273
273.797 273.797 273.904 274.109 274.417 274.84 275.387 276.068 276.882 277.808 278.783 279.657 280.364 280.877 281.189 281.297 281.202 280.904 280.405 279.711 278.85 277.885 276.967 276.155 275.469 274.905 274.452 274.095 273.816 273.603 273.44 273.319 273.229 273.163 273.115 273.08 273.055 273.038 273.026 273.018 273.012 273.008 273.005 273.003 273.002 273.001 273.001 273.001 273 273 273
273.789 273.789 273.893 274.091 274.388 274.792 275.311 275.951 276.709 277.561 278.452 279.254 279.907 280.386 280.679 280.782 280.695 280.418 279.955 279.316 278.528 277.649 276.804 276.048 275.401 274.865 274.429 274.082 273.811 273.601 273.441 273.32 273.23 273.164 273.116 273.081 273.056 273.039 273.027 273.018 273.012 273.008 273.005 273.004 273.002 273.002 273.001 273.001 273 273 273
273.768 273.768 273.868 274.054 274.333 274.708 275.186 275.767 276.443 277.187 277.949 278.645 279.223 279.651 279.916 280.012 279.935 279.689 279.278 278.717 278.035 277.285 276.548 275.874 275.286 274.79 274.382 274.053 273.794 273.591 273.436 273.318 273.23 273.164 273.116 273.082 273.057 273.039 273.027 273.018 273.012 273.008 273.005 273.004 273.002 273.002 273.001 273.001 273 273 273
273.741 273.741 273.834 274.008 274.266 274.61 275.042 275.56 276.15 276.788 277.431 278.025 278.524 278.899 279.134 279.22 279.155 278.941 278.585 278.105 277.527 276.896 276.265 275.675 275.15 274.699 274.323 274.016 273.77 273.577 273.427 273.313 273.227 273.163 273.116 273.082 273.057 273.04 273.027 273.018 273.012 273.008 273.006 273.004 273.002 273.002 273.001 273.001 273 273 273
273.712 273.712 273.801 273.963 274.201 274.516 274.907 275.368 275.886 276.438 276.988 277.498 277.93 278.259 278.467 278.545 278.49 278.305 277.997 277.585 277.092 276.554 276.01 275.492 275.023 274.613 274.265 273.978 273.746 273.562 273.418 273.308 273.224 273.161 273.115 273.081 273.057 273.04 273.027 273.019 273.013 273.008 273.006 273.004 273.002 273.002 273.001 273.001 273 273 273
273.69 273.69 273.774 273.928 274.151 274.444 274.804 275.224 275.691 276.183 276.67 277.122 277.508 277.803 277.992 278.064 278.016 277.852 277.579 277.214 276.779 276.304 275.82 275.354 274.925 274.545 274.22 273.949 273.727 273.55 273.411 273.303 273.221 273.16 273.114 273.081 273.057 273.039 273.027 273.019 273.013 273.008 273.006 273.004 273.002 273.002 273.001 273.001 273.001 273 273
273.678 273.678 273.76 273.908 274.123 274.405 274.749 275.148 275.588 276.05 276.506 276.928 277.29 277.568 277.746 277.815 277.772 277.618 277.363 277.022 276.617 276.174 275.72 275.28 274.872 274.509 274.196 273.932 273.716 273.543 273.407 273.301 273.22 273.159 273.114 273.081 273.057 273.039 273.027 273.019 273.013 273.008 273.006 273.004 273.002 273.002 273.001 273.001 273.001 273 273
273.678 273.678 273.76 273.908 274.123 274.405 274.749 275.148 275.588 276.05 276.506 276.928 277.29 277.568 277.746 277.815 277.772 277.618 277.363 277.022 276.617 276.174 275.72 275.28 274.872 274.509 274.196 273.932 273.716 273.543 273.407 273.301 273.22 273.159 273.114 273.081 273.057 273.039 273.027 273.019 273.013 273.008 273.006 273.004 273.002 273.002 273.001 273.001 273.001 273 273
