# step time Ekin Epot Etot T
0 0 506.723 -57.4809 449.242 2.52101
10 0.02 507.666 -58.424 449.242 2.5257
20 0.04 510.316 -61.0737 449.242 2.53888
30 0.06 514.766 -65.524 449.242 2.56102
40 0.08 521.032 -71.7905 449.241 2.5922
50 0.1 528.494 -79.2547 449.239 2.62932
60 0.12 534.064 -84.833 449.231 2.65704
70 0.14 530.683 -81.4531 449.23 2.64022
80 0.16 522.509 -73.2815 449.228 2.59955
90 0.18 522.129 -72.8965 449.233 2.59766
100 0.2 532.411 -83.187 449.224 2.64881
110 0.22 539.44 -90.2152 449.224 2.68378
120 0.24 537.994 -88.7913 449.203 2.67659
130 0.26 513.434 -64.2056 449.229 2.5544
140 0.28 505.162 -55.9274 449.235 2.51324
150 0.3 523.362 -74.1591 449.203 2.60379
160 0.32 530.771 -81.5416 449.229 2.64065
170 0.34 543.831 -94.6021 449.229 2.70563
180 0.36 558.554 -109.343 449.211 2.77887
190 0.38 554.353 -105.125 449.228 2.75797
200 0.4 555.488 -106.259 449.229 2.76362
210 0.42 565.763 -116.537 449.225 2.81474
220 0.44 570.124 -120.915 449.209 2.83644
230 0.46 555.275 -106.051 449.223 2.76256
240 0.48 538.759 -89.5243 449.235 2.68039
250 0.5 547.197 -97.9711 449.226 2.72237
260 0.52 566.113 -116.907 449.206 2.81648
270 0.54 563.016 -113.792 449.224 2.80108
280 0.56 555.396 -106.173 449.223 2.76316
290 0.58 548.166 -98.9456 449.221 2.72719
300 0.6 545.672 -96.44 449.232 2.71479
310 0.62 557.861 -108.654 449.207 2.77543
320 0.64 555.972 -106.743 449.23 2.76603
330 0.66 560.741 -111.507 449.234 2.78975
340 0.68 574.082 -124.864 449.218 2.85613
350 0.7 572.067 -122.84 449.227 2.84611
360 0.72 563.929 -114.7 449.229 2.80562
370 0.74 555.495 -106.275 449.22 2.76366
380 0.76 542.283 -93.0585 449.225 2.69793
390 0.78 541.05 -91.8181 449.232 2.69179
400 0.8 564.528 -115.312 449.215 2.80859
410 0.82 579.507 -130.3 449.207 2.88312
420 0.84 567.474 -118.244 449.23 2.82325
430 0.86 556.702 -107.466 449.236 2.76966
440 0.88 559.111 -109.888 449.224 2.78165
450 0.9 559.317 -110.093 449.223 2.78267
460 0.92 555.704 -106.47 449.235 2.7647
470 0.94 562.521 -113.294 449.227 2.79861
480 0.96 568.24 -119.026 449.213 2.82706
490 0.98 563.276 -114.057 449.219 2.80237
500 1 554.934 -105.708 449.226 2.76087
510 1.02 554.05 -104.811 449.24 2.75647
520 1.04 572.383 -123.169 449.213 2.84767
530 1.06 573.931 -124.712 449.218 2.85538
540 1.08 563.508 -114.278 449.23 2.80352
550 1.1 559.567 -110.339 449.228 2.78391
560 1.12 560.355 -111.119 449.236 2.78784
570 1.14 570.078 -120.86 449.218 2.83621
580 1.16 571.562 -122.348 449.213 2.84359
590 1.18 556.524 -107.284 449.24 2.76878
600 1.2 561.371 -112.16 449.211 2.79289
610 1.22 569.05 -119.82 449.23 2.83109
620 1.24 575.314 -126.086 449.228 2.86226
630 1.26 575.851 -126.626 449.224 2.86493
640 1.28 567.141 -117.914 449.227 2.8216
650 1.3 557.566 -108.335 449.231 2.77396
660 1.32 554.307 -105.078 449.229 2.75775
670 1.34 559.83 -110.6 449.23 2.78522
680 1.36 569.568 -120.357 449.211 2.83367
690 1.38 566.628 -117.406 449.221 2.81904
700 1.4 562.431 -113.204 449.227 2.79816
710 1.42 563.173 -113.959 449.214 2.80185
720 1.44 561.436 -112.197 449.239 2.79322
730 1.46 572.529 -123.322 449.207 2.8484
740 1.48 568.558 -119.337 449.221 2.82865
750 1.5 558.493 -109.266 449.227 2.77857
760 1.52 553.159 -103.936 449.222 2.75203
770 1.54 555.97 -106.752 449.218 2.76602
780 1.56 560.729 -111.517 449.212 2.7897
790 1.58 563.204 -113.972 449.232 2.80201
800 1.6 575.038 -125.835 449.203 2.86089
810 1.62 564.242 -115.017 449.225 2.80717
820 1.64 556.562 -107.34 449.222 2.76896
830 1.66 558.508 -109.286 449.222 2.77865
840 1.68 563.743 -114.515 449.227 2.80469
850 1.7 572.484 -123.26 449.225 2.84818
860 1.72 578.14 -128.91 449.23 2.87632
870 1.74 581.025 -131.796 449.228 2.89067
880 1.76 578.032 -128.806 449.226 2.87578
890 1.78 570.3 -121.061 449.239 2.83731
900 1.8 571.413 -122.188 449.225 2.84285
910 1.82 567.636 -118.415 449.221 2.82406
920 1.84 558.862 -109.618 449.243 2.78041
930 1.86 565.736 -116.524 449.213 2.81461
940 1.88 561.687 -112.455 449.232 2.79446
950 1.9 563.994 -114.764 449.23 2.80594
960 1.92 572.441 -123.215 449.225 2.84796
970 1.94 572.2 -122.972 449.228 2.84677
980 1.96 565.164 -115.927 449.237 2.81176
990 1.98 564.164 -114.925 449.239 2.80679
1000 2 571.612 -122.381 449.231 2.84384
1010 2.02 575.718 -126.487 449.231 2.86427
1020 2.04 574.947 -125.719 449.228 2.86043
1030 2.06 566.519 -117.294 449.225 2.8185
1040 2.08 553.422 -104.191 449.231 2.75334
1050 2.1 547.138 -97.9037 449.235 2.72208
1060 2.12 555.498 -106.27 449.229 2.76367
1070 2.14 568.251 -119.035 449.215 2.82712
1080 2.16 567.359 -118.125 449.234 2.82268
1090 2.18 567.03 -117.809 449.221 2.82105
1100 2.2 559.753 -110.52 449.233 2.78484
1110 2.22 563.217 -113.979 449.238 2.80207
1120 2.24 578.434 -129.217 449.217 2.87778
1130 2.26 575.184 -125.972 449.212 2.86161
1140 2.28 554.61 -105.357 449.253 2.75926
1150 2.3 556.819 -107.602 449.217 2.77024
1160 2.32 561.541 -112.306 449.235 2.79374
1170 2.34 574.25 -125.027 449.223 2.85696
1180 2.36 577.115 -127.888 449.228 2.87122
1190 2.38 573.899 -124.676 449.223 2.85522
1200 2.4 563.211 -113.984 449.228 2.80205
1210 2.42 555.376 -106.152 449.223 2.76306
1220 2.44 554.618 -105.385 449.233 2.75929
1230 2.46 562.228 -113.009 449.219 2.79715
1240 2.48 560.526 -111.299 449.227 2.78869
1250 2.5 558.821 -109.581 449.241 2.78021
1260 2.52 570.468 -121.243 449.225 2.83815
1270 2.54 573.585 -124.373 449.212 2.85366
1280 2.56 556.985 -107.751 449.234 2.77107
1290 2.58 554.27 -105.065 449.205 2.75756
1300 2.6 547.365 -98.1475 449.218 2.72321
1310 2.62 541.92 -92.6878 449.232 2.69612
1320 2.64 554.583 -105.364 449.219 2.75912
1330 2.66 563.197 -113.979 449.218 2.80197
1340 2.68 560.399 -111.172 449.227 2.78805
1350 2.7 556.637 -107.412 449.224 2.76934
1360 2.72 549.932 -100.719 449.213 2.73598
1370 2.74 536.775 -87.5398 449.235 2.67052
1380 2.76 541.832 -92.611 449.221 2.69568
1390 2.78 553.672 -104.438 449.233 2.75459
1400 2.8 571.718 -122.495 449.223 2.84437
1410 2.82 582.013 -132.785 449.228 2.89559
1420 2.84 582.047 -132.826 449.221 2.89576
1430 2.86 566.03 -116.807 449.223 2.81607
1440 2.88 546.206 -96.9773 449.229 2.71744
1450 2.9 538.365 -89.1449 449.22 2.67843
1460 2.92 548.891 -99.6875 449.204 2.7308
1470 2.94 558.319 -109.101 449.218 2.7777
1480 2.96 552.479 -103.264 449.215 2.74865
1490 2.98 552.211 -102.979 449.232 2.74732
1500 3 569.771 -120.554 449.217 2.83468
1510 3.02 571.257 -122.034 449.223 2.84208
1520 3.04 562.091 -112.855 449.236 2.79647
1530 3.06 561.501 -112.28 449.221 2.79354
1540 3.08 558.731 -109.511 449.221 2.77976
1550 3.1 551.062 -101.823 449.24 2.7416
1560 3.12 562.756 -113.546 449.211 2.79978
1570 3.14 565.705 -116.487 449.218 2.81445
1580 3.16 562.848 -113.618 449.229 2.80024
1590 3.18 565.869 -116.643 449.225 2.81527
1600 3.2 562.693 -113.471 449.222 2.79947
1610 3.22 554.525 -105.281 449.245 2.75883
1620 3.24 562.807 -113.578 449.229 2.80004
1630 3.26 572.56 -123.331 449.229 2.84855
1640 3.28 575.073 -125.847 449.226 2.86106
1650 3.3 565.768 -116.536 449.232 2.81476
1660 3.32 570.164 -120.942 449.222 2.83664
1670 3.34 579.41 -130.185 449.225 2.88264
1680 3.36 572.795 -123.575 449.22 2.84973
1690 3.38 550.169 -100.949 449.22 2.73716
1700 3.4 537.258 -88.0155 449.243 2.67293
1710 3.42 554.788 -105.578 449.211 2.76014
1720 3.44 556.99 -107.775 449.214 2.77109
1730 3.46 542.339 -93.1252 449.214 2.69821
1740 3.48 544.804 -95.5943 449.209 2.71047
1750 3.5 555.607 -106.398 449.21 2.76422
1760 3.52 552.379 -103.155 449.225 2.74816
1770 3.54 551.965 -102.738 449.227 2.74609
1780 3.56 556.638 -107.4 449.237 2.76934
1790 3.58 570.901 -121.675 449.226 2.8403
1800 3.6 575.384 -126.165 449.22 2.86261
1810 3.62 564.145 -114.909 449.236 2.80669
1820 3.64 559.277 -110.042 449.234 2.78247
1830 3.66 561.954 -112.741 449.213 2.79579
1840 3.68 553.944 -104.706 449.238 2.75594
1850 3.7 553.712 -104.504 449.209 2.75479
1860 3.72 540.691 -91.4579 449.233 2.69
1870 3.74 536.267 -87.0488 449.218 2.66799
1880 3.76 535.374 -86.1596 449.214 2.66355
1890 3.78 537.336 -88.1046 449.232 2.67332
1900 3.8 555.413 -106.211 449.201 2.76325
1910 3.82 557.178 -107.95 449.228 2.77203
1920 3.84 554.201 -104.995 449.206 2.75722
1930 3.86 543.844 -94.65 449.194 2.70569
1940 3.88 533.532 -84.3341 449.198 2.65439
1950 3.9 519.527 -70.2899 449.237 2.58471
1960 3.92 539.527 -90.3044 449.223 2.68421
1970 3.94 573.491 -124.286 449.205 2.85319
1980 3.96 573.983 -124.764 449.219 2.85564
1990 3.98 557.706 -108.479 449.227 2.77466
2000 4 539.409 -90.1787 449.231 2.68363
2010 4.02 533.877 -84.6409 449.236 2.65611
2020 4.04 546.459 -97.236 449.223 2.7187
2030 4.06 557.626 -108.4 449.227 2.77426
2040 4.08 565.136 -115.915 449.221 2.81162
2050 4.1 558.911 -109.689 449.222 2.78065
2060 4.12 552.198 -102.984 449.214 2.74725
2070 4.14 543.339 -94.1078 449.231 2.70318
2080 4.16 539.484 -90.2544 449.23 2.684
2090 4.18 542.988 -93.7732 449.215 2.70144
2100 4.2 541.683 -92.4512 449.232 2.69494
2110 4.22 549.354 -100.136 449.218 2.73311
2120 4.24 550.06 -100.851 449.209 2.73662
2130 4.26 534.521 -85.2832 449.238 2.65931
2140 4.28 537.061 -87.8381 449.223 2.67195
2150 4.3 546.429 -97.2006 449.229 2.71855
2160 4.32 555.182 -105.966 449.216 2.7621
2170 4.34 549.616 -100.402 449.214 2.73441
2180 4.36 537.161 -87.945 449.215 2.67244
2190 4.38 532.485 -83.2477 449.237 2.64918
2200 4.4 541.2 -91.9843 449.216 2.69254
2210 4.42 547.64 -98.4212 449.219 2.72458
2220 4.44 549.058 -99.8334 449.224 2.73163
2230 4.46 546.463 -97.2381 449.225 2.71872
2240 4.48 538.892 -89.6845 449.207 2.68105
2250 4.5 526.85 -77.5981 449.252 2.62114
2260 4.52 544.912 -95.7031 449.209 2.71101
2270 4.54 547.735 -98.5172 449.218 2.72505
2280 4.56 543.283 -94.0492 449.234 2.7029
2290 4.58 553.164 -103.934 449.23 2.75206
2300 4.6 566.62 -117.4 449.22 2.819
2310 4.62 565.116 -115.887 449.229 2.81152
2320 4.64 556.572 -107.35 449.222 2.76901
2330 4.66 538.284 -89.0687 449.216 2.67803
2340 4.68 536.103 -86.883 449.22 2.66718
2350 4.7 554.959 -105.734 449.224 2.76099
2360 4.72 569.85 -120.622 449.228 2.83507
2370 4.74 578.696 -129.479 449.217 2.87909
2380 4.76 566.331 -117.118 449.213 2.81757
2390 4.78 542.004 -92.7639 449.24 2.69654
2400 4.8 536.827 -87.6256 449.201 2.67078
2410 4.82 529.016 -79.7706 449.245 2.63192
2420 4.84 547.556 -98.3621 449.194 2.72416
2430 4.86 546.721 -97.5013 449.22 2.72001
2440 4.88 545.569 -96.3332 449.236 2.71427
2450 4.9 561.933 -112.728 449.204 2.79569
2460 4.92 562.047 -112.814 449.232 2.79625
2470 4.94 559.346 -110.129 449.218 2.78282
2480 4.96 557.353 -108.129 449.225 2.7729
2490 4.98 559.292 -110.07 449.223 2.78255
2500 5 552.068 -102.851 449.217 2.74661
2510 5.02 543.604 -94.3879 449.216 2.7045
2520 5.04 543.065 -93.8225 449.243 2.70182
2530 5.06 562.278 -113.074 449.204 2.7974
2540 5.08 566.856 -117.62 449.236 2.82018
2550 5.1 572.114 -122.893 449.22 2.84634
2560 5.12 564.413 -115.199 449.214 2.80802
2570 5.14 549.113 -99.8687 449.244 2.7319
2580 5.16 552.282 -103.072 449.21 2.74767
2590 5.18 550.942 -101.717 449.224 2.741
2600 5.2 553.757 -104.534 449.223 2.75501
2610 5.22 557.948 -108.717 449.231 2.77586
2620 5.24 564.487 -115.27 449.217 2.80839
2630 5.26 558.837 -109.603 449.234 2.78028
2640 5.28 559.165 -109.935 449.23 2.78192
2650 5.3 562.982 -113.761 449.221 2.80091
2660 5.32 562.172 -112.937 449.235 2.79688
2670 5.34 568.314 -119.086 449.229 2.82743
2680 5.36 573.072 -123.843 449.23 2.85111
2690 5.38 573.172 -123.95 449.222 2.8516
2700 5.4 564.996 -115.769 449.227 2.81092
2710 5.42 552.96 -103.74 449.22 2.75104
2720 5.44 540.963 -91.7256 449.237 2.69136
2730 5.46 549.188 -99.9702 449.218 2.73228
2740 5.48 552.465 -103.251 449.214 2.74858
2750 5.5 559.467 -110.27 449.197 2.78342
2760 5.52 559.347 -110.118 449.229 2.78282
2770 5.54 560.038 -110.825 449.213 2.78626
2780 5.56 554.302 -105.077 449.225 2.75772
2790 5.58 549.676 -100.452 449.224 2.73471
2800 5.6 550.956 -101.733 449.223 2.74107
2810 5.62 556.308 -107.084 449.224 2.7677
2820 5.64 561.317 -112.091 449.226 2.79262
2830 5.66 563.832 -114.612 449.22 2.80514
2840 5.68 560.077 -110.845 449.232 2.78645
2850 5.7 560.237 -111.016 449.22 2.78725
2860 5.72 553.916 -104.708 449.208 2.7558
2870 5.74 533.702 -84.4583 449.244 2.65523
2880 5.76 541.987 -92.7889 449.198 2.69645
2890 5.78 544.893 -95.6728 449.22 2.71091
2900 5.8 545.047 -95.8182 449.228 2.71167
2910 5.82 551.296 -102.084 449.212 2.74277
2920 5.84 550.537 -101.305 449.232 2.73899
2930 5.86 558.511 -109.292 449.219 2.77866
2940 5.88 563.893 -114.667 449.226 2.80544
2950 5.9 566.957 -117.735 449.222 2.82068
2960 5.92 559.973 -110.747 449.226 2.78594
2970 5.94 549.166 -99.9368 449.23 2.73217
2980 5.96 544.381 -95.1465 449.235 2.70836
2990 5.98 551.392 -102.162 449.229 2.74324
3000 6 562.577 -113.359 449.219 2.79889
3010 6.02 563.231 -113.997 449.234 2.80215
3020 6.04 569.213 -119.994 449.219 2.83191
3030 6.06 568.283 -119.061 449.223 2.82728
3040 6.08 562.034 -112.799 449.236 2.79619
3050 6.1 570.062 -120.84 449.221 2.83613
3060 6.12 570.102 -120.887 449.215 2.83633
3070 6.14 558.959 -109.723 449.235 2.78089
3080 6.16 556.494 -107.276 449.218 2.76863
3090 6.18 555.137 -105.901 449.235 2.76187
3100 6.2 567.092 -117.867 449.224 2.82135
3110 6.22 573.809 -124.584 449.226 2.85477
3120 6.24 570.889 -121.67 449.218 2.84024
3130 6.26 552.209 -102.982 449.228 2.74731
3140 6.28 539.675 -90.4334 449.242 2.68495
3150 6.3 548.8 -99.6011 449.199 2.73035
3160 6.32 543.452 -94.2202 449.232 2.70374
3170 6.34 551.409 -102.195 449.214 2.74333
3180 6.36 554.914 -105.694 449.22 2.76077
3190 6.38 552.73 -103.504 449.225 2.7499
3200 6.4 555.046 -105.819 449.227 2.76142
3210 6.42 555.071 -105.858 449.213 2.76155
3220 6.44 541.214 -91.9907 449.223 2.69261
3230 6.46 538.639 -89.4076 449.232 2.6798
3240 6.48 557.183 -107.966 449.217 2.77205
3250 6.5 566.592 -117.368 449.223 2.81886
3260 6.52 566.386 -117.153 449.233 2.81784
3270 6.54 567.332 -118.108 449.224 2.82255
3280 6.56 560.214 -110.981 449.232 2.78713
3290 6.58 560.294 -111.06 449.234 2.78753
3300 6.6 568.181 -118.964 449.217 2.82677
3310 6.62 562.02 -112.786 449.234 2.79612
3320 6.64 560.511 -111.279 449.232 2.78861
3330 6.66 564.884 -115.66 449.224 2.81037
3340 6.68 561.528 -112.313 449.215 2.79367
3350 6.7 548.308 -99.0592 449.249 2.7279
3360 6.72 555.795 -106.595 449.2 2.76515
3370 6.74 545.14 -95.9122 449.228 2.71214
3380 6.76 548.13 -98.905 449.225 2.72701
3390 6.78 563.427 -114.207 449.219 2.80312
3400 6.8 571.487 -122.259 449.228 2.84322
3410 6.82 578.03 -128.806 449.224 2.87577
3420 6.84 573.994 -124.76 449.234 2.85569
3430 6.86 572.009 -122.769 449.24 2.84581
3440 6.88 578.264 -129.034 449.229 2.87693
3450 6.9 581.084 -131.853 449.231 2.89097
3460 6.92 578.393 -129.18 449.213 2.87758
3470 6.94 557.11 -107.878 449.232 2.77169
3480 6.96 552.481 -103.267 449.213 2.74866
3490 6.98 559.615 -110.4 449.215 2.78415
3500 7 566.549 -117.336 449.213 2.81865
3510 7.02 566.529 -117.308 449.221 2.81855
3520 7.04 558.147 -108.936 449.211 2.77685
3530 7.06 548.503 -99.2776 449.226 2.72887
3540 7.08 549.69 -100.469 449.222 2.73478
3550 7.1 555.743 -106.522 449.222 2.76489
3560 7.12 565.614 -116.402 449.212 2.814
3570 7.14 564.212 -114.995 449.217 2.80703
3580 7.16 556.333 -107.092 449.24 2.76782
3590 7.18 562.549 -113.344 449.205 2.79875
3600 7.2 562.39 -113.158 449.232 2.79796
3610 7.22 568.435 -119.227 449.208 2.82803
3620 7.24 554.787 -105.565 449.222 2.76013
3630 7.26 543.301 -94.0559 449.245 2.70299
3640 7.28 560.312 -111.091 449.222 2.78762
3650 7.3 576.299 -127.079 449.22 2.86716
3660 7.32 581.343 -132.109 449.233 2.89225
3670 7.34 585.177 -135.95 449.227 2.91133
3680 7.36 580.655 -131.429 449.225 2.88883
3690 7.38 566.721 -117.485 449.237 2.81951
3700 7.4 561.592 -112.368 449.224 2.79399
3710 7.42 553.074 -103.871 449.203 2.75161
3720 7.44 533.996 -84.7451 449.251 2.6567
3730 7.46 551.281 -102.065 449.216 2.74269
3740 7.48 564.919 -115.71 449.208 2.81054
3750 7.5 555.884 -106.657 449.227 2.76559
3760 7.52 551.423 -102.2 449.223 2.7434
3770 7.54 552.692 -103.461 449.231 2.74971
3780 7.56 560.399 -111.188 449.212 2.78806
3790 7.58 567.492 -118.266 449.226 2.82334
3800 7.6 574.56 -125.338 449.222 2.85851
3810 7.62 568.952 -119.725 449.227 2.83061
3820 7.64 559.096 -109.867 449.23 2.78157
3830 7.66 555.902 -106.667 449.234 2.76568
3840 7.68 559.715 -110.505 449.21 2.78465
3850 7.7 550.955 -101.725 449.231 2.74107
3860 7.72 549.543 -100.316 449.227 2.73404
3870 7.74 555.886 -106.661 449.225 2.7656
3880 7.76 561.22 -111.989 449.231 2.79214
3890 7.78 568.87 -119.652 449.219 2.8302
3900 7.8 568.25 -119.025 449.226 2.82712
3910 7.82 560.076 -110.856 449.22 2.78645
3920 7.84 548.071 -98.8542 449.217 2.72672
3930 7.86 540.796 -91.5508 449.245 2.69053
3940 7.88 554.107 -104.901 449.207 2.75675
3950 7.9 553.036 -103.814 449.222 2.75143
3960 7.92 549.746 -100.516 449.23 2.73505
3970 7.94 558.163 -108.94 449.224 2.77693
3980 7.96 570.991 -121.782 449.209 2.84075
3990 7.98 560.714 -111.498 449.217 2.78962
4000 8 543.248 -94.0228 449.226 2.70273
4010 8.02 552.69 -103.477 449.213 2.7497
4020 8.04 561.16 -111.971 449.19 2.79184
4030 8.06 530.767 -81.5308 449.236 2.64063
4040 8.08 538.407 -89.2119 449.196 2.67864
4050 8.1 551.084 -101.876 449.208 2.74171
4060 8.12 543.004 -93.7667 449.237 2.70151
4070 8.14 549.022 -99.8069 449.215 2.73145
4080 8.16 549.42 -100.187 449.233 2.73343
4090 8.18 557.214 -107.991 449.222 2.77221
4100 8.2 565.37 -116.145 449.225 2.81279
4110 8.22 565.892 -116.659 449.234 2.81539
4120 8.24 566.542 -117.314 449.228 2.81862
4130 8.26 561.714 -112.486 449.228 2.7946
4140 8.28 555.825 -106.591 449.234 2.7653
4150 8.3 556.651 -107.423 449.229 2.76941
4160 8.32 559.718 -110.494 449.224 2.78467
4170 8.34 559.561 -110.335 449.227 2.78389
4180 8.36 558.877 -109.642 449.234 2.78048
4190 8.38 563.866 -114.642 449.224 2.80531
4200 8.4 562.217 -112.994 449.223 2.7971
4210 8.42 556.427 -107.191 449.236 2.76829
4220 8.44 561.458 -112.225 449.233 2.79332
4230 8.46 572.358 -123.133 449.225 2.84755
4240 8.48 575.151 -125.928 449.223 2.86145
4250 8.5 565.463 -116.229 449.234 2.81325
4260 8.52 558.786 -109.545 449.241 2.78003
4270 8.54 568.723 -119.503 449.22 2.82947
4280 8.56 569.748 -120.544 449.204 2.83457
4290 8.58 545.452 -96.2022 449.25 2.71369
4300 8.6 557.534 -108.323 449.211 2.7738
4310 8.62 574.597 -125.382 449.215 2.85869
4320 8.64 571.912 -122.686 449.225 2.84533
4330 8.66 561.4 -112.171 449.229 2.79303
4340 8.68 559.029 -109.786 449.243 2.78124
4350 8.7 573.015 -123.803 449.212 2.85082
4360 8.72 566.432 -117.222 449.21 2.81807
4370 8.74 542.564 -93.3145 449.25 2.69932
4380 8.76 545.65 -96.4441 449.206 2.71468
4390 8.78 546.373 -97.1229 449.25 2.71828
4400 8.8 566.94 -117.742 449.198 2.8206
4410 8.82 569.339 -120.096 449.243 2.83253
4420 8.84 578.16 -128.948 449.212 2.87642
4430 8.86 569.176 -119.957 449.219 2.83172
4440 8.88 555.001 -105.774 449.227 2.7612
4450 8.9 549.195 -99.9664 449.229 2.73231
4460 8.92 553.782 -104.559 449.223 2.75513
4470 8.94 562.695 -113.464 449.23 2.79948
4480 8.96 571.728 -122.501 449.228 2.84442
4490 8.98 574.551 -125.324 449.227 2.85846
4500 9 573.367 -124.128 449.239 2.85257
4510 9.02 579.433 -130.208 449.225 2.88275
4520 9.04 579.26 -130.032 449.227 2.88189
4530 9.06 573.39 -124.16 449.229 2.85268
4540 9.08 566.806 -117.575 449.232 2.81993
4550 9.1 562.646 -113.428 449.218 2.79924
4560 9.12 553.702 -104.469 449.233 2.75474
4570 9.14 551.742 -102.517 449.225 2.74499
4580 9.16 558.771 -109.546 449.226 2.77996
4590 9.18 568.228 -119.015 449.213 2.82701
4600 9.2 560.475 -111.24 449.234 2.78843
4610 9.22 557.851 -108.63 449.221 2.77538
4620 9.24 550.72 -101.494 449.226 2.7399
4630 9.26 549.308 -100.075 449.233 2.73287
4640 9.28 564.765 -115.541 449.225 2.80978
4650 9.3 576.994 -127.776 449.218 2.87062
4660 9.32 572.552 -123.327 449.225 2.84852
4670 9.34 561.436 -112.204 449.232 2.79321
4680 9.36 565.331 -116.108 449.223 2.81259
4690 9.38 573.312 -124.089 449.223 2.8523
4700 9.4 569.686 -120.466 449.221 2.83426
4710 9.42 555.74 -106.51 449.23 2.76488
4720 9.44 550.097 -100.872 449.224 2.7368
4730 9.46 552.57 -103.34 449.23 2.74911
4740 9.48 557.653 -108.452 449.202 2.7744
4750 9.5 550.389 -101.156 449.233 2.73825
4760 9.52 550.785 -101.574 449.211 2.74023
4770 9.54 544.54 -95.3081 449.232 2.70915
4780 9.56 550.484 -101.264 449.22 2.73873
4790 9.58 549.933 -100.724 449.209 2.73598
4800 9.6 546.523 -97.2945 449.229 2.71902
4810 9.62 555.79 -106.585 449.205 2.76512
4820 9.64 548.969 -99.7259 449.243 2.73119
4830 9.66 560.98 -111.769 449.21 2.79094
4840 9.68 564.114 -114.886 449.228 2.80654
4850 9.7 563.264 -114.034 449.23 2.80231
4860 9.72 562.011 -112.786 449.225 2.79608
4870 9.74 559.694 -110.456 449.238 2.78455
4880 9.76 563.475 -114.258 449.217 2.80336
4890 9.78 555.093 -105.874 449.219 2.76166
4900 9.8 548.078 -98.8272 449.25 2.72675
4910 9.82 567.761 -118.555 449.206 2.82468
4920 9.84 567.291 -118.067 449.224 2.82234
4930 9.86 554.112 -104.884 449.227 2.75677
4940 9.88 543.031 -93.8228 449.208 2.70165
4950 9.9 536.871 -87.6336 449.238 2.671
4960 9.92 552.667 -103.448 449.219 2.74959
4970 9.94 560.5 -111.29 449.21 2.78856
4980 9.96 555.826 -106.59 449.236 2.7653
4990 9.98 560.182 -110.953 449.229 2.78697
5000 10 568.315 -119.093 449.222 2.82744
5010 10.02 566.727 -117.504 449.223 2.81954
5020 10.04 556.176 -106.939 449.237 2.76704
5030 10.06 554.299 -105.061 449.238 2.75771
5040 10.08 563.251 -114.025 449.226 2.80224
5050 10.1 568.623 -119.399 449.224 2.82897
5060 10.12 563.966 -114.739 449.227 2.8058
5070 10.14 556.998 -107.767 449.231 2.77113
5080 10.16 553.846 -104.618 449.228 2.75545
5090 10.18 554.589 -105.354 449.236 2.75915
5100 10.2 566.156 -116.936 449.22 2.8167
5110 10.22 569.352 -120.136 449.216 2.8326
5120 10.24 558.746 -109.523 449.223 2.77983
5130 10.26 543.484 -94.2557 449.228 2.7039
5140 10.28 543.856 -94.649 449.208 2.70575
5150 10.3 550.12 -100.895 449.225 2.73692
5160 10.32 562.424 -113.199 449.224 2.79813
5170 10.34 572.986 -123.773 449.213 2.85068
5180 10.36 565.661 -116.446 449.215 2.81423
5190 10.38 561.107 -111.871 449.236 2.79158
5200 10.4 574.45 -125.235 449.216 2.85796
5210 10.42 572.772 -123.554 449.219 2.84961
5220 10.44 563.885 -114.645 449.24 2.8054
5230 10.46 569.131 -119.904 449.227 2.8315
5240 10.48 574.087 -124.864 449.222 2.85615
5250 10.5 574.014 -124.783 449.231 2.85579
5260 10.52 573.21 -123.991 449.219 2.85179
5270 10.54 563.042 -113.814 449.228 2.80121
5280 10.56 555.271 -106.037 449.234 2.76254
5290 10.58 559.656 -110.419 449.237 2.78436
5300 10.6 573.876 -124.672 449.204 2.85511
5310 10.62 563.012 -113.779 449.233 2.80106
5320 10.64 559.424 -110.194 449.23 2.7832
5330 10.66 566.662 -117.44 449.222 2.81922
5340 10.68 567.224 -117.994 449.229 2.82201
5350 10.7 566.922 -117.695 449.227 2.82051
5360 10.72 565.893 -116.658 449.235 2.81539
5370 10.74 573.027 -123.802 449.225 2.85088
5380 10.76 577.761 -128.541 449.221 2.87443
5390 10.78 566.413 -117.184 449.229 2.81797
5400 10.8 555.4 -106.158 449.242 2.76318
5410 10.82 559.802 -110.576 449.226 2.78508
5420 10.84 561.469 -112.247 449.221 2.79338
5430 10.86 554.951 -105.717 449.234 2.76095
5440 10.88 552.606 -103.387 449.219 2.74929
5450 10.9 551.999 -102.765 449.234 2.74626
5460 10.92 561.163 -111.946 449.217 2.79186
5470 10.94 556.728 -107.518 449.21 2.76979
5480 10.96 536.238 -86.9931 449.245 2.66785
5490 10.98 540.536 -91.3133 449.223 2.68923
5500 11 550.746 -101.525 449.221 2.74003
5510 11.02 557.087 -107.856 449.23 2.77158
5520 11.04 562.044 -112.835 449.209 2.79624
5530 11.06 544.995 -95.7647 449.231 2.71142
5540 11.08 537.325 -88.0881 449.237 2.67326
5550 11.1 551.112 -101.903 449.209 2.74185
5560 11.12 551.89 -102.657 449.233 2.74572
5570 11.14 554.429 -105.226 449.204 2.75836
5580 11.16 550.519 -101.277 449.242 2.7389
5590 11.18 560.938 -111.717 449.221 2.79073
5600 11.2 561.452 -112.223 449.228 2.79329
5610 11.22 560.714 -111.479 449.235 2.78962
5620 11.24 564.146 -114.919 449.227 2.8067
5630 11.26 564.483 -115.255 449.227 2.80837
5640 11.28 561.491 -112.258 449.233 2.79349
5650 11.3 556.841 -107.637 449.204 2.77035
5660 11.32 529.47 -80.2377 449.232 2.63418
5670 11.34 523.233 -73.9943 449.239 2.60315
5680 11.36 546.008 -96.8017 449.206 2.71646
5690 11.38 550.341 -101.13 449.21 2.73801
5700 11.4 543.813 -94.5635 449.249 2.70554
5710 11.42 557.811 -108.606 449.205 2.77518
5720 11.44 553.052 -103.824 449.228 2.7515
5730 11.46 548.357 -99.1265 449.231 2.72814
5740 11.48 552.159 -102.933 449.227 2.74706
5750 11.5 555.258 -106.03 449.228 2.76248
5760 11.52 561.204 -111.97 449.234 2.79206
5770 11.54 571.297 -122.076 449.221 2.84227
5780 11.56 568.421 -119.196 449.226 2.82797
5790 11.58 561.13 -111.896 449.234 2.79169
5800 11.6 558.646 -109.424 449.222 2.77933
5810 11.62 553.641 -104.398 449.243 2.75443
5820 11.64 563.951 -114.728 449.223 2.80573
5830 11.66 567.766 -118.554 449.212 2.82471
5840 11.68 555.104 -105.866 449.238 2.76171
5850 11.7 553.318 -104.107 449.21 2.75282
5860 11.72 545.114 -95.8834 449.231 2.71201
5870 11.74 545.864 -96.6417 449.222 2.71574
5880 11.76 555.086 -105.865 449.221 2.76162
5890 11.78 563.925 -114.699 449.226 2.8056
5900 11.8 566.365 -117.153 449.211 2.81773
5910 11.82 544.443 -95.2255 449.218 2.70867
5920 11.84 538.596 -89.386 449.21 2.67958
5930 11.86 548.338 -99.1186 449.219 2.72805
5940 11.88 551.424 -102.203 449.221 2.7434
5950 11.9 551.034 -101.81 449.225 2.74146
5960 11.92 554.595 -105.369 449.226 2.75918
5970 11.94 561.334 -112.139 449.195 2.79271
5980 11.96 539.061 -89.792 449.269 2.68189
5990 11.98 552.155 -102.967 449.188 2.74704
6000 12 547.802 -98.5589 449.243 2.72538
6010 12.02 558.417 -109.196 449.221 2.7782
6020 12.04 567.753 -118.525 449.228 2.82464
6030 12.06 568.57 -119.354 449.216 2.8287
6040 12.08 549.633 -100.407 449.226 2.73449
6050 12.1 545.864 -96.6253 449.239 2.71574
6060 12.12 564.884 -115.679 449.205 2.81037
6070 12.14 561.028 -111.815 449.213 2.79118
6080 12.16 548.68 -99.4486 449.231 2.72975
6090 12.18 550.842 -101.624 449.218 2.74051
6100 12.2 562.539 -113.321 449.218 2.7987
6110 12.22 565.035 -115.842 449.193 2.81112
6120 12.24 539.667 -90.4081 449.259 2.68491
6130 12.26 543.455 -94.2273 449.228 2.70376
6140 12.28 553.223 -104.025 449.199 2.75235
6150 12.3 536.488 -87.2716 449.216 2.66909
6160 12.32 523.832 -74.6082 449.223 2.60613
6170 12.34 547.552 -98.3502 449.202 2.72414
6180 12.36 562.03 -112.825 449.205 2.79617
6190 12.38 550.147 -100.919 449.228 2.73705
6200 12.4 544.064 -94.8729 449.191 2.70679
6210 12.42 530.783 -81.5407 449.243 2.64071
6220 12.44 557.747 -108.557 449.191 2.77486
6230 12.46 567.748 -118.527 449.221 2.82461
6240 12.48 562.018 -112.783 449.235 2.79611
6250 12.5 556.619 -107.408 449.211 2.76925
6260 12.52 541.328 -92.097 449.231 2.69318
6270 12.54 547.247 -98.0289 449.218 2.72262
6280 12.56 557.975 -108.757 449.218 2.77599
6290 12.58 556.934 -107.712 449.222 2.77082
6300 12.6 551.325 -102.094 449.231 2.74291
6310 12.62 549.616 -100.384 449.232 2.73441
6320 12.64 553.356 -104.139 449.217 2.75302
6330 12.66 548.003 -98.7817 449.221 2.72638
6340 12.68 547.166 -97.9392 449.227 2.72222
6350 12.7 558.316 -109.102 449.213 2.77769
6360 12.72 561.511 -112.278 449.233 2.79359
6370 12.74 571.672 -122.455 449.217 2.84414
6380 12.76 572.601 -123.372 449.229 2.84876
6390 12.78 574.064 -124.84 449.224 2.85604
6400 12.8 575.53 -126.308 449.222 2.86333
6410 12.82 569.155 -119.927 449.227 2.83161
6420 12.84 558.193 -108.971 449.222 2.77708
6430 12.86 551.89 -102.655 449.234 2.74572
6440 12.88 556.067 -106.858 449.209 2.7665
6450 12.9 554.732 -105.511 449.22 2.75986
6460 12.92 559.451 -110.216 449.235 2.78334
6470 12.94 573.46 -124.27 449.19 2.85303
6480 12.96 563.858 -114.629 449.229 2.80526
6490 12.98 557.647 -108.422 449.225 2.77436
6500 13 558.246 -109.031 449.215 2.77735
6510 13.02 552.157 -102.935 449.222 2.74705
6520 13.04 552.747 -103.508 449.239 2.74998
6530 13.06 576.203 -126.986 449.217 2.86668
6540 13.08 588.696 -139.476 449.219 2.92883
6550 13.1 582.375 -133.15 449.224 2.89739
6560 13.12 566.454 -117.221 449.233 2.81818
6570 13.14 559.607 -110.383 449.224 2.78411
6580 13.16 555.969 -106.746 449.223 2.76602
6590 13.18 553.787 -104.557 449.23 2.75516
6600 13.2 563.746 -114.52 449.226 2.80471
6610 13.22 575.9 -126.681 449.219 2.86518
6620 13.24 576.501 -127.275 449.225 2.86816
6630 13.26 571.273 -122.05 449.224 2.84216
6640 13.28 562.193 -112.974 449.218 2.79698
6650 13.3 557.777 -108.543 449.234 2.77501
6660 13.32 568.254 -119.044 449.21 2.82713
6670 13.34 560.022 -110.806 449.216 2.78618
6680 13.36 554.98 -105.755 449.225 2.7611
6690 13.38 566.058 -116.847 449.211 2.81621
6700 13.4 560.626 -111.407 449.219 2.78918
6710 13.42 553.997 -104.761 449.236 2.75621
6720 13.44 567.349 -118.131 449.218 2.82263
6730 13.46 572.617 -123.398 449.219 2.84884
6740 13.48 565.011 -115.775 449.237 2.811
6750 13.5 566.015 -116.789 449.226 2.81599
6760 13.52 566.839 -117.624 449.214 2.82009
6770 13.54 548.186 -98.9779 449.208 2.72729
6780 13.56 539.12 -89.8714 449.249 2.68219
6790 13.58 571.833 -122.635 449.198 2.84494
6800 13.6 573.912 -124.689 449.223 2.85528
6810 13.62 570.257 -121.031 449.225 2.8371
6820 13.64 568.43 -119.202 449.228 2.82801
6830 13.66 567.223 -117.989 449.234 2.82201
6840 13.68 574.768 -125.541 449.227 2.85954
6850 13.7 577.741 -128.512 449.229 2.87433
6860 13.72 576.57 -127.346 449.224 2.86851
6870 13.74 566.84 -117.62 449.22 2.8201
6880 13.76 548.422 -99.1973 449.224 2.72847
6890 13.78 531.81 -82.5936 449.217 2.64582
6900 13.8 525.361 -76.1312 449.23 2.61374
6910 13.82 546.974 -97.7524 449.221 2.72126
6920 13.84 574.798 -125.593 449.205 2.85969
6930 13.86 579.044 -129.82 449.224 2.88081
6940 13.88 571.89 -122.659 449.231 2.84522
6950 13.9 566.191 -116.961 449.23 2.81687
6960 13.92 562.73 -113.514 449.216 2.79965
6970 13.94 548.097 -98.8886 449.209 2.72685
6980 13.96 532.84 -83.5957 449.244 2.65094
6990 13.98 556.573 -107.358 449.215 2.76902
7000 14 581.347 -132.134 449.213 2.89228
7010 14.02 586.744 -137.517 449.227 2.91913
7020 14.04 582.787 -133.559 449.228 2.89944
7030 14.06 573.404 -124.172 449.231 2.85276
7040 14.08 564.12 -114.895 449.226 2.80657
7050 14.1 562.928 -113.69 449.238 2.80064
7060 14.12 572.487 -123.277 449.21 2.84819
7070 14.14 561.924 -112.696 449.228 2.79564
7080 14.16 554.303 -105.068 449.236 2.75773
7090 14.18 562.592 -113.377 449.215 2.79897
7100 14.2 566.992 -117.778 449.214 2.82085
7110 14.22 560.686 -111.452 449.234 2.78948
7120 14.24 564.917 -115.692 449.225 2.81053
7130 14.26 574.38 -125.16 449.219 2.85761
7140 14.28 574.294 -125.082 449.212 2.85718
7150 14.3 562.073 -112.823 449.251 2.79638
7160 14.32 579.423 -130.211 449.212 2.8827
7170 14.34 590.151 -140.95 449.201 2.93607
7180 14.36 568.419 -119.185 449.234 2.82796
7190 14.38 556.278 -107.056 449.221 2.76755
7200 14.4 554.292 -105.077 449.215 2.75767
7210 14.42 560.689 -111.462 449.227 2.7895
7220 14.44 577.016 -127.799 449.217 2.87073
7230 14.46 578.876 -129.651 449.225 2.87998
7240 14.48 576.05 -126.826 449.224 2.86592
7250 14.5 568.265 -119.048 449.217 2.82719
7260 14.52 560.059 -110.818 449.241 2.78636
7270 14.54 573.95 -124.738 449.212 2.85547
7280 14.56 577.768 -128.545 449.223 2.87447
7290 14.58 570.168 -120.954 449.215 2.83666
7300 14.6 557.758 -108.513 449.245 2.77492
7310 14.62 564.093 -114.902 449.191 2.80643
7320 14.64 548.026 -98.7873 449.239 2.7265
7330 14.66 554.43 -105.219 449.211 2.75836
7340 14.68 563.736 -114.511 449.225 2.80466
7350 14.7 568.226 -119.002 449.223 2.82699
7360 14.72 571.005 -121.782 449.223 2.84082
7370 14.74 570.273 -121.036 449.237 2.83718
7380 14.76 575.274 -126.045 449.23 2.86206
7390 14.78 580.779 -131.547 449.232 2.88945
7400 14.8 581.327 -132.11 449.216 2.89217
7410 14.82 559.681 -110.476 449.204 2.78448
7420 14.84 533.549 -84.2815 449.267 2.65447
7430 14.86 562.8 -113.602 449.198 2.8
7440 14.88 570.097 -120.893 449.204 2.8363
7450 14.9 557.494 -108.245 449.249 2.7736
7460 14.92 565.371 -116.154 449.217 2.81279
7470 14.94 563.773 -114.546 449.227 2.80484
7480 14.96 559.271 -110.048 449.223 2.78244
7490 14.98 557.937 -108.695 449.241 2.7758
7500 15 574.306 -125.098 449.208 2.85724
7510 15.02 572.203 -122.979 449.223 2.84678
7520 15.04 562.212 -112.987 449.225 2.79707
7530 15.06 561.731 -112.496 449.235 2.79468
7540 15.08 573.11 -123.903 449.207 2.8513
7550 15.1 565.204 -115.97 449.234 2.81196
7560 15.12 563.363 -114.129 449.234 2.8028
7570 15.14 571.345 -122.122 449.223 2.84251
7580 15.16 569.901 -120.685 449.216 2.83533
7590 15.18 553.453 -104.225 449.228 2.7535
7600 15.2 547.748 -98.5272 449.221 2.72511
7610 15.22 550.217 -100.985 449.232 2.7374
7620 15.24 563.572 -114.348 449.224 2.80384
7630 15.26 578.335 -129.122 449.213 2.87729
7640 15.28 571.569 -122.356 449.213 2.84363
7650 15.3 551.699 -102.472 449.226 2.74477
7660 15.32 543.808 -94.5846 449.224 2.70551
7670 15.34 545.048 -95.8345 449.214 2.71168
7680 15.36 540.639 -91.4207 449.218 2.68974
7690 15.38 543.225 -93.9979 449.227 2.70261
7700 15.4 561.12 -111.9 449.219 2.79164
7710 15.42 569.391 -120.178 449.212 2.83279
7720 15.44 560.827 -111.584 449.243 2.79018
7730 15.46 566.101 -116.892 449.209 2.81642
7740 15.48 555.561 -106.343 449.217 2.76398
7750 15.5 540.185 -90.9496 449.236 2.68749
7760 15.52 549.57 -100.348 449.222 2.73418
7770 15.54 559.788 -110.58 449.208 2.78502
7780 15.56 548.477 -99.2618 449.215 2.72874
7790 15.58 530.617 -81.3844 449.233 2.63989
7800 15.6 542.997 -93.7906 449.207 2.70148
7810 15.62 562.588 -113.371 449.217 2.79894
7820 15.64 570.043 -120.826 449.218 2.83604
7830 15.66 562.506 -113.27 449.236 2.79854
7840 15.68 561.354 -112.116 449.238 2.7928
7850 15.7 569.112 -119.883 449.229 2.8314
7860 15.72 572.365 -123.14 449.225 2.84759
7870 15.74 567.059 -117.821 449.238 2.82119
7880 15.76 565.916 -116.701 449.215 2.8155
7890 15.78 553.951 -104.713 449.238 2.75598
7900 15.8 563.345 -114.126 449.219 2.80271
7910 15.82 574.364 -125.157 449.207 2.85753
7920 15.84 555.553 -106.312 449.241 2.76394
7930 15.86 553.005 -103.788 449.217 2.75127
7940 15.88 555.416 -106.188 449.228 2.76326
7950 15.9 560.17 -110.946 449.224 2.78692
7960 15.92 560.896 -111.672 449.223 2.79053
7970 15.94 562.225 -113.012 449.212 2.79714
7980 15.96 563.632 -114.413 449.219 2.80414
7990 15.98 562.531 -113.302 449.23 2.79866
8000 16 568.09 -118.863 449.227 2.82632
8010 16.02 574.964 -125.75 449.214 2.86052
8020 16.04 566.705 -117.487 449.218 2.81943
8030 16.06 553.978 -104.741 449.237 2.75611
8040 16.08 558.236 -109.017 449.219 2.77729
8050 16.1 563.742 -114.525 449.216 2.80468
8060 16.12 557.092 -107.875 449.217 2.7716
8070 16.14 542.006 -92.7741 449.232 2.69655
8080 16.16 543.359 -94.1289 449.23 2.70328
8090 16.18 558.829 -109.614 449.214 2.78024
8100 16.2 568.21 -118.983 449.227 2.82692
8110 16.22 574.305 -125.081 449.225 2.85724
8120 16.24 572.874 -123.661 449.214 2.85012
8130 16.26 552.262 -103.042 449.22 2.74757
8140 16.28 537.872 -88.6728 449.199 2.67598
8150 16.3 534.663 -85.4219 449.242 2.66002
8160 16.32 557.113 -107.894 449.219 2.77171
8170 16.34 574.101 -124.877 449.224 2.85622
8180 16.36 581.059 -131.834 449.224 2.89084
8190 16.38 576.513 -127.291 449.222 2.86822
8200 16.4 561.276 -112.054 449.222 2.79242
8210 16.42 544.646 -95.4142 449.232 2.70968
8220 16.44 542.44 -93.2305 449.21 2.69871
8230 16.46 535.076 -85.8589 449.217 2.66207
8240 16.48 535.196 -85.9615 449.234 2.66267
8250 16.5 559.234 -110.026 449.209 2.78226
8260 16.52 568.735 -119.522 449.212 2.82953
8270 16.54 560.399 -111.173 449.226 2.78805
8280 16.56 556.824 -107.616 449.208 2.77027
8290 16.58 551.651 -102.414 449.237 2.74453
8300 16.6 559.642 -110.422 449.22 2.78429
8310 16.62 564.474 -115.248 449.226 2.80833
8320 16.64 561.809 -112.593 449.216 2.79507
8330 16.66 550.997 -101.754 449.244 2.74128
8340 16.68 559.642 -110.413 449.229 2.78429
8350 16.7 572.299 -123.092 449.207 2.84726
8360 16.72 552.066 -102.861 449.205 2.7466
8370 16.74 542.113 -92.9111 449.202 2.69708
8380 16.76 547.123 -97.9007 449.223 2.72201
8390 16.78 550.954 -101.742 449.212 2.74107
8400 16.8 545.236 -96.0011 449.235 2.71262
8410 16.82 547.604 -98.3813 449.222 2.7244
8420 16.84 550.439 -101.234 449.206 2.7385
8430 16.86 536.01 -86.7888 449.221 2.66672
8440 16.88 539.756 -90.5282 449.227 2.68535
8450 16.9 562.687 -113.489 449.198 2.79944
8460 16.92 562.558 -113.325 449.233 2.79879
8470 16.94 561.32 -112.108 449.212 2.79264
8480 16.96 547.976 -98.7278 449.248 2.72625
8490 16.98 559.691 -110.494 449.197 2.78453
8500 17 544.181 -94.9671 449.214 2.70737
8510 17.02 540.886 -91.6933 449.193 2.69098
8520 17.04 548.03 -98.8065 449.224 2.72652
8530 17.06 554.421 -105.197 449.224 2.75831
8540 17.08 557.555 -108.338 449.217 2.7739
8550 17.1 550.145 -100.915 449.23 2.73704
8560 17.12 546.326 -97.1112 449.214 2.71804
8570 17.14 545.178 -95.9555 449.223 2.71233
8580 17.16 550.183 -100.97 449.213 2.73723
8590 17.18 543.817 -94.6056 449.212 2.70556
8600 17.2 530.063 -80.8329 449.23 2.63713
8610 17.22 529.164 -79.9416 449.223 2.63266
8620 17.24 535.345 -86.1277 449.217 2.66341
8630 17.26 535.421 -86.2006 449.22 2.66378
8640 17.28 546.43 -97.1991 449.231 2.71856
8650 17.3 571.681 -122.472 449.208 2.84418
8660 17.32 568.969 -119.766 449.203 2.83069
8670 17.34 534.329 -85.0465 449.282 2.65835
8680 17.36 545.056 -95.8634 449.193 2.71172
8690 17.38 541.171 -91.9386 449.232 2.69239
8700 17.4 546.223 -97.0097 449.213 2.71753
8710 17.42 544.395 -95.1869 449.208 2.70843
8720 17.44 536.49 -87.2617 449.229 2.66911
8730 17.46 544.822 -95.592 449.23 2.71056
8740 17.48 560.468 -111.266 449.203 2.7884
8750 17.5 552.243 -103.035 449.208 2.74748
8760 17.52 532.261 -83.0238 449.238 2.64807
8770 17.54 537.938 -88.7177 449.22 2.67631
8780 17.56 548.23 -98.9997 449.23 2.72751
8790 17.58 563.1 -113.879 449.221 2.80149
8800 17.6 569.115 -119.891 449.224 2.83142
8810 17.62 564.528 -115.312 449.215 2.8086
8820 17.64 545.991 -96.7585 449.232 2.71637
8830 17.66 536.448 -87.2397 449.208 2.66889
8840 17.68 532.695 -83.4505 449.244 2.65022
8850 17.7 554.393 -105.181 449.212 2.75818
8860 17.72 564.067 -114.852 449.215 2.8063
8870 17.74 554.941 -105.709 449.232 2.7609
8880 17.76 550.949 -101.725 449.224 2.74104
8890 17.78 551.232 -101.995 449.237 2.74245
8900 17.8 559.838 -110.621 449.216 2.78526
8910 17.82 557.763 -108.538 449.225 2.77494
8920 17.84 551.607 -102.377 449.23 2.74431
8930 17.86 549.742 -100.518 449.225 2.73504
8940 17.88 553.55 -104.322 449.228 2.75398
8950 17.9 559.262 -110.053 449.21 2.7824
8960 17.92 551.304 -102.069 449.236 2.74281
8970 17.94 553.89 -104.667 449.222 2.75567
8980 17.96 557.535 -108.312 449.223 2.7738
8990 17.98 555.484 -106.273 449.211 2.7636
9000 18 541.074 -91.8419 449.232 2.69191
9010 18.02 545.396 -96.1726 449.224 2.71341
9020 18.04 555.247 -106.041 449.205 2.76242
9030 18.06 556.098 -106.891 449.207 2.76666
9040 18.08 558.344 -109.107 449.238 2.77783
9050 18.1 568.664 -119.451 449.213 2.82917
9060 18.12 564.984 -115.757 449.227 2.81086
9070 18.14 557.451 -108.229 449.222 2.77339
9080 18.16 547.749 -98.5308 449.218 2.72512
9090 18.18 542.218 -93.0078 449.21 2.6976
9100 18.2 533.889 -84.6576 449.231 2.65616
9110 18.22 537.731 -88.5142 449.216 2.67528
9120 18.24 548.613 -99.4123 449.2 2.72942
9130 18.26 546.56 -97.3236 449.236 2.7192
9140 18.28 556.748 -107.526 449.222 2.76989
9150 18.3 565.486 -116.269 449.217 2.81336
9160 18.32 560.846 -111.617 449.229 2.79028
9170 18.34 556.365 -107.133 449.232 2.76798
9180 18.36 557.482 -108.264 449.218 2.77354
9190 18.38 556.85 -107.624 449.226 2.7704
9200 18.4 555.003 -105.794 449.209 2.76121
9210 18.42 537.433 -88.2086 449.224 2.67379
9220 18.44 537.667 -88.4354 449.232 2.67496
9230 18.46 560.269 -111.05 449.219 2.78741
9240 18.48 572.413 -123.199 449.214 2.84782
9250 18.5 560.161 -110.957 449.204 2.78687
9260 18.52 534.351 -85.0969 449.254 2.65846
9270 18.54 545.452 -96.2344 449.218 2.71369
9280 18.56 554.954 -105.73 449.223 2.76096
9290 18.58 557.851 -108.623 449.228 2.77538
9300 18.6 559.582 -110.349 449.232 2.78399
9310 18.62 564.086 -114.872 449.214 2.8064
9320 18.64 555.402 -106.166 449.235 2.76319
9330 18.66 555.617 -106.394 449.223 2.76427
9340 18.68 559.845 -110.623 449.222 2.7853
9350 18.7 557.33 -108.138 449.192 2.77278
9360 18.72 537.917 -88.6519 449.265 2.6762
9370 18.74 558.83 -109.632 449.197 2.78025
9380 18.76 559.173 -109.961 449.212 2.78196
9390 18.78 546.846 -97.6014 449.244 2.72063
9400 18.8 559.081 -109.872 449.209 2.7815
9410 18.82 558.355 -109.147 449.208 2.77789
9420 18.84 544.904 -95.6504 449.253 2.71096
9430 18.86 561.489 -112.284 449.205 2.79348
9440 18.88 560.093 -110.872 449.221 2.78653
9450 18.9 553.486 -104.255 449.23 2.75366
9460 18.92 555.203 -105.988 449.215 2.7622
9470 18.94 548.537 -99.2945 449.243 2.72904
9480 18.96 558.283 -109.095 449.189 2.77753
9490 18.98 546.196 -96.978 449.218 2.7174
9500 19 535.782 -86.5505 449.232 2.66558
9510 19.02 547.127 -97.9284 449.199 2.72203
9520 19.04 543.255 -94.038 449.217 2.70276
9530 19.06 543.295 -94.0663 449.229 2.70296
9540 19.08 559.13 -109.913 449.217 2.78174
9550 19.1 569.448 -120.217 449.231 2.83307
9560 19.12 579.552 -130.34 449.212 2.88334
9570 19.14 569.15 -119.92 449.23 2.83159
9580 19.16 560.28 -111.052 449.228 2.78746
9590 19.18 557.862 -108.641 449.221 2.77543
9600 19.2 550.035 -100.819 449.216 2.73649
9610 19.22 543.794 -94.5635 449.231 2.70544
9620 19.24 552.151 -102.936 449.215 2.74702
9630 19.26 548.645 -99.4372 449.207 2.72958
9640 19.28 542.155 -92.9161 449.238 2.69729
9650 19.3 563.068 -113.855 449.214 2.80134
9660 19.32 571.178 -121.971 449.207 2.84168
9670 19.34 554.172 -104.923 449.249 2.75708
9680 19.36 562.598 -113.391 449.207 2.79899
9690 19.38 564.46 -115.225 449.235 2.80826
9700 19.4 568.093 -118.865 449.228 2.82633
9710 19.42 570.1 -120.878 449.222 2.83632
9720 19.44 558.427 -109.21 449.217 2.77824
9730 19.46 533.633 -84.398 449.235 2.65489
9740 19.48 538.41 -89.1807 449.229 2.67866
9750 19.5 570.745 -121.542 449.203 2.83953
9760 19.52 578.433 -129.215 449.218 2.87778
9770 19.54 569.107 -119.871 449.236 2.83138
9780 19.56 566.899 -117.676 449.223 2.82039
9790 19.58 562.106 -112.89 449.215 2.79655
9800 19.6 551.925 -102.689 449.236 2.74589
9810 19.62 557.969 -108.774 449.195 2.77596
9820 19.64 548.678 -99.4235 449.254 2.72974
9830 19.66 565.726 -116.531 449.195 2.81456
9840 19.68 564.236 -115.024 449.212 2.80714
9850 19.7 552.091 -102.861 449.231 2.74672
9860 19.72 563.066 -113.863 449.204 2.80132
9870 19.74 571.91 -122.696 449.215 2.84533
9880 19.76 571.456 -122.233 449.223 2.84307
9890 19.78 566.805 -117.601 449.204 2.81993
9900 19.8 553.043 -103.801 449.242 2.75146
9910 19.82 565.416 -116.199 449.216 2.81301
9920 19.84 572.987 -123.773 449.214 2.85068
9930 19.86 566.124 -116.915 449.209 2.81654
9940 19.88 558.332 -109.085 449.247 2.77777
9950 19.9 575.207 -125.992 449.215 2.86173
9960 19.92 582.29 -133.062 449.228 2.89697
9970 19.94 583.524 -134.297 449.227 2.9031
9980 19.96 575.436 -126.206 449.23 2.86286
9990 19.98 564.579 -115.348 449.231 2.80885
10000 20 558.306 -109.076 449.23 2.77764
