# step time Ekin Epot Etot T
0 0 473 -57.4971 415.503 2.365
10 0.02 521.481 -58.617 462.864 2.6074
20 0.04 518.49 -61.7223 456.768 2.59245
30 0.06 479.74 -66.7946 412.946 2.3987
40 0.08 512.163 -73.5491 438.614 2.56082
50 0.1 516.642 -77.7054 438.936 2.58321
60 0.12 476.736 -64.3397 412.397 2.38368
70 0.14 522.354 -61.0817 461.272 2.61177
80 0.16 520.498 -72.352 448.146 2.60249
90 0.18 467.563 -68.4804 399.083 2.33782
100 0.2 523.158 -71.9288 451.23 2.61579
110 0.22 522.467 -79.1198 443.347 2.61233
120 0.24 469.207 -78.4353 390.772 2.34604
130 0.26 511.986 -72.1833 439.802 2.55993
140 0.28 529.27 -66.8095 462.46 2.64635
150 0.3 490.617 -84.1396 406.478 2.45309
160 0.32 488.424 -91.8289 396.596 2.44212
170 0.34 521.354 -88.6285 432.725 2.60677
180 0.36 510.757 -96.3649 414.392 2.55378
190 0.38 487.737 -108.767 378.97 2.43869
200 0.4 507.879 -115.831 392.049 2.5394
210 0.42 508.591 -112.627 395.964 2.54296
220 0.44 495.044 -104.764 390.28 2.47522
230 0.46 513.244 -105.771 407.472 2.56622
240 0.48 507.755 -112.778 394.977 2.53878
250 0.5 481.06 -98.7616 382.298 2.4053
260 0.52 526.406 -95.8392 430.567 2.63203
270 0.54 511.544 -102.745 408.799 2.55772
280 0.56 467.452 -88.8678 378.584 2.33726
290 0.58 526.302 -75.0328 451.269 2.63151
300 0.6 533.674 -85.5818 448.092 2.66837
310 0.62 468.858 -105.415 363.443 2.34429
320 0.64 497.283 -110.644 386.638 2.48641
330 0.66 533.986 -107.131 426.855 2.66993
340 0.68 490.857 -107.338 383.518 2.45428
350 0.7 498.656 -124.928 373.728 2.49328
360 0.72 506.942 -121.371 385.571 2.53471
370 0.74 501.866 -110.649 391.217 2.50933
380 0.76 503.113 -98.0543 405.059 2.51557
390 0.78 516.644 -102.385 414.258 2.58322
400 0.8 495.404 -106.596 388.807 2.47702
410 0.82 493.234 -99.133 394.101 2.46617
420 0.84 524.922 -97.6313 427.291 2.62461
430 0.86 504.741 -109.379 395.362 2.52371
440 0.88 485.379 -119.428 365.951 2.4269
450 0.9 512.785 -120.716 392.069 2.56393
460 0.92 507.815 -113.601 394.214 2.53907
470 0.94 484.809 -92.4553 392.354 2.42405
480 0.96 522.868 -79.0122 443.856 2.61434
490 0.98 522.599 -94.4743 428.125 2.613
500 1 473.895 -108.247 365.649 2.36948
510 1.02 509.48 -118.042 391.438 2.5474
520 1.04 523.329 -124.214 399.115 2.61664
530 1.06 482.558 -126.887 355.671 2.41279
540 1.08 503.8 -128.047 375.753 2.519
550 1.1 520.929 -126.198 394.731 2.60464
560 1.12 487.874 -118.344 369.53 2.43937
570 1.14 506.508 -116.186 390.322 2.53254
580 1.16 520.756 -122.935 397.821 2.60378
590 1.18 476.638 -109.789 366.849 2.38319
600 1.2 499.96 -77.683 422.277 2.4998
610 1.22 556.756 -86.7073 470.048 2.78378
620 1.24 474.795 -108.087 366.708 2.37398
630 1.26 474.166 -114.27 359.896 2.37083
640 1.28 550.276 -116.906 433.37 2.75138
650 1.3 487.316 -110.967 376.35 2.43658
660 1.32 476.126 -98.9287 377.197 2.38063
670 1.34 553.567 -111.386 442.181 2.76784
680 1.36 480.397 -107.026 373.371 2.40199
690 1.38 482.647 -105.939 376.707 2.41323
700 1.4 542.648 -106.471 436.177 2.71324
710 1.42 494.236 -110.138 384.098 2.47118
720 1.44 484.329 -121.243 363.086 2.42164
730 1.46 522.541 -123.966 398.574 2.6127
740 1.48 500.735 -117.348 383.386 2.50367
750 1.5 489.578 -107.988 381.591 2.44789
760 1.52 523.788 -105.9 417.888 2.61894
770 1.54 508.572 -116.912 391.66 2.54286
780 1.56 480.57 -121.436 359.133 2.40285
790 1.58 510.922 -113.858 397.064 2.55461
800 1.6 519.745 -106.427 413.318 2.59873
810 1.62 488.454 -103.043 385.412 2.44227
820 1.64 503.812 -101.188 402.624 2.51906
830 1.66 515.767 -94.9878 420.78 2.57884
840 1.68 499.963 -95.9275 404.036 2.49982
850 1.7 507.221 -111.108 396.112 2.5361
860 1.72 503.036 -124.518 378.518 2.51518
870 1.74 494.996 -124.16 370.836 2.47498
880 1.76 514.671 -128.332 386.339 2.57335
890 1.78 500.164 -126.828 373.336 2.50082
900 1.8 495.133 -120.527 374.606 2.47567
910 1.82 511.954 -108.865 403.089 2.55977
920 1.84 513.431 -109.795 403.636 2.56716
930 1.86 497.007 -121.29 375.716 2.48503
940 1.88 498.808 -127.842 370.966 2.49404
950 1.9 506.527 -121.785 384.742 2.53263
960 1.92 505.428 -112.572 392.855 2.52714
970 1.94 506.913 -113.407 393.506 2.53456
980 1.96 500.175 -112.579 387.596 2.50087
990 1.98 503.427 -108.191 395.236 2.51713
1000 2 511.986 -111.293 400.693 2.55993
1010 2.02 499.026 -113.655 385.371 2.49513
1020 2.04 502.9 -119.761 383.139 2.5145
1030 2.06 496.318 -104.209 392.109 2.48159
1040 2.08 512.204 -88.1287 424.075 2.56102
1050 2.1 519.937 -99.6728 420.265 2.59969
1060 2.12 485.235 -109.573 375.662 2.42618
1070 2.14 502.531 -115.382 387.149 2.51265
1080 2.16 516.198 -111.467 404.731 2.58099
1090 2.18 501.987 -117.428 384.56 2.50994
1100 2.2 497.408 -127.001 370.407 2.48704
1110 2.22 498.17 -115.292 382.878 2.49085
1120 2.24 514.344 -100.632 413.711 2.57172
1130 2.26 511.332 -102.832 408.5 2.55666
1140 2.28 492.768 -109.886 382.882 2.46384
1150 2.3 507.8 -117.249 390.551 2.539
1160 2.32 511.593 -126.693 384.9 2.55796
1170 2.34 489.884 -126.87 363.013 2.44942
1180 2.36 507.142 -124.219 382.923 2.53571
1190 2.38 513.968 -121.251 392.716 2.56984
1200 2.4 492.711 -116.543 376.168 2.46355
1210 2.42 502.073 -107.493 394.58 2.51036
1220 2.44 518.021 -101.484 416.537 2.5901
1230 2.46 497.848 -101.348 396.5 2.48924
1240 2.48 493.218 -91.7856 401.433 2.46609
1250 2.5 530.754 -107.12 423.634 2.65377
1260 2.52 490.231 -117.215 373.016 2.45115
1270 2.54 487.479 -118.927 368.553 2.4374
1280 2.56 524.029 -112.897 411.132 2.62015
1290 2.58 509.757 -117.217 392.54 2.54879
1300 2.6 486.886 -126.609 360.277 2.43443
1310 2.62 508.731 -129.516 379.216 2.54366
1320 2.64 514.139 -130.857 383.283 2.5707
1330 2.66 488.382 -125.676 362.706 2.44191
1340 2.68 504.136 -114.372 389.764 2.52068
1350 2.7 519.807 -105.918 413.89 2.59904
1360 2.72 496.92 -105.246 391.673 2.4846
1370 2.74 501.653 -112.118 389.536 2.50827
1380 2.76 513.192 -120.941 392.25 2.56596
1390 2.78 494.141 -121.375 372.766 2.4707
1400 2.8 501.478 -117.266 384.212 2.50739
1410 2.82 515.554 -113.94 401.614 2.57777
1420 2.84 499.195 -113.553 385.642 2.49597
1430 2.86 497.762 -111.701 386.061 2.48881
1440 2.88 516.198 -114.558 401.64 2.58099
1450 2.9 494.567 -108.216 386.351 2.47284
1460 2.92 503.764 -103.913 399.851 2.51882
1470 2.94 523.719 -119.501 404.218 2.61859
1480 2.96 480.062 -119.521 360.541 2.40031
1490 2.98 500.881 -110.835 390.046 2.50441
1500 3 530.791 -107.284 423.507 2.65395
1510 3.02 486.664 -105.006 381.659 2.43332
1520 3.04 490.826 -96.0197 394.806 2.45413
1530 3.06 542.473 -107.066 435.408 2.71237
1540 3.08 482.473 -110.493 371.98 2.41237
1550 3.1 480.018 -100.28 379.737 2.40009
1560 3.12 552.243 -106.133 446.11 2.76121
1570 3.14 490.37 -118.708 371.663 2.45185
1580 3.16 468.747 -120.928 347.819 2.34374
1590 3.18 540.003 -117.697 422.306 2.70002
1600 3.2 507.181 -116.097 391.084 2.53591
1610 3.22 473.366 -117.268 356.097 2.36683
1620 3.24 524.858 -117.115 407.743 2.62429
1630 3.26 513.624 -116.937 396.687 2.56812
1640 3.28 473.081 -106.121 366.96 2.36541
1650 3.3 523.324 -100.333 422.991 2.61662
1660 3.32 519.161 -99.8546 419.306 2.5958
1670 3.34 470.698 -91.2482 379.449 2.35349
1680 3.36 525.49 -91.0447 434.446 2.62745
1690 3.38 528.306 -114.46 413.846 2.64153
1700 3.4 458.038 -121.7 336.338 2.29019
1710 3.42 509.463 -114.763 394.7 2.54731
1720 3.44 542.294 -109.275 433.02 2.71147
1730 3.46 480.677 -122.908 357.769 2.40338
1740 3.48 489.908 -134.932 354.976 2.44954
1750 3.5 526.981 -134.186 392.794 2.6349
1760 3.52 493.165 -125.015 368.15 2.46583
1770 3.54 490.832 -112.755 378.077 2.45416
1780 3.56 521.805 -95.0612 426.743 2.60902
1790 3.58 509.285 -90.5031 418.781 2.54642
1800 3.6 489.997 -93.773 396.224 2.44998
1810 3.62 512.267 -97.6238 414.644 2.56134
1820 3.64 516.873 -114.844 402.029 2.58437
1830 3.66 483.793 -123.947 359.846 2.41896
1840 3.68 504.216 -126.488 377.728 2.52108
1850 3.7 516.116 -119.111 397.005 2.58058
1860 3.72 498.581 -119.352 379.228 2.4929
1870 3.74 498.051 -117.713 380.339 2.49026
1880 3.76 516.208 -120.646 395.563 2.58104
1890 3.78 499.27 -121.626 377.644 2.49635
1900 3.8 501.146 -128.307 372.839 2.50573
1910 3.82 511.312 -136.057 375.256 2.55656
1920 3.84 493.489 -132.254 361.235 2.46745
1930 3.86 498.573 -114.063 384.51 2.49286
1940 3.88 528.682 -114.94 413.741 2.64341
1950 3.9 492.566 -120.98 371.586 2.46283
1960 3.92 486.097 -116.31 369.787 2.43049
1970 3.94 526.257 -108.223 418.034 2.63128
1980 3.96 505.536 -105.835 399.701 2.52768
1990 3.98 485.445 -103.881 381.564 2.42722
2000 4 513.929 -98.2923 415.637 2.56965
2010 4.02 520.021 -100.447 419.574 2.6001
2020 4.04 494.335 -122.652 371.683 2.47168
2030 4.06 483.939 -120.471 363.468 2.4197
2040 4.08 524.73 -113.01 411.72 2.62365
2050 4.1 514.279 -121.116 393.162 2.57139
2060 4.12 478.414 -126.336 352.078 2.39207
2070 4.14 508.188 -120.446 387.743 2.54094
2080 4.16 522.849 -113.456 409.393 2.61425
2090 4.18 489.685 -112.331 377.354 2.44842
2100 4.2 499.598 -111.395 388.203 2.49799
2110 4.22 518.242 -106.725 411.517 2.59121
2120 4.24 502.127 -109.997 392.13 2.51063
2130 4.26 498.424 -120.849 377.575 2.49212
2140 4.28 506.298 -124.933 381.366 2.53149
2150 4.3 503.633 -123.271 380.361 2.51816
2160 4.32 500.535 -117.672 382.863 2.50267
2170 4.34 509.933 -116.28 393.653 2.54966
2180 4.36 498.945 -108.605 390.339 2.49472
2190 4.38 498.32 -92.6768 405.643 2.4916
2200 4.4 526.351 -97.2506 429.1 2.63176
2210 4.42 496.916 -110.232 386.685 2.48458
2220 4.44 484.15 -112 372.151 2.42075
2230 4.46 519.426 -103.452 415.974 2.59713
2240 4.48 511.133 -96.3588 414.774 2.55567
2250 4.5 494.849 -105.072 389.777 2.47425
2260 4.52 507.563 -116.008 391.555 2.53781
2270 4.54 507.182 -124.219 382.963 2.53591
2280 4.56 492.289 -121.226 371.063 2.46145
2290 4.58 513.471 -122.069 391.401 2.56735
2300 4.6 510.864 -129.509 381.355 2.55432
2310 4.62 488.453 -132.558 355.894 2.44226
2320 4.64 504.369 -125.994 378.374 2.52184
2330 4.66 512.297 -110.044 402.253 2.56148
2340 4.68 506.507 -108.764 397.743 2.53253
2350 4.7 501.334 -116.69 384.644 2.50667
2360 4.72 496.276 -112.03 384.246 2.48138
2370 4.74 515.391 -109.798 405.594 2.57696
2380 4.76 495.188 -97.8886 397.299 2.47594
2390 4.78 510.063 -101.526 408.537 2.55031
2400 4.8 514.099 -112.956 401.143 2.5705
2410 4.82 489.604 -121.322 368.282 2.44802
2420 4.84 507.281 -130.623 376.658 2.5364
2430 4.86 504.984 -125.254 379.73 2.52492
2440 4.88 499.58 -116.886 382.694 2.4979
2450 4.9 514.884 -121.622 393.263 2.57442
2460 4.92 500.347 -126.943 373.404 2.50174
2470 4.94 496.384 -129.902 366.482 2.48192
2480 4.96 506.155 -121.329 384.826 2.53077
2490 4.98 507.353 -107.912 399.441 2.53676
2500 5 505.221 -105.303 399.918 2.52611
2510 5.02 504.932 -107.355 397.577 2.52466
2520 5.04 509.618 -121.287 388.332 2.54809
2530 5.06 494.171 -126.907 367.264 2.47085
2540 5.08 499.967 -120.798 379.169 2.49984
2550 5.1 513.198 -109.585 403.613 2.56599
2560 5.12 508.257 -110.104 398.153 2.54129
2570 5.14 500.476 -122.736 377.741 2.50238
2580 5.16 498.759 -126.602 372.157 2.49379
2590 5.18 509.921 -129.277 380.644 2.5496
2600 5.2 498.441 -121.564 376.877 2.4922
2610 5.22 505.156 -116.864 388.292 2.52578
2620 5.24 508.696 -114.059 394.637 2.54348
2630 5.26 498.611 -104.886 393.725 2.49306
2640 5.28 512.674 -107.254 405.42 2.56337
2650 5.3 504.225 -115.121 389.104 2.52113
2660 5.32 492.868 -115.229 377.64 2.46434
2670 5.34 511.809 -114.9 396.909 2.55905
2680 5.36 501.259 -102.027 399.232 2.50629
2690 5.38 508.474 -105.56 402.914 2.54237
2700 5.4 503.717 -107.351 396.367 2.51859
2710 5.42 501.881 -112.066 389.815 2.5094
2720 5.44 499.901 -106.054 393.847 2.4995
2730 5.46 509.309 -99.2832 410.025 2.54654
2740 5.48 509.208 -101.028 408.179 2.54604
2750 5.5 501.139 -111.235 389.905 2.5057
2760 5.52 502.662 -121.997 380.665 2.51331
2770 5.54 503.348 -125.795 377.554 2.51674
2780 5.56 499.263 -118.407 380.856 2.49632
2790 5.58 505.959 -107.149 398.811 2.5298
2800 5.6 505.724 -92.753 412.971 2.52862
2810 5.62 506.6 -87.5535 419.047 2.533
2820 5.64 504.407 -86.6697 417.737 2.52204
2830 5.66 505.781 -91.8244 413.956 2.5289
2840 5.68 506.235 -102.642 403.593 2.53118
2850 5.7 501.251 -113.916 387.335 2.50626
2860 5.72 496.932 -112.71 384.221 2.48466
2870 5.74 508.153 -104.611 403.542 2.54077
2880 5.76 508.4 -98.8205 409.58 2.542
2890 5.78 497.42 -93.4326 403.987 2.4871
2900 5.8 506.552 -85.7052 420.847 2.53276
2910 5.82 529.069 -117.651 411.417 2.64534
2920 5.84 472.8 -130.769 342.031 2.364
2930 5.86 489.666 -116.046 373.62 2.44833
2940 5.88 549.678 -111.572 438.105 2.74839
2950 5.9 485.792 -118.229 367.563 2.42896
2960 5.92 475.714 -116.425 359.289 2.37857
2970 5.94 545.261 -120.049 425.212 2.72631
2980 5.96 493.662 -119.973 373.689 2.46831
2990 5.98 474.123 -113.929 360.194 2.37062
3000 6 537.892 -109.76 428.132 2.68946
3010 6.02 501.328 -102.501 398.827 2.50664
3020 6.04 484.77 -104.762 380.008 2.42385
3030 6.06 531.195 -123.613 407.582 2.65598
3040 6.08 492.105 -130.378 361.727 2.46052
3050 6.1 479.362 -120.189 359.173 2.39681
3060 6.12 527.579 -97.3622 430.217 2.6379
3070 6.14 523.786 -103.043 420.743 2.61893
3080 6.16 479.312 -125.607 353.705 2.39656
3090 6.18 500.091 -136.197 363.894 2.50046
3100 6.2 523.89 -140.051 383.839 2.61945
3110 6.22 483.735 -131.24 352.496 2.41868
3120 6.24 499.896 -115.73 384.167 2.49948
3130 6.26 529.075 -107.474 421.601 2.64538
3140 6.28 485.603 -91.6214 393.982 2.42802
3150 6.3 512.153 -102.824 409.329 2.56077
3160 6.32 508.383 -104.043 404.339 2.54191
3170 6.34 497.473 -112.027 385.447 2.48737
3180 6.36 506.803 -119.127 387.677 2.53402
3190 6.38 508.154 -127.469 380.685 2.54077
3200 6.4 497.655 -133.768 363.887 2.48827
3210 6.42 503.685 -136.932 366.753 2.51842
3220 6.44 502.39 -128.158 374.231 2.51195
3230 6.46 498.494 -107.123 391.371 2.49247
3240 6.48 519.996 -100.143 419.854 2.59998
3250 6.5 506.525 -110.751 395.774 2.53262
3260 6.52 484.012 -112.154 371.858 2.42006
3270 6.54 519.287 -116.677 402.611 2.59644
3280 6.56 509.22 -120.788 388.432 2.5461
3290 6.58 478.955 -111.819 367.136 2.39478
3300 6.6 516.6 -96.9241 419.676 2.583
3310 6.62 524.466 -95.8973 428.569 2.62233
3320 6.64 482.173 -100.738 381.435 2.41087
3330 6.66 507.981 -113.286 394.695 2.5399
3340 6.68 514.944 -118.029 396.915 2.57472
3350 6.7 488.767 -115.691 373.076 2.44383
3360 6.72 510.665 -120.695 389.97 2.55332
3370 6.74 509.932 -121.145 388.787 2.54966
3380 6.76 493.135 -120.02 373.115 2.46567
3390 6.78 508.748 -120.328 388.419 2.54374
3400 6.8 506.932 -115.878 391.054 2.53466
3410 6.82 493.406 -103.829 389.577 2.46703
3420 6.84 513.588 -95.9956 417.592 2.56794
3430 6.86 516.845 -106.478 410.368 2.58423
3440 6.88 488.878 -120.366 368.513 2.44439
3450 6.9 501.361 -127.917 373.444 2.5068
3460 6.92 513.203 -125.914 387.289 2.56602
3470 6.94 495.514 -117.25 378.264 2.47757
3480 6.96 504.506 -110.976 393.53 2.52253
3490 6.98 514.576 -109.52 405.056 2.57288
3500 7 494.983 -103.112 391.872 2.47492
3510 7.02 507.445 -112.269 395.175 2.53722
3520 7.04 495.826 -96.3677 399.458 2.47913
3530 7.06 519.077 -100.771 418.306 2.59538
3540 7.08 499.506 -103.07 396.435 2.49753
3550 7.1 496.4 -109.076 387.324 2.482
3560 7.12 512.362 -110.014 402.348 2.56181
3570 7.14 505.989 -114.466 391.523 2.52994
3580 7.16 489.662 -110.162 379.5 2.44831
3590 7.18 511.456 -98.7633 412.692 2.55728
3600 7.2 522.795 -109.396 413.399 2.61397
3610 7.22 483.71 -119.875 363.835 2.41855
3620 7.24 498.521 -121.45 377.071 2.49261
3630 7.26 518.806 -110.814 407.991 2.59403
3640 7.28 496.357 -99.0344 397.323 2.48179
3650 7.3 501.618 -92.5615 409.056 2.50809
3660 7.32 521.903 -99.9612 421.942 2.60952
3670 7.34 495.772 -112.953 382.819 2.47886
3680 7.36 493.311 -121.482 371.829 2.46655
3690 7.38 514.513 -122.76 391.753 2.57256
3700 7.4 495.512 -106.213 389.3 2.47756
3710 7.42 511.448 -108.534 402.914 2.55724
3720 7.44 509.104 -115.73 393.374 2.54552
3730 7.46 490.727 -116.596 374.13 2.45363
3740 7.48 508.077 -114.541 393.537 2.54039
3750 7.5 516.282 -115.779 400.503 2.58141
3760 7.52 495.555 -124.556 370.999 2.47777
3770 7.54 493.978 -122.983 370.995 2.46989
3780 7.56 513.713 -112.016 401.698 2.56857
3790 7.58 508.692 -105.402 403.291 2.54346
3800 7.6 500.164 -111.87 388.294 2.50082
3810 7.62 502.901 -116.529 386.372 2.51451
3820 7.64 504.209 -114.773 389.436 2.52104
3830 7.66 504.766 -110.902 393.864 2.52383
3840 7.68 509.942 -118.925 391.017 2.54971
3850 7.7 495.093 -118.445 376.647 2.47546
3860 7.72 508.215 -122.438 385.777 2.54107
3870 7.74 499.766 -111.81 387.956 2.49883
3880 7.76 509.705 -107.17 402.534 2.54852
3890 7.78 515.66 -126.001 389.659 2.5783
3900 7.8 476.554 -120.853 355.701 2.38277
3910 7.82 512.176 -110.815 401.361 2.56088
3920 7.84 522.636 -100.398 422.238 2.61318
3930 7.86 492.121 -105.496 386.625 2.4606
3940 7.88 503.467 -119.243 384.225 2.51734
3950 7.9 508.392 -122.81 385.582 2.54196
3960 7.92 496.351 -117.706 378.645 2.48175
3970 7.94 503.927 -109.025 394.901 2.51963
3980 7.96 513.946 -103.451 410.495 2.56973
3990 7.98 504.558 -111.187 393.371 2.52279
4000 8 494.656 -117.112 377.544 2.47328
4010 8.02 507.263 -116.624 390.639 2.53631
4020 8.04 509.749 -115.708 394.041 2.54874
4030 8.06 499.157 -118.389 380.768 2.49579
4040 8.08 502.391 -118.939 383.452 2.51195
4050 8.1 508.942 -118.672 390.27 2.54471
4060 8.12 497.948 -111.049 386.899 2.48974
4070 8.14 510.053 -112.266 397.787 2.55026
4080 8.16 504.107 -110.054 394.053 2.52054
4090 8.18 500.793 -115.089 385.704 2.50397
4100 8.2 498.484 -105.093 393.391 2.49242
4110 8.22 515.219 -101.039 414.18 2.5761
4120 8.24 506.051 -107.274 398.777 2.53026
4130 8.26 495.471 -115.453 380.018 2.47736
4140 8.28 505.765 -118.648 387.117 2.52883
4150 8.3 504.308 -111.373 392.935 2.52154
4160 8.32 509.645 -114.443 395.202 2.54823
4170 8.34 502.014 -121.943 380.071 2.51007
4180 8.36 495.265 -119.062 376.203 2.47632
4190 8.38 516.433 -123.436 392.998 2.58217
4200 8.4 493.657 -112.886 380.771 2.46828
4210 8.42 501.993 -101.542 400.451 2.50996
4220 8.44 530.462 -119.261 411.201 2.65231
4230 8.46 476.391 -120.051 356.34 2.38195
4240 8.48 505.111 -122.714 382.396 2.52555
4250 8.5 529.021 -128.829 400.191 2.6451
4260 8.52 476.319 -122.335 353.984 2.38159
4270 8.54 508.849 -122.559 386.289 2.54424
4280 8.56 525.192 -124.164 401.029 2.62596
4290 8.58 481.229 -121.709 359.52 2.40614
4300 8.6 500.841 -114.571 386.27 2.50421
4310 8.62 529.273 -110.128 419.144 2.64636
4320 8.64 494.448 -117.592 376.856 2.47224
4330 8.66 490.259 -123.861 366.398 2.45129
4340 8.68 523.274 -130.354 392.921 2.61637
4350 8.7 497.258 -131.446 365.812 2.48629
4360 8.72 483.485 -116.897 366.588 2.41743
4370 8.74 530.174 -106.849 423.325 2.65087
4380 8.76 509.152 -112.114 397.038 2.54576
4390 8.78 473.633 -107.256 366.377 2.36816
4400 8.8 532.842 -118.65 414.192 2.66421
4410 8.82 503.604 -122.82 380.784 2.51802
4420 8.84 474.639 -117.168 357.471 2.37319
4430 8.86 534.163 -122.705 411.458 2.67081
4440 8.88 504.843 -126.647 378.196 2.52421
4450 8.9 472.5 -120.978 351.523 2.3625
4460 8.92 528.639 -115.794 412.846 2.6432
4470 8.94 517.481 -119.469 398.012 2.5874
4480 8.96 475.762 -126.725 349.036 2.37881
4490 8.98 513.987 -132.765 381.222 2.56993
4500 9 517.286 -133.348 383.939 2.58643
4510 9.02 483.026 -129.73 353.296 2.41513
4520 9.04 511.853 -129.705 382.147 2.55926
4530 9.06 515.783 -129.601 386.181 2.57891
4540 9.08 483.086 -120.115 362.971 2.41543
4550 9.1 510.364 -109.986 400.378 2.55182
4560 9.12 526.562 -115.978 410.584 2.63281
4570 9.14 475.175 -109.435 365.74 2.37587
4580 9.16 513.93 -113.614 400.316 2.56965
4590 9.18 528.903 -130.155 398.748 2.64452
4600 9.2 471.738 -138.523 333.216 2.35869
4610 9.22 500.066 -134.309 365.758 2.50033
4620 9.24 530.559 -121.754 408.805 2.65279
4630 9.26 490.667 -115.524 375.143 2.45333
4640 9.28 497.028 -116.451 380.577 2.48514
4650 9.3 520.475 -116.111 404.364 2.60238
4660 9.32 497.515 -115.301 382.214 2.48757
4670 9.34 499.136 -120.493 378.643 2.49568
4680 9.36 511.203 -121.337 389.866 2.55601
4690 9.38 503.576 -122.741 380.835 2.51788
4700 9.4 502.023 -129.957 372.066 2.51012
4710 9.42 502.784 -131.184 371.601 2.51392
4720 9.44 503.439 -126.721 376.718 2.51719
4730 9.46 505.214 -121.012 384.202 2.52607
4740 9.48 503.897 -115.359 388.538 2.51949
4750 9.5 504.737 -109.349 395.387 2.52368
4760 9.52 509.5 -114.899 394.602 2.5475
4770 9.54 494.169 -111.132 383.037 2.47085
4780 9.56 509.037 -109.269 399.768 2.54518
4790 9.58 515.418 -118.706 396.712 2.57709
4800 9.6 486.988 -120.694 366.294 2.43494
4810 9.62 507.569 -121.382 386.187 2.53785
4820 9.64 519.494 -128.332 391.162 2.59747
4830 9.66 483.78 -126.421 357.359 2.4189
4840 9.68 499.467 -112.597 386.87 2.49734
4850 9.7 530.114 -104.519 425.595 2.65057
4860 9.72 501.558 -120.624 380.933 2.50779
4870 9.74 483.087 -133.228 349.859 2.41543
4880 9.76 512.344 -129.917 382.427 2.56172
4890 9.78 509.517 -116.507 393.01 2.54758
4900 9.8 500.049 -114.561 385.487 2.50024
4910 9.82 503.524 -112.059 391.465 2.51762
4920 9.84 508.123 -109.568 398.555 2.54061
4930 9.86 504.674 -111.841 392.833 2.52337
4940 9.88 501.93 -116.589 385.341 2.50965
4950 9.9 502.719 -116.799 385.919 2.51359
4960 9.92 505.096 -113.321 391.775 2.52548
4970 9.94 505.491 -111.58 393.911 2.52746
4980 9.96 496.98 -101.445 395.535 2.4849
4990 9.98 512.932 -96.8247 416.107 2.56466
5000 10 507.579 -99.543 408.036 2.5379
5010 10.02 498.112 -106.797 391.315 2.49056
5020 10.04 510.749 -123.064 387.685 2.55375
5030 10.06 489.753 -116.168 373.586 2.44877
5040 10.08 500.684 -94.9903 405.693 2.50342
5050 10.1 530.781 -89.9101 440.871 2.6539
5060 10.12 495.856 -103.318 392.538 2.47928
5070 10.14 475.583 -94.5519 381.031 2.37791
5080 10.16 543.393 -103.458 439.935 2.71697
5090 10.18 496.203 -108.689 387.514 2.48101
5100 10.2 468.759 -99.3783 369.381 2.34379
5110 10.22 549.209 -108.313 440.896 2.74605
5120 10.24 499.176 -116.862 382.314 2.49588
5130 10.26 467.064 -119.607 347.457 2.33532
5140 10.28 534.539 -119.168 415.372 2.6727
5150 10.3 509.214 -112.315 396.9 2.54607
5160 10.32 478.129 -112.456 365.672 2.39064
5170 10.34 520.15 -114.142 406.008 2.60075
5180 10.36 506.887 -102.135 404.752 2.53443
5190 10.38 492.294 -97.1703 395.124 2.46147
5200 10.4 516.558 -101.537 415.021 2.58279
5210 10.42 502.856 -101.553 401.302 2.51428
5220 10.44 494.628 -101.829 392.798 2.47314
5230 10.46 517.171 -109.195 407.976 2.58585
5240 10.48 500.266 -114.755 385.511 2.50133
5250 10.5 481.334 -96.0155 385.318 2.40667
5260 10.52 537.447 -98.4034 439.043 2.68723
5270 10.54 496.074 -96.5784 399.495 2.48037
5280 10.56 472.974 -81.2184 391.755 2.36487
5290 10.58 553.173 -95.1409 458.032 2.76586
5300 10.6 492.912 -107.217 385.695 2.46456
5310 10.62 460.334 -100.993 359.341 2.30167
5320 10.64 544.324 -89.0845 455.24 2.72162
5330 10.66 517.593 -83.1596 434.434 2.58797
5340 10.68 477.754 -116.379 361.374 2.38877
5350 10.7 501.312 -129.497 371.815 2.50656
5360 10.72 522.3 -132.515 389.785 2.6115
5370 10.74 486.997 -127.009 359.988 2.43499
5380 10.76 501.129 -120.023 381.106 2.50565
5390 10.78 524.915 -117.916 406.998 2.62457
5400 10.8 493.801 -121.675 372.127 2.46901
5410 10.82 494.317 -124.142 370.175 2.47158
5420 10.84 518.265 -123.559 394.706 2.59133
5430 10.86 499.467 -118.236 381.231 2.49733
5440 10.88 498.97 -118.193 380.777 2.49485
5450 10.9 516.338 -124.448 391.89 2.58169
5460 10.92 498.236 -129.397 368.839 2.49118
5470 10.94 493.607 -126.503 367.104 2.46804
5480 10.96 521.825 -130.531 391.294 2.60913
5490 10.98 494.941 -127.39 367.552 2.47471
5500 11 487.036 -109.712 377.324 2.43518
5510 11.02 531.106 -99.3739 431.732 2.65553
5520 11.04 509.179 -108.601 400.577 2.54589
5530 11.06 480.496 -121.515 358.981 2.40248
5540 11.08 512.781 -126.136 386.645 2.56391
5550 11.1 512.584 -122.218 390.365 2.56292
5560 11.12 494.34 -124.894 369.446 2.4717
5570 11.14 504.836 -128.265 376.571 2.52418
5580 11.16 507.263 -122.815 384.448 2.53632
5590 11.18 504.769 -124.272 380.497 2.52385
5600 11.2 503.129 -127.406 375.723 2.51565
5610 11.22 506.238 -134.55 371.688 2.53119
5620 11.24 497.301 -131.168 366.132 2.4865
5630 11.26 504.975 -124.067 380.908 2.52487
5640 11.28 506.746 -111.245 395.501 2.53373
5650 11.3 511.814 -116.505 395.309 2.55907
5660 11.32 497.541 -122.998 374.543 2.4877
5670 11.34 496.214 -119.592 376.622 2.48107
5680 11.36 514.083 -112.009 402.075 2.57042
5690 11.38 505.039 -108.727 396.311 2.52519
5700 11.4 498.329 -108.38 389.949 2.49164
5710 11.42 510.113 -112.112 398.001 2.55056
5720 11.44 497.099 -102.96 394.139 2.4855
5730 11.46 517.904 -115.797 402.106 2.58952
5740 11.48 497.432 -123.879 373.553 2.48716
5750 11.5 492.505 -123.543 368.962 2.46252
5760 11.52 521.236 -127.288 393.948 2.60618
5770 11.54 495.66 -123.346 372.314 2.4783
5780 11.56 487.813 -105.972 381.841 2.43907
5790 11.58 529.281 -94.8584 434.422 2.6464
5800 11.6 507.637 -100.537 407.1 2.53818
5810 11.62 476.387 -98.5947 377.792 2.38193
5820 11.64 529.881 -104.79 425.092 2.64941
5830 11.66 512.125 -121.742 390.383 2.56063
5840 11.68 474.016 -136.435 337.58 2.37008
5850 11.7 512.474 -137.668 374.806 2.56237
5860 11.72 514.578 -124.658 389.919 2.57289
5870 11.74 490.481 -114.128 376.353 2.4524
5880 11.76 512.82 -114.444 398.377 2.5641
5890 11.78 507.257 -112.107 395.15 2.53628
5900 11.8 491.365 -103.375 387.989 2.45682
5910 11.82 522.615 -113.769 408.846 2.61308
5920 11.84 500.537 -123.489 377.048 2.50268
5930 11.86 487.104 -126.073 361.031 2.43552
5940 11.88 518.109 -125.056 393.053 2.59055
5950 11.9 502.917 -116.022 386.895 2.51458
5960 11.92 493.478 -107.85 385.628 2.46739
5970 11.94 510.262 -93.1839 417.078 2.55131
5980 11.96 518.856 -96.3502 422.505 2.59428
5990 11.98 490.454 -104.722 385.732 2.45227
6000 12 500.342 -106.553 393.789 2.50171
6010 12.02 521.878 -115.38 406.498 2.60939
6020 12.04 481.925 -104.891 377.033 2.40962
6030 12.06 506.581 -92.8979 413.684 2.53291
6040 12.08 530.277 -97.4142 432.863 2.65139
6050 12.1 481.759 -102.28 379.48 2.4088
6060 12.12 497.237 -103.531 393.706 2.48618
6070 12.14 531.532 -108.342 423.19 2.65766
6080 12.16 487.245 -112.319 374.926 2.43623
6090 12.18 483.139 -98.0529 385.086 2.4157
6100 12.2 537.639 -87.6819 449.957 2.68819
6110 12.22 509.331 -101.369 407.962 2.54666
6120 12.24 473.421 -113.434 359.987 2.3671
6130 12.26 517.565 -117.261 400.305 2.58783
6140 12.28 518.856 -120.135 398.721 2.59428
6150 12.3 476.888 -114.547 362.341 2.38444
6160 12.32 517.373 -115.922 401.45 2.58686
6170 12.34 520.089 -122.825 397.263 2.60044
6180 12.36 473.313 -118.153 355.16 2.36657
6190 12.38 505.511 -99.9329 405.578 2.52756
6200 12.4 535.803 -88.6243 447.179 2.67902
6210 12.42 486.285 -89.62 396.665 2.43142
6220 12.44 500.288 -105.492 394.796 2.50144
6230 12.46 519.974 -118.66 401.314 2.59987
6240 12.48 483.952 -113.821 370.13 2.41976
6250 12.5 502.116 -101.201 400.915 2.51058
6260 12.52 537.106 -111.755 425.351 2.68553
6270 12.54 482.954 -127.204 355.75 2.41477
6280 12.56 483.734 -127.187 356.548 2.41867
6290 12.58 536.555 -124.523 412.033 2.68278
6300 12.6 499.272 -126.702 372.57 2.49636
6310 12.62 481.309 -130.008 351.302 2.40655
6320 12.64 522.161 -126.614 395.546 2.6108
6330 12.66 508.876 -122.886 385.99 2.54438
6340 12.68 484.1 -115.717 368.382 2.4205
6350 12.7 524.442 -124.094 400.348 2.62221
6360 12.72 504.445 -129.79 374.654 2.52222
6370 12.74 485.584 -133.761 351.824 2.42792
6380 12.76 514.164 -131.005 383.159 2.57082
6390 12.78 506.292 -119.196 387.096 2.53146
6400 12.8 493.67 -105.458 388.212 2.46835
6410 12.82 522.618 -112.14 410.478 2.61309
6420 12.84 497.304 -115.963 381.341 2.48652
6430 12.86 488.243 -111.175 377.068 2.44121
6440 12.88 525.339 -109.578 415.761 2.62669
6450 12.9 510.4 -124.099 386.301 2.552
6460 12.92 478.959 -133.919 345.04 2.39479
6470 12.94 509.588 -129.781 379.808 2.54794
6480 12.96 519.054 -121.677 397.377 2.59527
6490 12.98 488.614 -114.897 373.717 2.44307
6500 13 506.195 -111.246 394.948 2.53097
6510 13.02 525.506 -123.935 401.57 2.62753
6520 13.04 486.208 -136.983 349.225 2.43104
6530 13.06 492.589 -137.915 354.674 2.46294
6540 13.08 523.761 -131.255 392.506 2.6188
6550 13.1 497.116 -121.83 375.285 2.48558
6560 13.12 498.34 -120.577 377.762 2.4917
6570 13.14 518.663 -125.857 392.806 2.59331
6580 13.16 494.096 -125.157 368.939 2.47048
6590 13.18 495.425 -117.653 377.772 2.47712
6600 13.2 518.286 -107.811 410.476 2.59143
6610 13.22 501.332 -98.5396 402.792 2.50666
6620 13.24 502.87 -104.02 398.849 2.51435
6630 13.26 513.136 -116.043 397.093 2.56568
6640 13.28 496.893 -127.577 369.316 2.48447
6650 13.3 485.665 -112.13 373.535 2.42832
6660 13.32 534.548 -113.1 421.448 2.67274
6670 13.34 499.022 -118.411 380.611 2.49511
6680 13.36 475.565 -111.438 364.127 2.37783
6690 13.38 535.73 -113.678 422.051 2.67865
6700 13.4 508.714 -119.323 389.39 2.54357
6710 13.42 479.152 -133.753 345.399 2.39576
6720 13.44 512.682 -137.75 374.932 2.56341
6730 13.46 511.606 -130.844 380.761 2.55803
6740 13.48 490.246 -119.907 370.34 2.45123
6750 13.5 515.273 -121.12 394.153 2.57637
6760 13.52 504.285 -116.272 388.013 2.52142
6770 13.54 501.168 -123.186 377.982 2.50584
6780 13.56 498.362 -116.871 381.491 2.49181
6790 13.58 505.235 -98.7312 406.503 2.52617
6800 13.6 526.39 -115.347 411.044 2.63195
6810 13.62 479.222 -117.644 361.578 2.39611
6820 13.64 504.254 -118.692 385.563 2.52127
6830 13.66 532.246 -134.877 397.37 2.66123
6840 13.68 471.31 -132.049 339.26 2.35655
6850 13.7 497.609 -116.995 380.614 2.48805
6860 13.72 542.713 -108.67 434.043 2.71357
6870 13.74 486.245 -111.242 375.003 2.43123
6880 13.76 491.246 -123.144 368.103 2.45623
6890 13.78 522.383 -122.396 399.988 2.61192
6900 13.8 499.069 -121.136 377.933 2.49534
6910 13.82 489.115 -113.295 375.821 2.44558
6920 13.84 523.019 -109.302 413.717 2.61509
6930 13.86 504.463 -109.363 395.1 2.52231
6940 13.88 485.543 -105.088 380.454 2.42771
6950 13.9 524.265 -109.338 414.927 2.62133
6960 13.92 506.591 -118.301 388.29 2.53295
6970 13.94 481.246 -119.949 361.297 2.40623
6980 13.96 519.344 -121.072 398.272 2.59672
6990 13.98 509.823 -118.648 391.174 2.54911
7000 14 484.65 -113.146 371.505 2.42325
7010 14.02 512.787 -104.066 408.721 2.56394
7020 14.04 519.257 -103.807 415.45 2.59628
7030 14.06 485.19 -102.769 382.421 2.42595
7040 14.08 510.519 -108.556 401.962 2.55259
7050 14.1 518.815 -120.35 398.465 2.59407
7060 14.12 481.952 -123.533 358.419 2.40976
7070 14.14 502.315 -115.607 386.708 2.51157
7080 14.16 528.199 -113.572 414.627 2.64099
7090 14.18 490.605 -117.047 373.558 2.45303
7100 14.2 496.728 -124.429 372.298 2.48364
7110 14.22 514.198 -120.185 394.013 2.57099
7120 14.24 497.014 -106.702 390.312 2.48507
7130 14.26 507.318 -101.864 405.454 2.53659
7140 14.28 519.934 -116.862 403.071 2.59967
7150 14.3 489.286 -132.373 356.914 2.44643
7160 14.32 489.608 -127.641 361.966 2.44804
7170 14.34 521.683 -111.524 410.16 2.60842
7180 14.36 510.305 -107.796 402.508 2.55152
7190 14.38 489.99 -110.362 379.628 2.44995
7200 14.4 512.99 -120.165 392.825 2.56495
7210 14.42 504.262 -121.01 383.252 2.52131
7220 14.44 496.626 -122.738 373.887 2.48313
7230 14.46 504.441 -115.137 389.304 2.5222
7240 14.48 507.022 -101.805 405.216 2.53511
7250 14.5 516.654 -114.454 402.2 2.58327
7260 14.52 491.745 -124.656 367.089 2.45872
7270 14.54 495.375 -122.425 372.95 2.47688
7280 14.56 517.901 -113.872 404.029 2.5895
7290 14.58 497.678 -99.1787 398.5 2.48839
7300 14.6 508.229 -100.111 408.118 2.54115
7310 14.62 514.384 -115.7 398.684 2.57192
7320 14.64 484.231 -115.651 368.58 2.42115
7330 14.66 512.334 -118.87 393.464 2.56167
7340 14.68 518.906 -129.314 389.592 2.59453
7350 14.7 481.676 -132.25 349.426 2.40838
7360 14.72 502.263 -124.772 377.491 2.51131
7370 14.74 525.212 -116.452 408.76 2.62606
7380 14.76 495.819 -119.594 376.224 2.47909
7390 14.78 491.736 -120.325 371.41 2.45868
7400 14.8 520.469 -120.457 400.012 2.60235
7410 14.82 497.866 -113.764 384.102 2.48933
7420 14.84 495.86 -106.837 389.022 2.4793
7430 14.86 527.758 -120.234 407.525 2.63879
7440 14.88 488.772 -126.446 362.326 2.44386
7450 14.9 491.647 -125.261 366.386 2.45823
7460 14.92 526.217 -122.788 403.429 2.63109
7470 14.94 496.495 -118.482 378.013 2.48247
7480 14.96 487.521 -109.05 378.472 2.43761
7490 14.98 518.683 -89.4177 429.266 2.59342
7500 15 516.749 -82.4648 434.284 2.58375
7510 15.02 499.49 -108.902 390.588 2.49745
7520 15.04 488.09 -118.523 369.567 2.44045
7530 15.06 512.975 -116.644 396.33 2.56487
7540 15.08 512.178 -116.096 396.082 2.56089
7550 15.1 490.162 -115.716 374.445 2.45081
7560 15.12 502.953 -106.351 396.603 2.51477
7570 15.14 520.569 -102.263 418.307 2.60285
7580 15.16 495.299 -103.096 392.203 2.4765
7590 15.18 494.19 -99.5711 394.618 2.47095
7600 15.2 513.569 -85.1056 428.464 2.56785
7610 15.22 516.975 -91.0823 425.893 2.58488
7620 15.24 490.742 -101.714 389.028 2.45371
7630 15.26 503.305 -113.503 389.802 2.51652
7640 15.28 505.196 -106.435 398.76 2.52598
7650 15.3 501.982 -96.8547 405.128 2.50991
7660 15.32 512.356 -97.7251 414.63 2.56178
7670 15.34 505.682 -109.428 396.254 2.52841
7680 15.36 486.319 -105.671 380.648 2.43159
7690 15.38 515.449 -96.28 419.169 2.57725
7700 15.4 519.424 -104.246 415.178 2.59712
7710 15.42 474.462 -98.229 376.233 2.37231
7720 15.44 523.979 -107.559 416.42 2.6199
7730 15.46 516.821 -122.13 394.691 2.58411
7740 15.48 467.06 -119.986 347.074 2.3353
7750 15.5 509.266 -97.7526 411.513 2.54633
7760 15.52 545.525 -95.2265 450.299 2.72763
7770 15.54 478.69 -111.71 366.98 2.39345
7780 15.56 484.279 -120.285 363.994 2.42139
7790 15.58 530.598 -111.601 418.996 2.65299
7800 15.6 502.079 -104.86 397.219 2.51039
7810 15.62 490.127 -109.584 380.543 2.45063
7820 15.64 512.024 -106.087 405.937 2.56012
7830 15.66 504.595 -94.5086 410.086 2.52297
7840 15.68 504.737 -96.7383 407.999 2.52369
7850 15.7 510.429 -107.171 403.258 2.55215
7860 15.72 492.623 -108.034 384.588 2.46311
7870 15.74 507.807 -108.469 399.338 2.53903
7880 15.76 514.116 -113.776 400.34 2.57058
7890 15.78 487.202 -108.117 379.085 2.43601
7900 15.8 519.203 -120.44 398.762 2.59601
7910 15.82 503.213 -126.114 377.099 2.51606
7920 15.84 483.653 -118.607 365.046 2.41826
7930 15.86 516.927 -104.511 412.416 2.58464
7940 15.88 515.487 -94.9714 420.515 2.57743
7950 15.9 488.467 -94.6031 393.864 2.44233
7960 15.92 510.304 -96.6656 413.638 2.55152
7970 15.94 522.785 -119.187 403.599 2.61393
7980 15.96 466.805 -110.805 355.999 2.33402
7990 15.98 524.758 -115.783 408.975 2.62379
8000 16 512.77 -108.247 404.522 2.56385
8010 16.02 477.444 -94.5649 382.879 2.38722
8020 16.04 535.072 -110.175 424.897 2.67536
8030 16.06 487.118 -101.33 385.788 2.43559
8040 16.08 498.638 -97.7353 400.902 2.49319
8050 16.1 539.185 -118.315 420.87 2.69593
8060 16.12 473.755 -127.341 346.414 2.36878
8070 16.14 491.563 -125.115 366.449 2.45782
8080 16.16 541.08 -126.337 414.743 2.7054
8090 16.18 481.796 -119.229 362.567 2.40898
8100 16.2 494.15 -118.938 375.212 2.47075
8110 16.22 529.915 -116.076 413.84 2.64958
8120 16.24 488.088 -106.354 381.733 2.44044
8130 16.26 495.649 -96.5535 399.096 2.47825
8140 16.28 534.764 -107.789 426.975 2.67382
8150 16.3 483.715 -112.308 371.407 2.41858
8160 16.32 493.518 -114.766 378.752 2.46759
8170 16.34 530.514 -118.841 411.673 2.65257
8180 16.36 492.523 -123.153 369.37 2.46262
8190 16.38 485.091 -118.51 366.581 2.42545
8200 16.4 533.78 -116.274 417.506 2.6689
8210 16.42 502.073 -124.808 377.265 2.51037
8220 16.44 464.22 -107.313 356.907 2.3211
8230 16.46 543.299 -96.6761 446.623 2.71649
8240 16.48 522.476 -115.228 407.248 2.61238
8250 16.5 448.791 -116.95 331.841 2.24395
8260 16.52 531.864 -120.578 411.287 2.65932
8270 16.54 529.699 -125.232 404.468 2.6485
8280 16.56 457.116 -121.686 335.43 2.28558
8290 16.58 520.708 -122.941 397.766 2.60354
8300 16.6 525.079 -112.73 412.349 2.6254
8310 16.62 475.593 -105.676 369.917 2.37796
8320 16.64 513.9 -108.127 405.773 2.5695
8330 16.66 521.702 -109.726 411.975 2.60851
8340 16.68 483.914 -114.795 369.119 2.41957
8350 16.7 503.001 -116.252 386.749 2.515
8360 16.72 523.506 -119.81 403.696 2.61753
8370 16.74 486.575 -117.847 368.728 2.43287
8380 16.76 499.228 -112.14 387.089 2.49614
8390 16.78 525.925 -110.492 415.434 2.62963
8400 16.8 495.571 -116.547 379.024 2.47785
8410 16.82 492.557 -121.447 371.11 2.46279
8420 16.84 518.062 -123.452 394.61 2.59031
8430 16.86 502.998 -124.744 378.254 2.51499
8440 16.88 491.149 -122.72 368.43 2.45575
8450 16.9 517.439 -122.16 395.279 2.5872
8460 16.92 506.614 -126.324 380.29 2.53307
8470 16.94 479.522 -111.331 368.191 2.39761
8480 16.96 523.322 -100.478 422.844 2.61661
8490 16.98 514.091 -93.2199 420.871 2.57046
8500 17 491.765 -105.295 386.47 2.45883
8510 17.02 505.022 -115.651 389.37 2.52511
8520 17.04 506.881 -114.898 391.983 2.53441
8530 17.06 495.05 -103.826 391.225 2.47525
8540 17.08 514.675 -101.305 413.37 2.57338
8550 17.1 511.498 -112.053 399.445 2.55749
8560 17.12 485.314 -114.879 370.435 2.42657
8570 17.14 511.458 -116.02 395.438 2.55729
8580 17.16 511.938 -113.997 397.941 2.55969
8590 17.18 488.083 -104.602 383.481 2.44042
8600 17.2 516.186 -106.047 410.139 2.58093
8610 17.22 508.205 -106.903 401.302 2.54103
8620 17.24 488.966 -103.826 385.14 2.44483
8630 17.26 515.184 -105.291 409.894 2.57592
8640 17.28 507.112 -104.462 402.65 2.53556
8650 17.3 491.051 -101.316 389.735 2.45526
8660 17.32 516.713 -105.276 411.438 2.58357
8670 17.34 507.073 -112.38 394.693 2.53536
8680 17.36 483.666 -107.306 376.36 2.41833
8690 17.38 516.258 -98.2679 417.99 2.58129
8700 17.4 525.256 -113.325 411.931 2.62628
8710 17.42 471.652 -116.511 355.141 2.35826
8720 17.44 505.589 -111.026 394.563 2.52795
8730 17.46 532.985 -108.779 424.206 2.66492
8740 17.48 484.115 -111.842 372.274 2.42058
8750 17.5 496.366 -116.41 379.956 2.48183
8760 17.52 527.29 -121.276 406.013 2.63645
8770 17.54 489.379 -120.676 368.703 2.44689
8780 17.56 487.062 -106.293 380.769 2.43531
8790 17.58 535.182 -97.123 438.059 2.67591
8800 17.6 508.048 -113.081 394.967 2.54024
8810 17.62 471.212 -120.766 350.446 2.35606
8820 17.64 519.272 -117.948 401.324 2.59636
8830 17.66 519.034 -111.786 407.248 2.59517
8840 17.68 487.978 -119.609 368.37 2.43989
8850 17.7 506.132 -129.671 376.461 2.53066
8860 17.72 510.248 -130.896 379.352 2.55124
8870 17.74 491.859 -121.954 369.905 2.4593
8880 17.76 510.897 -115.812 395.085 2.55448
8890 17.78 514.301 -118.7 395.601 2.57151
8900 17.8 488.58 -118.015 370.565 2.4429
8910 17.82 507.708 -117.225 390.483 2.53854
8920 17.84 512.199 -112.947 399.252 2.56099
8930 17.86 493.603 -104.465 389.138 2.46802
8940 17.88 516.291 -115.122 401.169 2.58145
8950 17.9 501.472 -121.437 380.036 2.50736
8960 17.92 495.162 -126.257 368.905 2.47581
8970 17.94 511.878 -128.91 382.968 2.55939
8980 17.96 502.034 -125.012 377.022 2.51017
8990 17.98 502.004 -125.391 376.613 2.51002
9000 18 508.56 -127.557 381.002 2.5428
9010 18.02 494.276 -116.879 377.397 2.47138
9020 18.04 507.447 -102.67 404.776 2.53723
9030 18.06 522.243 -110.055 412.188 2.61121
9040 18.08 487.812 -117.631 370.181 2.43906
9050 18.1 498.097 -119.708 378.388 2.49048
9060 18.12 518.678 -114.488 404.19 2.59339
9070 18.14 501.521 -115.381 386.14 2.50761
9080 18.16 491.666 -113.197 378.469 2.45833
9090 18.18 511.241 -100.959 410.282 2.5562
9100 18.2 520.579 -109.772 410.808 2.6029
9110 18.22 480.577 -107.785 372.792 2.40288
9120 18.24 514.186 -118.249 395.937 2.57093
9130 18.26 510.873 -118.388 392.485 2.55437
9140 18.28 486.819 -112.385 374.434 2.43409
9150 18.3 515.955 -114.298 401.657 2.57978
9160 18.32 507.855 -111.016 396.839 2.53928
9170 18.34 494.049 -113.534 380.515 2.47024
9180 18.36 504.899 -109.345 395.554 2.5245
9190 18.38 504.116 -91.5799 412.536 2.52058
9200 18.4 520.13 -101.449 418.681 2.60065
9210 18.42 496.957 -118.037 378.92 2.48478
9220 18.44 488.118 -121.071 367.047 2.44059
9230 18.46 520.804 -121.174 399.63 2.60402
9240 18.48 501.941 -117.527 384.414 2.5097
9250 18.5 482.649 -100.943 381.706 2.41325
9260 18.52 541.508 -103.834 437.674 2.70754
9270 18.54 504.246 -126.18 378.067 2.52123
9280 18.56 454.107 -119.114 334.993 2.27053
9290 18.58 536.845 -102.247 434.598 2.68423
9300 18.6 533.211 -104.213 428.999 2.66606
9310 18.62 459.368 -114.748 344.62 2.29684
9320 18.64 504.278 -110.419 393.859 2.52139
9330 18.66 544.574 -107.247 437.328 2.72287
9340 18.68 479.351 -117.418 361.933 2.39676
9350 18.7 485.266 -119.963 365.303 2.42633
9360 18.72 537.871 -118.987 418.884 2.68936
9370 18.74 493.021 -115.978 377.043 2.46511
9380 18.76 486.208 -117.268 368.94 2.43104
9390 18.78 523.386 -110.281 413.104 2.61693
9400 18.8 511.482 -115.639 395.844 2.55741
9410 18.82 485.978 -126.185 359.793 2.42989
9420 18.84 507.308 -129.555 377.753 2.53654
9430 18.86 511.705 -123.452 388.254 2.55853
9440 18.88 493.093 -114.658 378.434 2.46546
9450 18.9 504.823 -101.484 403.339 2.52412
9460 18.92 524.126 -106.827 417.298 2.62063
9470 18.94 492.389 -119.459 372.93 2.46194
9480 18.96 490.387 -122.412 367.974 2.45193
9490 18.98 517.786 -112.228 405.558 2.58893
9500 19 513.508 -118.175 395.334 2.56754
9510 19.02 475.837 -107.992 367.845 2.37918
9520 19.04 525.32 -109.793 415.528 2.6266
9530 19.06 510.206 -107.681 402.525 2.55103
9540 19.08 472.257 -90.3844 381.872 2.36128
9550 19.1 538.787 -97.6416 441.145 2.69393
9560 19.12 500.791 -93.6316 407.159 2.50395
9570 19.14 487.228 -124.236 362.992 2.43614
9580 19.16 498.226 -117.369 380.858 2.49113
9590 19.18 532.065 -126.861 405.203 2.66032
9600 19.2 480.335 -124.338 355.996 2.40167
9610 19.22 491.18 -108.443 382.737 2.4559
9620 19.24 544.209 -108.948 435.261 2.72105
9630 19.26 483.908 -106.999 376.909 2.41954
9640 19.28 490.965 -114.394 376.571 2.45483
9650 19.3 527.912 -114.805 413.108 2.63956
9660 19.32 496.932 -116.525 380.407 2.48466
9670 19.34 486.644 -113.083 373.561 2.43322
9680 19.36 524.775 -109.666 415.109 2.62388
9690 19.38 506.2 -112.703 393.497 2.531
9700 19.4 484.713 -114.257 370.457 2.42357
9710 19.42 519.734 -119.343 400.392 2.59867
9720 19.44 508.452 -124.446 384.006 2.54226
9730 19.46 485.371 -125.624 359.747 2.42685
9740 19.48 511.902 -121.939 389.964 2.55951
9750 19.5 513.674 -116.983 396.691 2.56837
9760 19.52 489.146 -110.125 379.021 2.44573
9770 19.54 509.37 -105.567 403.803 2.54685
9780 19.56 516.416 -106.39 410.025 2.58208
9790 19.58 491.089 -109.269 381.82 2.45545
9800 19.6 501.041 -106.972 394.069 2.50521
9810 19.62 514.037 -97.539 416.498 2.57019
9820 19.64 509.189 -109.022 400.167 2.54594
9830 19.66 489.508 -113.499 376.008 2.44754
9840 19.68 513.022 -121.983 391.039 2.56511
9850 19.7 502.479 -117.753 384.725 2.51239
9860 19.72 499.994 -117.08 382.914 2.49997
9870 19.74 511.313 -119.805 391.508 2.55656
9880 19.76 501.142 -121.637 379.505 2.50571
9890 19.78 496.463 -116.448 380.015 2.48232
9900 19.8 514.665 -113.624 401.041 2.57333
9910 19.82 508.928 -121.836 387.092 2.54464
9920 19.84 488.993 -125.942 363.05 2.44496
9930 19.86 502.947 -115.794 387.153 2.51473
9940 19.88 514.741 -99.3247 415.416 2.57371
9950 19.9 506.781 -98.1997 408.581 2.5339
9960 19.92 503.648 -114.619 389.029 2.51824
9970 19.94 499.323 -125.879 373.444 2.49662
9980 19.96 502.991 -128.462 374.529 2.51495
9990 19.98 508.394 -129.627 378.767 2.54197
10000 20 501.53 -130.587 370.942 2.50765
