# step time Ekin Epot Etot T
0 0 502.019 -57.4912 444.528 2.5101
10 0.02 504.197 -58.6153 445.582 2.52099
20 0.04 504.204 -61.6384 442.566 2.52102
30 0.06 504.204 -66.6126 437.591 2.52102
40 0.08 504.2 -72.9096 431.29 2.521
50 0.1 504.199 -77.2222 426.977 2.521
60 0.12 504.211 -84.0846 420.126 2.52105
70 0.14 504.176 -94.0681 410.108 2.52088
80 0.16 504.17 -83.0254 421.144 2.52085
90 0.18 504.207 -51.1282 453.078 2.52103
100 0.2 504.217 -26.168 478.049 2.52109
110 0.22 504.215 -36.4847 467.731 2.52108
120 0.24 504.176 -62.2283 441.948 2.52088
130 0.26 504.189 -79.7147 424.474 2.52094
140 0.28 504.196 -94.7215 409.474 2.52098
150 0.3 504.165 -101.482 402.683 2.52082
160 0.32 504.25 -82.0917 422.158 2.52125
170 0.34 504.171 -94.7044 409.467 2.52086
180 0.36 504.176 -108.714 395.462 2.52088
190 0.38 504.181 -102.679 401.502 2.5209
200 0.4 504.211 -85.889 418.322 2.52105
210 0.42 504.209 -86.3952 417.814 2.52105
220 0.44 504.175 -100.853 403.322 2.52087
230 0.46 504.192 -101.038 403.154 2.52096
240 0.48 504.191 -97.896 406.295 2.52096
250 0.5 504.231 -93.4756 410.755 2.52115
260 0.52 504.189 -105.812 398.377 2.52094
270 0.54 504.181 -114.441 389.74 2.52091
280 0.56 504.2 -110.358 393.841 2.521
290 0.58 504.21 -106.107 398.102 2.52105
300 0.6 504.201 -109.682 394.519 2.521
310 0.62 504.192 -116.156 388.036 2.52096
320 0.64 504.193 -117.67 386.523 2.52096
330 0.66 504.183 -111.138 393.046 2.52092
340 0.68 504.21 -96.2132 407.996 2.52105
350 0.7 504.209 -90.5946 413.614 2.52104
360 0.72 504.193 -93.4393 410.753 2.52096
370 0.74 504.179 -93.9923 410.186 2.52089
380 0.76 504.237 -90.5058 413.732 2.52119
390 0.78 504.179 -105.63 398.549 2.52089
400 0.8 504.199 -112.232 391.968 2.521
410 0.82 504.199 -117.854 386.345 2.521
420 0.84 504.178 -120.516 383.662 2.52089
430 0.86 504.166 -104.796 399.37 2.52083
440 0.88 504.322 -74.9032 429.419 2.52161
450 0.9 504.149 -101.977 402.172 2.52074
460 0.92 504.193 -110.213 393.979 2.52096
470 0.94 504.2 -110.889 393.312 2.521
480 0.96 504.172 -110.1 394.072 2.52086
490 0.98 504.212 -89.7675 414.445 2.52106
500 1 504.218 -85.4948 418.723 2.52109
510 1.02 504.182 -98.3775 405.804 2.52091
520 1.04 504.19 -98.8015 405.388 2.52095
530 1.06 504.209 -94.0571 410.152 2.52105
540 1.08 504.198 -96.1981 408 2.52099
550 1.1 504.199 -99.2921 404.907 2.52099
560 1.12 504.195 -103.639 400.556 2.52097
570 1.14 504.188 -103.972 400.216 2.52094
580 1.16 504.207 -98.2638 405.943 2.52103
590 1.18 504.203 -102.09 402.114 2.52102
600 1.2 504.199 -110.824 393.375 2.521
610 1.22 504.182 -114.858 389.323 2.52091
620 1.24 504.21 -108.41 395.8 2.52105
630 1.26 504.205 -109.382 394.823 2.52103
640 1.28 504.192 -114.359 389.834 2.52096
650 1.3 504.188 -112.946 391.242 2.52094
660 1.32 504.214 -108.194 396.021 2.52107
670 1.34 504.179 -109.923 394.255 2.52089
680 1.36 504.248 -95.2407 409.007 2.52124
690 1.38 504.121 -114.719 389.402 2.52061
700 1.4 504.208 -112.205 392.004 2.52104
710 1.42 504.209 -113.767 390.443 2.52105
720 1.44 504.189 -121.028 383.161 2.52095
730 1.46 504.194 -120.662 383.532 2.52097
740 1.48 504.191 -116.01 388.18 2.52095
750 1.5 504.192 -102.401 401.791 2.52096
760 1.52 504.223 -93.368 410.855 2.52112
770 1.54 504.176 -97.9944 406.181 2.52088
780 1.56 504.206 -92.639 411.567 2.52103
790 1.58 504.21 -93.7353 410.475 2.52105
800 1.6 504.189 -104.869 399.32 2.52094
810 1.62 504.182 -110.456 393.725 2.52091
820 1.64 504.181 -101.792 402.39 2.52091
830 1.66 504.225 -83.6072 420.618 2.52113
840 1.68 504.209 -87.6574 416.552 2.52105
850 1.7 504.191 -103.123 401.067 2.52095
860 1.72 504.182 -111.437 392.745 2.52091
870 1.74 504.203 -108.831 395.372 2.52101
880 1.76 504.204 -108.753 395.451 2.52102
890 1.78 504.19 -111.699 392.492 2.52095
900 1.8 504.203 -109.935 394.267 2.52101
910 1.82 504.19 -108.001 396.189 2.52095
920 1.84 504.208 -100.998 403.21 2.52104
930 1.86 504.206 -100.995 403.211 2.52103
940 1.88 504.187 -104.7 399.487 2.52093
950 1.9 504.21 -111.79 392.42 2.52105
960 1.92 504.184 -124.618 379.566 2.52092
970 1.94 504.19 -123.356 380.834 2.52095
980 1.96 504.21 -113.993 390.216 2.52105
990 1.98 504.191 -109.477 394.714 2.52095
1000 2 504.206 -102.575 401.63 2.52103
1010 2.02 504.212 -101.662 402.55 2.52106
1020 2.04 504.181 -107.644 396.538 2.52091
1030 2.06 504.2 -101.406 402.794 2.521
1040 2.08 504.204 -97.6076 406.596 2.52102
1050 2.1 504.195 -101.611 402.585 2.52098
1060 2.12 504.186 -98.3589 405.827 2.52093
1070 2.14 504.176 -98.3449 405.831 2.52088
1080 2.16 504.224 -98.0801 406.144 2.52112
1090 2.18 504.181 -107.116 397.065 2.52091
1100 2.2 504.19 -107.353 396.838 2.52095
1110 2.22 504.207 -100.819 403.388 2.52104
1120 2.24 504.219 -103.05 401.168 2.52109
1130 2.26 504.185 -117.762 386.423 2.52092
1140 2.28 504.184 -121.769 382.415 2.52092
1150 2.3 504.201 -114.576 389.625 2.52101
1160 2.32 504.211 -110.801 393.41 2.52106
1170 2.34 504.201 -114.449 389.752 2.52101
1180 2.36 504.196 -119.831 384.365 2.52098
1190 2.38 504.186 -121.898 382.287 2.52093
1200 2.4 504.195 -113.765 390.43 2.52097
1210 2.42 504.212 -100.995 403.217 2.52106
1220 2.44 504.191 -100.554 403.637 2.52096
1230 2.46 504.178 -96.8486 407.329 2.52089
1240 2.48 504.216 -80.3128 423.903 2.52108
1250 2.5 504.219 -86.1766 418.042 2.5211
1260 2.52 504.184 -108.094 396.089 2.52092
1270 2.54 504.19 -118.179 386.011 2.52095
1280 2.56 504.203 -123.267 380.936 2.52101
1290 2.58 504.183 -126.85 377.333 2.52092
1300 2.6 504.205 -124.269 379.936 2.52103
1310 2.62 504.201 -123.919 380.283 2.52101
1320 2.64 504.202 -124.873 379.329 2.52101
1330 2.66 504.184 -126.34 377.843 2.52092
1340 2.68 504.225 -119.306 384.919 2.52113
1350 2.7 504.182 -122.584 381.599 2.52091
1360 2.72 504.209 -119.466 384.743 2.52105
1370 2.74 504.189 -118.062 386.127 2.52094
1380 2.76 504.21 -114.242 389.968 2.52105
1390 2.78 504.205 -117.521 386.683 2.52102
1400 2.8 504.187 -123.064 381.123 2.52093
1410 2.82 504.194 -119.632 384.562 2.52097
1420 2.84 504.215 -111.68 392.535 2.52107
1430 2.86 504.181 -118.837 385.344 2.5209
1440 2.88 504.184 -117.563 386.621 2.52092
1450 2.9 504.211 -106.008 398.204 2.52106
1460 2.92 504.194 -105.151 399.043 2.52097
1470 2.94 504.201 -108.311 395.89 2.52101
1480 2.96 504.172 -109.415 394.757 2.52086
1490 2.98 504.23 -102.095 402.135 2.52115
1500 3 504.182 -108.189 395.994 2.52091
1510 3.02 504.219 -110.46 393.759 2.52109
1520 3.04 504.186 -125.41 378.776 2.52093
1530 3.06 504.179 -131.675 372.504 2.5209
1540 3.08 504.195 -119.804 384.391 2.52098
1550 3.1 504.223 -111.937 392.286 2.52112
1560 3.12 504.185 -121.206 382.98 2.52093
1570 3.14 504.188 -120.579 383.61 2.52094
1580 3.16 504.225 -115.352 388.873 2.52113
1590 3.18 504.186 -125.336 378.85 2.52093
1600 3.2 504.184 -127.453 376.731 2.52092
1610 3.22 504.191 -116.396 387.795 2.52096
1620 3.24 504.221 -102.236 401.985 2.52111
1630 3.26 504.197 -104.084 400.114 2.52099
1640 3.28 504.186 -106.793 397.393 2.52093
1650 3.3 504.202 -102.902 401.3 2.52101
1660 3.32 504.204 -102.098 402.106 2.52102
1670 3.34 504.158 -102.556 401.601 2.52079
1680 3.36 504.382 -85.9409 418.441 2.52191
1690 3.38 504.149 -121.196 382.953 2.52074
1700 3.4 504.192 -124.956 379.236 2.52096
1710 3.42 504.202 -121.23 382.973 2.52101
1720 3.44 504.2 -119.47 384.73 2.521
1730 3.46 504.194 -118.612 385.582 2.52097
1740 3.48 504.172 -109.089 395.083 2.52086
1750 3.5 504.242 -92.8396 411.402 2.52121
1760 3.52 504.204 -104.096 400.109 2.52102
1770 3.54 504.18 -120.789 383.391 2.5209
1780 3.56 504.184 -123.174 381.009 2.52092
1790 3.58 504.191 -113.918 390.272 2.52095
1800 3.6 504.219 -101.841 402.378 2.5211
1810 3.62 504.201 -103.909 400.293 2.52101
1820 3.64 504.188 -110.664 393.524 2.52094
1830 3.66 504.197 -111.416 392.782 2.52099
1840 3.68 504.217 -114.08 390.137 2.52109
1850 3.7 504.19 -126.749 377.441 2.52095
1860 3.72 504.184 -133.624 370.56 2.52092
1870 3.74 504.17 -125.615 378.555 2.52085
1880 3.76 504.235 -95.972 408.263 2.52117
1890 3.78 504.212 -95.1873 409.025 2.52106
1900 3.8 504.181 -112.853 391.328 2.52091
1910 3.82 504.178 -117.17 387.008 2.52089
1920 3.84 504.194 -104.173 400.021 2.52097
1930 3.86 504.215 -96.8498 407.365 2.52107
1940 3.88 504.209 -94.2066 410.002 2.52104
1950 3.9 504.183 -99.0465 405.137 2.52092
1960 3.92 504.204 -106.482 397.722 2.52102
1970 3.94 504.19 -115.454 388.736 2.52095
1980 3.96 504.195 -119.112 385.083 2.52097
1990 3.98 504.198 -118.858 385.34 2.52099
2000 4 504.201 -117.208 386.993 2.521
2010 4.02 504.194 -117.247 386.947 2.52097
2020 4.04 504.218 -115.774 388.443 2.52109
2030 4.06 504.181 -118.376 385.805 2.5209
2040 4.08 504.211 -114.315 389.896 2.52105
2050 4.1 504.18 -113.76 390.42 2.5209
2060 4.12 504.214 -109.279 394.934 2.52107
2070 4.14 504.188 -113.431 390.757 2.52094
2080 4.16 504.186 -108.306 395.88 2.52093
2090 4.18 504.224 -98.7121 405.512 2.52112
2100 4.2 504.201 -107.309 396.892 2.521
2110 4.22 504.18 -117.442 386.739 2.5209
2120 4.24 504.197 -113.657 390.54 2.52098
2130 4.26 504.202 -105.457 398.745 2.52101
2140 4.28 504.204 -101.417 402.788 2.52102
2150 4.3 504.188 -103.589 400.599 2.52094
2160 4.32 504.199 -101.832 402.367 2.52099
2170 4.34 504.205 -103.449 400.756 2.52102
2180 4.36 504.207 -114.2 390.007 2.52104
2190 4.38 504.182 -127.556 376.626 2.52091
2200 4.4 504.174 -125.92 378.254 2.52087
2210 4.42 504.191 -102.219 401.972 2.52095
2220 4.44 504.257 -87.2567 417 2.52128
2230 4.46 504.176 -105.687 398.489 2.52088
2240 4.48 504.189 -110.99 393.199 2.52095
2250 4.5 504.217 -108.684 395.533 2.52109
2260 4.52 504.177 -117.042 387.135 2.52089
2270 4.54 504.227 -119.954 384.272 2.52113
2280 4.56 504.178 -129.47 374.707 2.52089
2290 4.58 504.194 -125.704 378.49 2.52097
2300 4.6 504.202 -116.865 387.337 2.52101
2310 4.62 504.215 -111.616 392.599 2.52108
2320 4.64 504.193 -116.969 387.223 2.52096
2330 4.66 504.173 -119.622 384.551 2.52086
2340 4.68 504.217 -107.126 397.091 2.52108
2350 4.7 504.207 -101.755 402.452 2.52104
2360 4.72 504.202 -106.133 398.069 2.52101
2370 4.74 504.181 -113.942 390.239 2.52091
2380 4.76 504.193 -111.287 392.906 2.52096
2390 4.78 504.221 -105.767 398.454 2.52111
2400 4.8 504.181 -114.173 390.008 2.52091
2410 4.82 504.184 -112.866 391.318 2.52092
2420 4.84 504.212 -107.795 396.417 2.52106
2430 4.86 504.197 -115.101 389.096 2.52098
2440 4.88 504.181 -120.164 384.017 2.52091
2450 4.9 504.188 -109.12 395.067 2.52094
2460 4.92 504.248 -97.8397 406.408 2.52124
2470 4.94 504.176 -114.557 389.619 2.52088
2480 4.96 504.164 -114.604 389.559 2.52082
2490 4.98 504.242 -103.366 400.876 2.52121
2500 5 504.164 -110.465 393.699 2.52082
2510 5.02 504.213 -93.2529 410.96 2.52106
2520 5.04 504.215 -95.2408 408.974 2.52107
2530 5.06 504.162 -109.218 394.945 2.52081
2540 5.08 504.216 -96.2618 407.955 2.52108
2550 5.1 504.185 -91.7022 412.483 2.52093
2560 5.12 504.23 -91.1787 413.051 2.52115
2570 5.14 504.18 -108.17 396.01 2.5209
2580 5.16 504.19 -115.357 388.833 2.52095
2590 5.18 504.199 -114.029 390.17 2.521
2600 5.2 504.203 -111.487 392.716 2.52101
2610 5.22 504.209 -112.753 391.456 2.52105
2620 5.24 504.183 -118.407 385.775 2.52091
2630 5.26 504.176 -108.727 395.448 2.52088
2640 5.28 504.24 -90.2667 413.973 2.5212
2650 5.3 504.196 -95.3519 408.844 2.52098
2660 5.32 504.198 -101.359 402.839 2.52099
2670 5.34 504.198 -106.331 397.867 2.52099
2680 5.36 504.171 -106.82 397.351 2.52086
2690 5.38 504.224 -92.1622 412.062 2.52112
2700 5.4 504.227 -95.2372 408.99 2.52114
2710 5.42 504.172 -114.633 389.539 2.52086
2720 5.44 504.188 -115.633 388.555 2.52094
2730 5.46 504.187 -107.341 396.846 2.52094
2740 5.48 504.231 -95.3033 408.928 2.52116
2750 5.5 504.192 -95.1467 409.046 2.52096
2760 5.52 504.209 -92.6723 411.537 2.52104
2770 5.54 504.195 -98.1756 406.019 2.52097
2780 5.56 504.191 -101.388 402.802 2.52095
2790 5.58 504.206 -108.354 395.852 2.52103
2800 5.6 504.166 -116.264 387.902 2.52083
2810 5.62 504.222 -103.401 400.821 2.52111
2820 5.64 504.198 -104.815 399.383 2.52099
2830 5.66 504.185 -107.285 396.9 2.52092
2840 5.68 504.222 -103.067 401.155 2.52111
2850 5.7 504.183 -118.837 385.346 2.52091
2860 5.72 504.179 -127.612 376.567 2.5209
2870 5.74 504.208 -120.831 383.377 2.52104
2880 5.76 504.201 -118.926 385.275 2.52101
2890 5.78 504.199 -120.214 383.985 2.52099
2900 5.8 504.187 -119.582 384.605 2.52094
2910 5.82 504.207 -112.845 391.362 2.52103
2920 5.84 504.206 -112.483 391.723 2.52103
2930 5.86 504.189 -118.66 385.529 2.52095
2940 5.88 504.217 -116.472 387.745 2.52109
2950 5.9 504.19 -123.252 380.939 2.52095
2960 5.92 504.193 -133.567 370.626 2.52096
2970 5.94 504.183 -137.752 366.431 2.52091
2980 5.96 504.203 -130.085 374.118 2.52102
2990 5.98 504.194 -121.683 382.511 2.52097
3000 6 504.206 -113.85 390.356 2.52103
3010 6.02 504.217 -114.469 389.748 2.52108
3020 6.04 504.19 -125.596 378.595 2.52095
3030 6.06 504.187 -131.159 373.028 2.52094
3040 6.08 504.184 -125.289 378.895 2.52092
3050 6.1 504.202 -107.387 396.815 2.52101
3060 6.12 504.223 -92.9899 411.233 2.52111
3070 6.14 504.186 -97.9759 406.21 2.52093
3080 6.16 504.196 -103.188 401.008 2.52098
3090 6.18 504.175 -105.456 398.719 2.52087
3100 6.2 504.238 -98.9694 405.269 2.52119
3110 6.22 504.187 -115.571 388.616 2.52094
3120 6.24 504.18 -129.762 374.417 2.5209
3130 6.26 504.189 -128.006 376.182 2.52094
3140 6.28 504.196 -118.417 385.779 2.52098
3150 6.3 504.211 -109.163 395.048 2.52105
3160 6.32 504.195 -112.431 391.764 2.52098
3170 6.34 504.199 -118.847 385.352 2.52099
3180 6.36 504.183 -122.142 382.041 2.52092
3190 6.38 504.202 -117.297 386.905 2.52101
3200 6.4 504.202 -117.455 386.747 2.52101
3210 6.42 504.192 -117.861 386.331 2.52096
3220 6.44 504.207 -118.589 385.618 2.52103
3230 6.46 504.189 -126.585 377.604 2.52095
3240 6.48 504.189 -127.894 376.295 2.52095
3250 6.5 504.192 -120.839 383.353 2.52096
3260 6.52 504.204 -111.155 393.049 2.52102
3270 6.54 504.223 -108.554 395.669 2.52111
3280 6.56 504.188 -123.426 380.762 2.52094
3290 6.58 504.168 -131.192 372.976 2.52084
3300 6.6 504.203 -113.135 391.068 2.52101
3310 6.62 504.208 -102.843 401.365 2.52104
3320 6.64 504.206 -111.514 392.692 2.52103
3330 6.66 504.181 -125.042 379.139 2.5209
3340 6.68 504.198 -127.162 377.036 2.52099
3350 6.7 504.198 -126.058 378.14 2.52099
3360 6.72 504.195 -123.851 380.344 2.52097
3370 6.74 504.196 -117.199 386.997 2.52098
3380 6.76 504.201 -117.332 386.869 2.521
3390 6.78 504.156 -113.093 391.063 2.52078
3400 6.8 504.221 -101.75 402.472 2.52111
3410 6.82 504.165 -98.419 405.746 2.52082
3420 6.84 504.266 -91.8507 412.416 2.52133
3430 6.86 504.155 -124.119 380.036 2.52077
3440 6.88 504.148 -120.346 383.803 2.52074
3450 6.9 504.187 -104.763 399.425 2.52094
3460 6.92 504.212 -95.1127 409.099 2.52106
3470 6.94 504.184 -84.9248 419.259 2.52092
3480 6.96 504.218 -89.4493 414.769 2.52109
3490 6.98 504.174 -111.687 392.488 2.52087
3500 7 504.174 -116.383 387.791 2.52087
3510 7.02 504.225 -110.995 393.23 2.52112
3520 7.04 504.163 -114.517 389.647 2.52082
3530 7.06 504.257 -101.44 402.817 2.52128
3540 7.08 504.173 -112.254 391.918 2.52086
3550 7.1 504.203 -112.194 392.009 2.52101
3560 7.12 504.198 -113.234 390.964 2.52099
3570 7.14 504.192 -114.673 389.518 2.52096
3580 7.16 504.209 -112.328 391.881 2.52105
3590 7.18 504.196 -117.585 386.611 2.52098
3600 7.2 504.189 -126.036 378.152 2.52094
3610 7.22 504.183 -125.587 378.596 2.52092
3620 7.24 504.201 -112.098 392.103 2.521
3630 7.26 504.201 -103.369 400.832 2.52101
3640 7.28 504.22 -99.968 404.252 2.5211
3650 7.3 504.152 -110.494 393.658 2.52076
3660 7.32 504.234 -103.202 401.033 2.52117
3670 7.34 504.197 -105.708 398.489 2.52099
3680 7.36 504.197 -112.823 391.374 2.52098
3690 7.38 504.184 -118.749 385.435 2.52092
3700 7.4 504.194 -112.707 391.487 2.52097
3710 7.42 504.224 -110.154 394.07 2.52112
3720 7.44 504.187 -118.721 385.467 2.52094
3730 7.46 504.186 -120.467 383.718 2.52093
3740 7.48 504.206 -114.817 389.389 2.52103
3750 7.5 504.206 -118.403 385.803 2.52103
3760 7.52 504.18 -126.725 377.455 2.5209
3770 7.54 504.197 -125.096 379.101 2.52098
3780 7.56 504.194 -121.947 382.247 2.52097
3790 7.58 504.204 -114.701 389.502 2.52102
3800 7.6 504.216 -113.473 390.742 2.52108
3810 7.62 504.188 -122.971 381.217 2.52094
3820 7.64 504.186 -125.073 379.113 2.52093
3830 7.66 504.19 -111.858 392.332 2.52095
3840 7.68 504.171 -113.308 390.864 2.52086
3850 7.7 504.199 -114.498 389.701 2.52099
3860 7.72 504.183 -109.111 395.072 2.52092
3870 7.74 504.204 -113.768 390.436 2.52102
3880 7.76 504.185 -127.076 377.109 2.52092
3890 7.78 504.19 -126.481 377.709 2.52095
3900 7.8 504.193 -117.359 386.835 2.52097
3910 7.82 504.233 -107.511 396.722 2.52116
3920 7.84 504.187 -118.333 385.855 2.52094
3930 7.86 504.188 -124.536 379.652 2.52094
3940 7.88 504.197 -120.372 383.825 2.52099
3950 7.9 504.166 -111.781 392.385 2.52083
3960 7.92 504.305 -85.9363 418.369 2.52153
3970 7.94 504.146 -111.721 392.425 2.52073
3980 7.96 504.189 -123.296 380.892 2.52094
3990 7.98 504.187 -123.065 381.122 2.52093
4000 8 504.204 -115.058 389.146 2.52102
4010 8.02 504.192 -109.716 394.476 2.52096
4020 8.04 504.221 -107.438 396.783 2.52111
4030 8.06 504.164 -113.372 390.793 2.52082
4040 8.08 504.21 -102.781 401.429 2.52105
4050 8.1 504.214 -99.6063 404.607 2.52107
4060 8.12 504.186 -109.69 394.497 2.52093
4070 8.14 504.188 -110.783 393.405 2.52094
4080 8.16 504.21 -108.794 395.415 2.52105
4090 8.18 504.192 -115.55 388.643 2.52096
4100 8.2 504.195 -119.334 384.861 2.52097
4110 8.22 504.206 -122.719 381.487 2.52103
4120 8.24 504.183 -127.63 376.553 2.52091
4130 8.26 504.199 -120.991 383.209 2.521
4140 8.28 504.214 -116.182 388.032 2.52107
4150 8.3 504.18 -119.843 384.337 2.5209
4160 8.32 504.2 -117.331 386.869 2.521
4170 8.34 504.186 -108.123 396.063 2.52093
4180 8.36 504.204 -100.939 403.266 2.52102
4190 8.38 504.217 -109.879 394.339 2.52109
4200 8.4 504.173 -123.524 380.649 2.52086
4210 8.42 504.2 -120.357 383.843 2.521
4220 8.44 504.196 -115.191 389.005 2.52098
4230 8.46 504.19 -107.738 396.452 2.52095
4240 8.48 504.247 -93.9492 410.298 2.52124
4250 8.5 504.165 -107.829 396.336 2.52082
4260 8.52 504.199 -107.459 396.739 2.52099
4270 8.54 504.191 -108.578 395.614 2.52096
4280 8.56 504.199 -107.938 396.261 2.521
4290 8.58 504.206 -107.924 396.282 2.52103
4300 8.6 504.192 -113.616 390.576 2.52096
4310 8.62 504.195 -113.592 390.603 2.52097
4320 8.64 504.213 -110.762 393.45 2.52106
4330 8.66 504.181 -114.517 389.664 2.5209
4340 8.68 504.22 -108.64 395.58 2.5211
4350 8.7 504.197 -112.224 391.973 2.52098
4360 8.72 504.19 -117.361 386.829 2.52095
4370 8.74 504.18 -113.906 390.274 2.5209
4380 8.76 504.247 -97.7533 406.494 2.52124
4390 8.78 504.181 -108.088 396.092 2.5209
4400 8.8 504.186 -113.078 391.108 2.52093
4410 8.82 504.21 -108.685 395.525 2.52105
4420 8.84 504.197 -109.68 394.517 2.52099
4430 8.86 504.202 -110.261 393.94 2.52101
4440 8.88 504.202 -113.768 390.434 2.52101
4450 8.9 504.169 -115.013 389.156 2.52084
4460 8.92 504.231 -95.4877 408.743 2.52116
4470 8.94 504.197 -93.3705 410.826 2.52098
4480 8.96 504.2 -97.477 406.723 2.521
4490 8.98 504.196 -102.86 401.336 2.52098
4500 9 504.199 -106.128 398.071 2.52099
4510 9.02 504.201 -109.324 394.877 2.521
4520 9.04 504.192 -113.277 390.915 2.52096
4530 9.06 504.187 -109.38 394.807 2.52094
4540 9.08 504.201 -98.4047 405.796 2.521
4550 9.1 504.222 -96.9413 407.28 2.52111
4560 9.12 504.187 -109.651 394.536 2.52094
4570 9.14 504.168 -111.186 392.982 2.52084
4580 9.16 504.232 -95.627 408.605 2.52116
4590 9.18 504.199 -91.1102 413.088 2.52099
4600 9.2 504.196 -98.2956 405.9 2.52098
4610 9.22 504.185 -108.886 395.299 2.52093
4620 9.24 504.205 -111.138 393.068 2.52103
4630 9.26 504.195 -116.437 387.758 2.52098
4640 9.28 504.186 -118.642 385.544 2.52093
4650 9.3 504.188 -108.842 395.346 2.52094
4660 9.32 504.221 -95.2612 408.959 2.5211
4670 9.34 504.189 -98.8324 405.356 2.52094
4680 9.36 504.202 -98.1297 406.072 2.52101
4690 9.38 504.216 -103.65 400.565 2.52108
4700 9.4 504.178 -120.459 383.719 2.52089
4710 9.42 504.189 -122.753 381.435 2.52094
4720 9.44 504.192 -115.263 388.929 2.52096
4730 9.46 504.221 -105.627 398.594 2.5211
4740 9.48 504.185 -111.177 393.009 2.52093
4750 9.5 504.213 -111.995 392.218 2.52106
4760 9.52 504.176 -116.966 387.21 2.52088
4770 9.54 504.207 -111.722 392.485 2.52103
4780 9.56 504.195 -109.631 394.565 2.52098
4790 9.58 504.197 -111.846 392.351 2.52098
4800 9.6 504.175 -108.672 395.503 2.52087
4810 9.62 504.231 -94.2198 410.011 2.52115
4820 9.64 504.195 -96.1705 408.025 2.52098
4830 9.66 504.195 -105.206 398.989 2.52098
4840 9.68 504.181 -114.486 389.695 2.5209
4850 9.7 504.197 -108.392 395.804 2.52098
4860 9.72 504.2 -104.543 399.658 2.521
4870 9.74 504.192 -100.987 403.206 2.52096
4880 9.76 504.229 -100.213 404.016 2.52114
4890 9.78 504.18 -118.877 385.303 2.5209
4900 9.8 504.186 -126.915 377.271 2.52093
4910 9.82 504.191 -121.808 382.382 2.52095
4920 9.84 504.206 -113.647 390.559 2.52103
4930 9.86 504.197 -111.558 392.639 2.52099
4940 9.88 504.201 -109.094 395.108 2.52101
4950 9.9 504.203 -110.275 393.928 2.52102
4960 9.92 504.194 -114.123 390.072 2.52097
4970 9.94 504.189 -116.297 387.892 2.52094
4980 9.96 504.192 -111.638 392.554 2.52096
4990 9.98 504.2 -109.85 394.35 2.521
5000 10 504.157 -107.015 397.142 2.52079
5010 10.02 504.294 -81.214 423.08 2.52147
5020 10.04 504.185 -92.9608 411.224 2.52092
5030 10.06 504.185 -110.071 394.115 2.52093
5040 10.08 504.175 -120.81 383.365 2.52087
5050 10.1 504.203 -113.142 391.061 2.52101
5060 10.12 504.213 -111.266 392.947 2.52106
5070 10.14 504.171 -118.058 386.113 2.52086
5080 10.16 504.196 -105.008 399.188 2.52098
5090 10.18 504.229 -100.02 404.209 2.52114
5100 10.2 504.179 -110.276 393.903 2.52089
5110 10.22 504.191 -107.037 397.153 2.52095
5120 10.24 504.219 -107.963 396.256 2.5211
5130 10.26 504.187 -120.658 383.528 2.52093
5140 10.28 504.185 -124.344 379.841 2.52092
5150 10.3 504.182 -115.786 388.396 2.52091
5160 10.32 504.221 -99.8923 404.328 2.5211
5170 10.34 504.189 -99.3024 404.887 2.52094
5180 10.36 504.202 -97.4441 406.758 2.52101
5190 10.38 504.213 -103.683 400.53 2.52106
5200 10.4 504.182 -119.974 384.208 2.52091
5210 10.42 504.188 -123.834 380.354 2.52094
5220 10.44 504.193 -119.834 384.358 2.52096
5230 10.46 504.215 -114.366 389.849 2.52107
5240 10.48 504.188 -115.931 388.257 2.52094
5250 10.5 504.218 -116.169 388.049 2.52109
5260 10.52 504.187 -128.228 375.959 2.52094
5270 10.54 504.189 -133.02 371.168 2.52094
5280 10.56 504.192 -128.855 375.337 2.52096
5290 10.58 504.18 -117.216 386.964 2.5209
5300 10.6 504.254 -97.4668 406.787 2.52127
5310 10.62 504.176 -113.854 390.322 2.52088
5320 10.64 504.184 -127.343 376.841 2.52092
5330 10.66 504.156 -122.696 381.46 2.52078
5340 10.68 504.255 -92.9941 411.26 2.52127
5350 10.7 504.179 -105.435 398.744 2.52089
5360 10.72 504.179 -118.67 385.509 2.5209
5370 10.74 504.183 -112.435 391.748 2.52092
5380 10.76 504.253 -102.228 402.025 2.52127
5390 10.78 504.173 -121.938 382.234 2.52086
5400 10.8 504.193 -132.152 372.041 2.52097
5410 10.82 504.189 -134.508 369.681 2.52094
5420 10.84 504.18 -126.692 377.488 2.5209
5430 10.86 504.236 -107.626 396.609 2.52118
5440 10.88 504.186 -115.149 389.037 2.52093
5450 10.9 504.182 -123.036 381.146 2.52091
5460 10.92 504.198 -116.382 387.816 2.52099
5470 10.94 504.207 -113.408 390.798 2.52103
5480 10.96 504.185 -119.739 384.445 2.52092
5490 10.98 504.194 -118.229 385.965 2.52097
5500 11 504.196 -108.241 395.955 2.52098
5510 11.02 504.202 -105.356 398.846 2.52101
5520 11.04 504.178 -109.55 394.629 2.52089
5530 11.06 504.243 -103.016 401.227 2.52121
5540 11.08 504.151 -118.087 386.064 2.52075
5550 11.1 504.241 -107.667 396.574 2.5212
5560 11.12 504.205 -108.003 396.202 2.52103
5570 11.14 504.183 -118.384 385.798 2.52091
5580 11.16 504.19 -122.264 381.926 2.52095
5590 11.18 504.192 -116.487 387.705 2.52096
5600 11.2 504.196 -115.694 388.502 2.52098
5610 11.22 504.18 -116.118 388.062 2.5209
5620 11.24 504.221 -108.557 395.665 2.52111
5630 11.26 504.183 -113.186 390.998 2.52092
5640 11.28 504.192 -111.073 393.12 2.52096
5650 11.3 504.213 -113.378 390.835 2.52107
5660 11.32 504.189 -124.106 380.083 2.52094
5670 11.34 504.191 -127.152 377.038 2.52095
5680 11.36 504.206 -128.97 375.236 2.52103
5690 11.38 504.196 -134.779 369.417 2.52098
5700 11.4 504.19 -136.793 367.398 2.52095
5710 11.42 504.2 -131.87 372.33 2.521
5720 11.44 504.201 -126.584 377.617 2.52101
5730 11.46 504.205 -123.154 381.051 2.52102
5740 11.48 504.188 -123.66 380.529 2.52094
5750 11.5 504.217 -123.031 381.186 2.52109
5760 11.52 504.192 -131.245 372.946 2.52096
5770 11.54 504.183 -133.481 370.702 2.52092
5780 11.56 504.206 -126.066 378.14 2.52103
5790 11.58 504.223 -122.528 381.695 2.52111
5800 11.6 504.182 -133.345 370.837 2.52091
5810 11.62 504.184 -135.181 369.003 2.52092
5820 11.64 504.206 -126.345 377.861 2.52103
5830 11.66 504.193 -119.117 385.076 2.52097
5840 11.68 504.222 -114.448 389.774 2.52111
5850 11.7 504.196 -122.782 381.413 2.52098
5860 11.72 504.19 -130.213 373.978 2.52095
5870 11.74 504.179 -128.644 375.535 2.52089
5880 11.76 504.196 -112.167 392.03 2.52098
5890 11.78 504.228 -97.6775 406.551 2.52114
5900 11.8 504.188 -106.213 397.975 2.52094
5910 11.82 504.186 -111.572 392.614 2.52093
5920 11.84 504.217 -113.26 390.957 2.52109
5930 11.86 504.181 -122.057 382.124 2.5209
5940 11.88 504.209 -122.701 381.508 2.52104
5950 11.9 504.172 -124.428 379.744 2.52086
5960 11.92 504.217 -109.168 395.049 2.52109
5970 11.94 504.21 -107.546 396.664 2.52105
5980 11.96 504.191 -117.5 386.691 2.52095
5990 11.98 504.194 -122.228 381.966 2.52097
6000 12 504.186 -120.618 383.569 2.52093
6010 12.02 504.21 -110.998 393.211 2.52105
6020 12.04 504.214 -109.911 394.303 2.52107
6030 12.06 504.185 -117.755 386.43 2.52093
6040 12.08 504.198 -118.315 385.883 2.52099
6050 12.1 504.18 -113.403 390.778 2.5209
6060 12.12 504.212 -95.6031 408.609 2.52106
6070 12.14 504.208 -93.8972 410.311 2.52104
6080 12.16 504.2 -102.795 401.405 2.521
6090 12.18 504.193 -111.632 392.561 2.52096
6100 12.2 504.184 -116.833 387.352 2.52092
6110 12.22 504.216 -109.798 394.417 2.52108
6120 12.24 504.168 -108.329 395.839 2.52084
6130 12.26 504.209 -98.0906 406.118 2.52104
6140 12.28 504.211 -93.8089 410.402 2.52105
6150 12.3 504.195 -102.794 401.401 2.52098
6160 12.32 504.183 -112.943 391.24 2.52092
6170 12.34 504.207 -112.829 391.378 2.52104
6180 12.36 504.194 -116.846 387.348 2.52097
6190 12.38 504.177 -114.77 389.407 2.52088
6200 12.4 504.196 -98.6187 405.577 2.52098
6210 12.42 504.23 -83.827 420.403 2.52115
6220 12.44 504.188 -88.7241 415.464 2.52094
6230 12.46 504.212 -89.2785 414.933 2.52106
6240 12.48 504.188 -101.762 402.426 2.52094
6250 12.5 504.187 -116.106 388.081 2.52094
6260 12.52 504.195 -120.795 383.401 2.52098
6270 12.54 504.197 -121.272 382.924 2.52098
6280 12.56 504.192 -118.456 385.737 2.52096
6290 12.58 504.202 -111.498 392.704 2.52101
6300 12.6 504.177 -104.793 399.384 2.52089
6310 12.62 504.234 -99.8763 404.358 2.52117
6320 12.64 504.192 -115.482 388.71 2.52096
6330 12.66 504.191 -125.294 378.898 2.52096
6340 12.68 504.192 -127.307 376.885 2.52096
6350 12.7 504.204 -123.659 380.544 2.52102
6360 12.72 504.187 -120.532 383.656 2.52094
6370 12.74 504.203 -107.926 396.278 2.52102
6380 12.76 504.185 -100.196 403.989 2.52093
6390 12.78 504.22 -96.3474 407.873 2.5211
6400 12.8 504.177 -102.721 401.456 2.52089
6410 12.82 504.216 -99.9295 404.286 2.52108
6420 12.84 504.198 -110.517 393.681 2.52099
6430 12.86 504.181 -124.191 379.99 2.52091
6440 12.88 504.208 -125.724 378.483 2.52104
6450 12.9 504.195 -130.671 373.524 2.52097
6460 12.92 504.182 -131.81 372.371 2.52091
6470 12.94 504.197 -118.92 385.277 2.52098
6480 12.96 504.196 -103.827 400.37 2.52098
6490 12.98 504.242 -98.9113 405.331 2.52121
6500 13 504.149 -116.842 387.306 2.52074
6510 13.02 504.193 -102.961 401.231 2.52096
6520 13.04 504.21 -97.7535 406.456 2.52105
6530 13.06 504.198 -111.446 392.752 2.52099
6540 13.08 504.194 -122.661 381.533 2.52097
6550 13.1 504.195 -130.049 374.145 2.52097
6560 13.12 504.189 -132.8 371.388 2.52094
6570 13.14 504.209 -129.919 374.29 2.52104
6580 13.16 504.179 -128.192 375.987 2.52089
6590 13.18 504.207 -114.838 389.369 2.52104
6600 13.2 504.209 -108.273 395.936 2.52105
6610 13.22 504.202 -114.338 389.864 2.52101
6620 13.24 504.187 -123.382 380.805 2.52093
6630 13.26 504.185 -123.7 380.485 2.52092
6640 13.28 504.221 -112.555 391.666 2.52111
6650 13.3 504.197 -110.273 393.924 2.52098
6660 13.32 504.205 -112.994 391.21 2.52102
6670 13.34 504.203 -121.856 382.348 2.52102
6680 13.36 504.181 -130.364 373.817 2.52091
6690 13.38 504.208 -127.108 377.1 2.52104
6700 13.4 504.184 -125.923 378.261 2.52092
6710 13.42 504.212 -121.019 383.193 2.52106
6720 13.44 504.197 -120.652 383.545 2.52099
6730 13.46 504.194 -117.826 386.367 2.52097
6740 13.48 504.212 -116.824 387.388 2.52106
6750 13.5 504.171 -119.362 384.81 2.52086
6760 13.52 504.245 -112.213 392.032 2.52122
6770 13.54 504.178 -122.996 381.182 2.52089
6780 13.56 504.194 -119.205 384.989 2.52097
6790 13.58 504.206 -111.779 392.426 2.52103
6800 13.6 504.193 -109.738 394.456 2.52097
6810 13.62 504.21 -106.31 397.9 2.52105
6820 13.64 504.194 -111.08 393.115 2.52097
6830 13.66 504.204 -115.515 388.689 2.52102
6840 13.68 504.196 -122.429 381.767 2.52098
6850 13.7 504.192 -127.942 376.25 2.52096
6860 13.72 504.189 -125.162 379.026 2.52094
6870 13.74 504.211 -116.12 388.091 2.52105
6880 13.76 504.192 -113.562 390.629 2.52096
6890 13.78 504.202 -106.786 397.416 2.52101
6900 13.8 504.218 -105.402 398.816 2.52109
6910 13.82 504.172 -114.407 389.765 2.52086
6920 13.84 504.208 -110.375 393.832 2.52104
6930 13.86 504.214 -111.525 392.688 2.52107
6940 13.88 504.172 -120.986 383.186 2.52086
6950 13.9 504.207 -115.083 389.123 2.52103
6960 13.92 504.203 -113.485 390.717 2.52101
6970 13.94 504.199 -118.397 385.802 2.52099
6980 13.96 504.181 -120.376 383.805 2.52091
6990 13.98 504.202 -108.775 395.427 2.52101
7000 14 504.207 -104.998 399.209 2.52103
7010 14.02 504.186 -106.643 397.543 2.52093
7020 14.04 504.206 -105.58 398.625 2.52103
7030 14.06 504.202 -105.905 398.297 2.52101
7040 14.08 504.159 -108.38 395.779 2.5208
7050 14.1 504.232 -103.208 401.024 2.52116
7060 14.12 504.191 -111.907 392.285 2.52096
7070 14.14 504.201 -117.778 386.424 2.52101
7080 14.16 504.187 -123.347 380.84 2.52094
7090 14.18 504.185 -118.76 385.425 2.52093
7100 14.2 504.223 -104.269 399.954 2.52111
7110 14.22 504.195 -108.887 395.308 2.52098
7120 14.24 504.185 -115.353 388.831 2.52092
7130 14.26 504.191 -108.943 395.247 2.52095
7140 14.28 504.215 -101.002 403.213 2.52108
7150 14.3 504.195 -103.736 400.459 2.52097
7160 14.32 504.196 -107.025 397.171 2.52098
7170 14.34 504.213 -112.186 392.027 2.52107
7180 14.36 504.183 -124.795 379.388 2.52092
7190 14.38 504.187 -126.345 377.841 2.52093
7200 14.4 504.201 -117.579 386.623 2.52101
7210 14.42 504.215 -113.752 390.463 2.52108
7220 14.44 504.173 -115.668 388.506 2.52087
7230 14.46 504.224 -105.571 398.653 2.52112
7240 14.48 504.207 -109.35 394.857 2.52103
7250 14.5 504.182 -118.36 385.823 2.52091
7260 14.52 504.186 -116.446 387.74 2.52093
7270 14.54 504.226 -106.406 397.82 2.52113
7280 14.56 504.187 -113.251 390.936 2.52094
7290 14.58 504.203 -119.841 384.362 2.52102
7300 14.6 504.185 -124.879 379.306 2.52092
7310 14.62 504.218 -123.8 380.418 2.52109
7320 14.64 504.178 -129.524 374.654 2.52089
7330 14.66 504.202 -123.689 380.512 2.52101
7340 14.68 504.196 -116.259 387.937 2.52098
7350 14.7 504.204 -110.149 394.055 2.52102
7360 14.72 504.193 -106.78 397.413 2.52096
7370 14.74 504.202 -101.281 402.921 2.52101
7380 14.76 504.197 -99.5639 404.634 2.52099
7390 14.78 504.209 -103.708 400.501 2.52105
7400 14.8 504.183 -114.391 389.791 2.52091
7410 14.82 504.206 -115.718 388.487 2.52103
7420 14.84 504.189 -118.671 385.518 2.52094
7430 14.86 504.192 -115.952 388.24 2.52096
7440 14.88 504.179 -103.211 400.968 2.5209
7450 14.9 504.241 -92.6606 411.58 2.5212
7460 14.92 504.18 -106.756 397.424 2.5209
7470 14.94 504.205 -111.741 392.464 2.52103
7480 14.96 504.175 -115.869 388.306 2.52088
7490 14.98 504.227 -110.241 393.986 2.52113
7500 15 504.186 -120.679 383.506 2.52093
7510 15.02 504.185 -124.193 379.992 2.52092
7520 15.04 504.194 -115.449 388.745 2.52097
7530 15.06 504.213 -102.893 401.32 2.52107
7540 15.08 504.219 -106.786 397.433 2.52109
7550 15.1 504.174 -123.406 380.768 2.52087
7560 15.12 504.196 -122.117 382.08 2.52098
7570 15.14 504.196 -117.3 386.896 2.52098
7580 15.16 504.195 -112.231 391.963 2.52097
7590 15.18 504.21 -104.782 399.428 2.52105
7600 15.2 504.202 -105.979 398.223 2.52101
7610 15.22 504.196 -112.02 392.176 2.52098
7620 15.24 504.193 -115.736 388.457 2.52096
7630 15.26 504.184 -113.067 391.117 2.52092
7640 15.28 504.207 -99.897 404.31 2.52104
7650 15.3 504.209 -96.8191 407.39 2.52105
7660 15.32 504.187 -103.661 400.526 2.52094
7670 15.34 504.218 -103.029 401.189 2.52109
7680 15.36 504.162 -112.844 391.318 2.52081
7690 15.38 504.24 -110.032 394.208 2.5212
7700 15.4 504.177 -118.136 386.04 2.52088
7710 15.42 504.178 -111.521 392.657 2.52089
7720 15.44 504.257 -97.1231 407.134 2.52128
7730 15.46 504.17 -111.932 392.238 2.52085
7740 15.48 504.2 -115.238 388.962 2.521
7750 15.5 504.204 -118.275 385.93 2.52102
7760 15.52 504.175 -123.714 380.461 2.52087
7770 15.54 504.214 -113.313 390.901 2.52107
7780 15.56 504.183 -114.207 389.976 2.52091
7790 15.58 504.198 -113.523 390.675 2.52099
7800 15.6 504.197 -109.337 394.86 2.52098
7810 15.62 504.209 -106.335 397.874 2.52104
7820 15.64 504.187 -108.968 395.219 2.52093
7830 15.66 504.213 -111.709 392.504 2.52106
7840 15.68 504.176 -118.851 385.325 2.52088
7850 15.7 504.203 -114.356 389.847 2.52101
7860 15.72 504.212 -115.089 389.123 2.52106
7870 15.74 504.194 -125.598 378.596 2.52097
7880 15.76 504.207 -136.514 367.694 2.52104
7890 15.78 504.172 -146.289 357.883 2.52086
7900 15.8 504.204 -139.473 364.731 2.52102
7910 15.82 504.194 -132.348 371.846 2.52097
7920 15.84 504.215 -126.961 377.254 2.52107
7930 15.86 504.179 -127.799 376.379 2.52089
7940 15.88 504.202 -118.507 385.695 2.52101
7950 15.9 504.221 -112.958 391.263 2.52111
7960 15.92 504.18 -124.219 379.961 2.5209
7970 15.94 504.199 -132.766 371.434 2.521
7980 15.96 504.188 -139.091 365.098 2.52094
7990 15.98 504.197 -137.23 366.967 2.52098
8000 16 504.198 -133.058 371.141 2.52099
8010 16.02 504.2 -127.653 376.547 2.521
8020 16.04 504.209 -126.741 377.468 2.52105
8030 16.06 504.192 -132.867 371.325 2.52096
8040 16.08 504.193 -134.617 369.577 2.52097
8050 16.1 504.181 -128.973 375.209 2.52091
8060 16.12 504.232 -115.933 388.299 2.52116
8070 16.14 504.188 -122.192 381.995 2.52094
8080 16.16 504.183 -122.451 381.732 2.52092
8090 16.18 504.192 -112.483 391.709 2.52096
8100 16.2 504.259 -97.6605 406.598 2.52129
8110 16.22 504.171 -118.244 385.927 2.52086
8120 16.24 504.174 -131.412 372.762 2.52087
8130 16.26 504.195 -123.724 380.471 2.52097
8140 16.28 504.192 -112.629 391.563 2.52096
8150 16.3 504.227 -104.474 399.752 2.52113
8160 16.32 504.193 -112.506 391.687 2.52097
8170 16.34 504.179 -123.669 380.51 2.5209
8180 16.36 504.189 -117.532 386.657 2.52094
8190 16.38 504.218 -116.964 387.255 2.52109
8200 16.4 504.161 -130.612 373.549 2.5208
8210 16.42 504.205 -117.215 386.989 2.52102
8220 16.44 504.228 -110.899 393.328 2.52114
8230 16.46 504.188 -124.12 380.068 2.52094
8240 16.48 504.192 -131.516 372.676 2.52096
8250 16.5 504.194 -132.257 371.937 2.52097
8260 16.52 504.196 -128.472 375.724 2.52098
8270 16.54 504.205 -122.669 381.536 2.52102
8280 16.56 504.2 -120.76 383.44 2.521
8290 16.58 504.202 -121.498 382.704 2.52101
8300 16.6 504.192 -124.452 379.74 2.52096
8310 16.62 504.199 -122.222 381.977 2.521
8320 16.64 504.204 -119.528 384.677 2.52102
8330 16.66 504.174 -128.535 375.638 2.52087
8340 16.68 504.161 -123.513 380.648 2.5208
8350 16.7 504.244 -95.1221 409.122 2.52122
8360 16.72 504.203 -96.466 407.737 2.52101
8370 16.74 504.19 -116.819 387.371 2.52095
8380 16.76 504.175 -131.352 372.823 2.52087
8390 16.78 504.188 -124.481 379.707 2.52094
8400 16.8 504.186 -115.003 389.184 2.52093
8410 16.82 504.242 -108.608 395.634 2.52121
8420 16.84 504.182 -123.09 381.092 2.52091
8430 16.86 504.189 -129.224 374.966 2.52095
8440 16.88 504.198 -125.228 378.97 2.52099
8450 16.9 504.204 -124.13 380.074 2.52102
8460 16.92 504.19 -125.838 378.352 2.52095
8470 16.94 504.199 -121.945 382.254 2.52099
8480 16.96 504.202 -119.3 384.901 2.52101
8490 16.98 504.205 -118.59 385.615 2.52103
8500 17 504.184 -120.626 383.558 2.52092
8510 17.02 504.212 -113.882 390.33 2.52106
8520 17.04 504.207 -117.109 387.098 2.52103
8530 17.06 504.194 -128.885 375.31 2.52097
8540 17.08 504.181 -134.029 370.152 2.5209
8550 17.1 504.191 -125.349 378.842 2.52095
8560 17.12 504.217 -106.801 397.415 2.52108
8570 17.14 504.194 -107.219 396.975 2.52097
8580 17.16 504.191 -112.179 392.012 2.52096
8590 17.18 504.202 -111.314 392.888 2.52101
8600 17.2 504.209 -114.627 389.582 2.52104
8610 17.22 504.192 -124.384 379.808 2.52096
8620 17.24 504.18 -127.328 376.852 2.5209
8630 17.26 504.213 -117.478 386.735 2.52106
8640 17.28 504.201 -116.014 388.187 2.521
8650 17.3 504.191 -117.73 386.461 2.52096
8660 17.32 504.197 -114.453 389.744 2.52099
8670 17.34 504.225 -110.955 393.27 2.52113
8680 17.36 504.181 -118.336 385.845 2.52091
8690 17.38 504.202 -122.315 381.887 2.52101
8700 17.4 504.18 -125.615 378.565 2.5209
8710 17.42 504.208 -118.256 385.952 2.52104
8720 17.44 504.201 -112.913 391.288 2.52101
8730 17.46 504.217 -114.498 389.719 2.52109
8740 17.48 504.179 -126.276 377.903 2.52089
8750 17.5 504.18 -123.958 380.222 2.5209
8760 17.52 504.26 -107.214 397.046 2.5213
8770 17.54 504.166 -117.425 386.741 2.52083
8780 17.56 504.187 -117.867 386.32 2.52093
8790 17.58 504.201 -109.894 394.307 2.521
8800 17.6 504.209 -104.808 399.401 2.52105
8810 17.62 504.195 -107.92 396.275 2.52098
8820 17.64 504.183 -110.017 394.165 2.52091
8830 17.66 504.214 -104.943 399.271 2.52107
8840 17.68 504.219 -111.279 392.94 2.5211
8850 17.7 504.167 -120.241 383.926 2.52083
8860 17.72 504.199 -120.319 383.88 2.52099
8870 17.74 504.188 -126.055 378.133 2.52094
8880 17.76 504.185 -121.318 382.867 2.52092
8890 17.78 504.195 -104.497 399.698 2.52097
8900 17.8 504.21 -92.846 411.364 2.52105
8910 17.82 504.225 -97.3811 406.844 2.52112
8920 17.84 504.182 -115.879 388.303 2.52091
8930 17.86 504.181 -122.029 382.152 2.52091
8940 17.88 504.192 -115.371 388.82 2.52096
8950 17.9 504.189 -102.535 401.654 2.52095
8960 17.92 504.246 -93.7893 410.457 2.52123
8970 17.94 504.184 -112.675 391.509 2.52092
8980 17.96 504.187 -126.051 378.136 2.52094
8990 17.98 504.188 -128.729 375.459 2.52094
9000 18 504.188 -120.351 383.836 2.52094
9010 18.02 504.206 -103.419 400.787 2.52103
9020 18.04 504.211 -93.4834 410.727 2.52105
9030 18.06 504.215 -100.899 403.315 2.52107
9040 18.08 504.179 -118.564 385.615 2.52089
9050 18.1 504.197 -122.05 382.147 2.52099
9060 18.12 504.193 -123.014 381.18 2.52097
9070 18.14 504.194 -120.492 383.702 2.52097
9080 18.16 504.202 -113.719 390.483 2.52101
9090 18.18 504.2 -108.425 395.775 2.521
9100 18.2 504.21 -108.733 395.477 2.52105
9110 18.22 504.186 -115.149 389.037 2.52093
9120 18.24 504.187 -112.088 392.099 2.52094
9130 18.26 504.225 -104.352 399.873 2.52112
9140 18.28 504.193 -111.848 392.345 2.52097
9150 18.3 504.193 -118.137 386.056 2.52096
9160 18.32 504.182 -117.677 386.506 2.52091
9170 18.34 504.205 -105.905 398.3 2.52103
9180 18.36 504.19 -100.467 403.723 2.52095
9190 18.38 504.219 -94.2062 410.013 2.5211
9200 18.4 504.21 -103.252 400.958 2.52105
9210 18.42 504.184 -121.234 382.95 2.52092
9220 18.44 504.193 -127.734 376.459 2.52096
9230 18.46 504.184 -126.552 377.633 2.52092
9240 18.48 504.175 -108.068 396.107 2.52088
9250 18.5 504.219 -91.6315 412.588 2.5211
9260 18.52 504.193 -100.528 403.665 2.52097
9270 18.54 504.173 -101.37 402.803 2.52086
9280 18.56 504.22 -91.4703 412.75 2.5211
9290 18.58 504.198 -96.8948 407.303 2.52099
9300 18.6 504.189 -108.611 395.578 2.52095
9310 18.62 504.19 -116.565 387.625 2.52095
9320 18.64 504.188 -115.352 388.836 2.52094
9330 18.66 504.205 -105.782 398.423 2.52103
9340 18.68 504.215 -103.512 400.704 2.52108
9350 18.7 504.176 -109.886 394.29 2.52088
9360 18.72 504.217 -103.221 400.996 2.52109
9370 18.74 504.192 -101.664 402.528 2.52096
9380 18.76 504.192 -97.5567 406.635 2.52096
9390 18.78 504.204 -100.894 403.309 2.52102
9400 18.8 504.173 -106.062 398.112 2.52087
9410 18.82 504.196 -97.5866 406.61 2.52098
9420 18.84 504.195 -90.2097 413.985 2.52097
9430 18.86 504.218 -85.0656 419.153 2.52109
9440 18.88 504.2 -96.9836 407.216 2.521
9450 18.9 504.176 -109.351 394.825 2.52088
9460 18.92 504.197 -104.903 399.294 2.52099
9470 18.94 504.206 -98.9418 405.265 2.52103
9480 18.96 504.191 -99.9875 404.204 2.52096
9490 18.98 504.18 -93.6585 410.522 2.5209
9500 19 504.244 -87.8592 416.385 2.52122
9510 19.02 504.16 -105.363 398.796 2.5208
9520 19.04 504.21 -98.9744 405.235 2.52105
9530 19.06 504.196 -97.9507 406.246 2.52098
9540 19.08 504.203 -101.04 403.163 2.52102
9550 19.1 504.19 -104.817 399.373 2.52095
9560 19.12 504.206 -104.43 399.777 2.52103
9570 19.14 504.169 -102.413 401.756 2.52084
9580 19.16 504.216 -88.3098 415.907 2.52108
9590 19.18 504.198 -89.5442 414.654 2.52099
9600 19.2 504.186 -95.071 409.115 2.52093
9610 19.22 504.209 -91.7343 412.475 2.52105
9620 19.24 504.197 -100.942 403.255 2.52098
9630 19.26 504.184 -113.117 391.066 2.52092
9640 19.28 504.202 -113.026 391.176 2.52101
9650 19.3 504.192 -113.435 390.756 2.52096
9660 19.32 504.199 -111.674 392.525 2.521
9670 19.34 504.172 -104.857 399.315 2.52086
9680 19.36 504.231 -87.4461 416.785 2.52116
9690 19.38 504.201 -88.348 415.853 2.52101
9700 19.4 504.204 -97.5996 406.605 2.52102
9710 19.42 504.192 -110.762 393.429 2.52096
9720 19.44 504.198 -120.064 384.134 2.52099
9730 19.46 504.194 -127.674 376.519 2.52097
9740 19.48 504.194 -129.8 374.394 2.52097
9750 19.5 504.196 -126.379 377.817 2.52098
9760 19.52 504.2 -119.051 385.149 2.521
9770 19.54 504.213 -113.797 390.416 2.52107
9780 19.56 504.192 -116.619 387.573 2.52096
9790 19.58 504.198 -114.855 389.342 2.52099
9800 19.6 504.211 -113.796 390.415 2.52106
9810 19.62 504.187 -118.934 385.253 2.52093
9820 19.64 504.185 -114.722 389.463 2.52092
9830 19.66 504.222 -104.08 400.143 2.52111
9840 19.68 504.178 -104.627 399.55 2.52089
9850 19.7 504.204 -98.8476 405.356 2.52102
9860 19.72 504.21 -103.893 400.317 2.52105
9870 19.74 504.187 -115.829 388.358 2.52093
9880 19.76 504.196 -121.166 383.03 2.52098
9890 19.78 504.185 -122.763 381.422 2.52093
9900 19.8 504.201 -113.932 390.27 2.52101
9910 19.82 504.179 -105.011 399.169 2.5209
9920 19.84 504.244 -95.5859 408.658 2.52122
9930 19.86 504.184 -112.326 391.858 2.52092
9940 19.88 504.185 -122.343 381.842 2.52092
9950 19.9 504.2 -122.184 382.016 2.521
9960 19.92 504.192 -120.852 383.34 2.52096
9970 19.94 504.176 -111.098 393.077 2.52088
9980 19.96 504.24 -92.5134 411.726 2.5212
9990 19.98 504.199 -103.789 400.41 2.521
10000 20 504.178 -120.751 383.427 2.52089
