# step time Ekin Epot Etot T
0 0 488.597 -57.4954 431.101 2.44298
10 0.02 497.892 -58.51 439.382 2.48946
20 0.04 501.742 -61.1597 440.583 2.50871
30 0.06 503.293 -65.5661 437.727 2.51647
40 0.08 503.887 -71.7573 432.129 2.51943
50 0.1 504.032 -78.9449 425.087 2.52016
60 0.12 503.79 -82.5725 421.217 2.51895
70 0.14 504.078 -71.5737 432.504 2.52039
80 0.16 504.714 -63.8067 440.907 2.52357
90 0.18 503.7 -71.5552 432.144 2.5185
100 0.2 504.154 -67.7242 436.43 2.52077
110 0.22 504.97 -64.8615 440.108 2.52485
120 0.24 503.489 -76.652 426.837 2.51744
130 0.26 504.773 -82.73 422.043 2.52386
140 0.28 504.168 -99.792 404.376 2.52084
150 0.3 503.773 -112.65 391.123 2.51886
160 0.32 504.187 -108.656 395.531 2.52094
170 0.34 503.847 -104.812 399.035 2.51924
180 0.36 504.558 -100.004 404.554 2.52279
190 0.38 504.509 -100.094 404.415 2.52254
200 0.4 504.434 -107.288 397.146 2.52217
210 0.42 503.946 -119.164 384.782 2.51973
220 0.44 503.971 -123.246 380.725 2.51985
230 0.46 504.183 -117.1 387.083 2.52091
240 0.48 504.617 -113.838 390.779 2.52308
250 0.5 504.077 -122.477 381.6 2.52039
260 0.52 504.191 -129.045 375.145 2.52095
270 0.54 504.031 -132.107 371.924 2.52015
280 0.56 504.268 -131.461 372.807 2.52134
290 0.58 503.99 -130.551 373.439 2.51995
300 0.6 503.872 -121.072 382.8 2.51936
310 0.62 504.709 -104.719 399.99 2.52355
320 0.64 504.812 -106.731 398.081 2.52406
330 0.66 503.719 -126.803 376.916 2.5186
340 0.68 503.524 -129.133 374.391 2.51762
350 0.7 504.795 -121.551 383.244 2.52397
360 0.72 504.288 -125.425 378.863 2.52144
370 0.74 504.193 -124.66 379.533 2.52096
380 0.76 504.324 -120.95 383.375 2.52162
390 0.78 504.267 -121.091 383.177 2.52134
400 0.8 504.128 -125.39 378.738 2.52064
410 0.82 503.736 -124.041 379.695 2.51868
420 0.84 504.734 -110.374 394.36 2.52367
430 0.86 503.582 -111.209 392.373 2.51791
440 0.88 504.638 -107.045 397.593 2.52319
450 0.9 504.137 -117.094 387.043 2.52068
460 0.92 503.744 -129.194 374.549 2.51872
470 0.94 504.171 -127.39 376.78 2.52085
480 0.96 504.069 -120.481 383.588 2.52034
490 0.98 503.858 -110.694 393.164 2.51929
500 1 504.253 -107.872 396.381 2.52127
510 1.02 503.863 -101.049 402.814 2.51932
520 1.04 505.022 -91.1492 413.872 2.52511
530 1.06 504.293 -100.348 403.945 2.52146
540 1.08 503.832 -103.035 400.796 2.51916
550 1.1 505.061 -103.668 401.393 2.5253
560 1.12 503.888 -117.853 386.035 2.51944
570 1.14 504.16 -122.78 381.38 2.5208
580 1.16 504.174 -124.514 379.659 2.52087
590 1.18 503.964 -120.988 382.976 2.51982
600 1.2 504.557 -114.684 389.873 2.52279
610 1.22 504.057 -113.066 390.991 2.52028
620 1.24 504.212 -108.372 395.84 2.52106
630 1.26 504.444 -109.112 395.332 2.52222
640 1.28 504.077 -114.334 389.743 2.52039
650 1.3 504.467 -118.195 386.273 2.52234
660 1.32 503.953 -126.04 377.913 2.51976
670 1.34 504.101 -125.714 378.388 2.52051
680 1.36 504.241 -121.917 382.324 2.5212
690 1.38 504.054 -118 386.054 2.52027
700 1.4 504.338 -109.841 394.497 2.52169
710 1.42 504.57 -110.587 393.983 2.52285
720 1.44 503.887 -121.01 382.877 2.51943
730 1.46 503.78 -120.393 383.387 2.5189
740 1.48 504.68 -106.534 398.146 2.5234
750 1.5 503.996 -106.201 397.795 2.51998
760 1.52 504.222 -109.722 394.5 2.52111
770 1.54 504.172 -111.973 392.199 2.52086
780 1.56 504.329 -113.743 390.585 2.52164
790 1.58 503.701 -117.133 386.568 2.5185
800 1.6 504.428 -108.011 396.418 2.52214
810 1.62 504.263 -102.578 401.686 2.52132
820 1.64 504.12 -102.653 401.467 2.5206
830 1.66 504.664 -102.893 401.771 2.52332
840 1.68 504.011 -108.274 395.738 2.52006
850 1.7 503.926 -110.24 393.686 2.51963
860 1.72 504.586 -108.284 396.302 2.52293
870 1.74 504.022 -114.486 389.537 2.52011
880 1.76 503.872 -116.29 387.582 2.51936
890 1.78 504.489 -111.027 393.462 2.52245
900 1.8 504.085 -107.798 396.287 2.52043
910 1.82 504.414 -105.528 398.886 2.52207
920 1.84 503.869 -105.415 398.455 2.51935
930 1.86 504.72 -101.242 403.478 2.5236
940 1.88 504.032 -104.652 399.381 2.52016
950 1.9 504.169 -101.123 403.046 2.52084
960 1.92 504.553 -104.855 399.698 2.52276
970 1.94 503.713 -116.237 387.476 2.51857
980 1.96 504.366 -114.47 389.896 2.52183
990 1.98 503.938 -112.934 391.004 2.51969
1000 2 504.297 -110.279 394.018 2.52148
1010 2.02 504.315 -108.951 395.364 2.52157
1020 2.04 503.939 -109.093 394.846 2.5197
1030 2.06 504.33 -103.829 400.501 2.52165
1040 2.08 504.476 -103.574 400.902 2.52238
1050 2.1 503.621 -110.522 393.098 2.5181
1060 2.12 503.829 -99.5165 404.312 2.51914
1070 2.14 505.997 -83.9891 422.007 2.52998
1080 2.16 503.536 -101.361 402.175 2.51768
1090 2.18 504.089 -106.748 397.34 2.52044
1100 2.2 503.93 -108.671 395.259 2.51965
1110 2.22 504.476 -109.319 395.156 2.52238
1120 2.24 503.991 -114.939 389.052 2.51996
1130 2.26 504.068 -115.008 389.06 2.52034
1140 2.28 504.344 -110.855 393.489 2.52172
1150 2.3 503.98 -107.345 396.635 2.5199
1160 2.32 504.579 -104.913 399.666 2.52289
1170 2.34 504.108 -113.215 390.894 2.52054
1180 2.36 504.007 -119.454 384.553 2.52004
1190 2.38 504.198 -117.803 386.395 2.52099
1200 2.4 504.151 -118.229 385.922 2.52076
1210 2.42 503.96 -118.992 384.968 2.5198
1220 2.44 504.356 -112.471 391.884 2.52178
1230 2.46 504.184 -110.189 393.995 2.52092
1240 2.48 504.302 -108.806 395.496 2.52151
1250 2.5 504.327 -110.5 393.827 2.52164
1260 2.52 503.865 -114.755 389.11 2.51933
1270 2.54 504.304 -109.567 394.737 2.52152
1280 2.56 504.33 -108.202 396.128 2.52165
1290 2.58 503.84 -109.38 394.46 2.5192
1300 2.6 504.789 -104.794 399.995 2.52394
1310 2.62 503.971 -111.188 392.783 2.51986
1320 2.64 504.328 -115.793 388.535 2.52164
1330 2.66 503.802 -118.853 384.949 2.51901
1340 2.68 504.395 -114.755 389.641 2.52198
1350 2.7 504.208 -115.155 389.053 2.52104
1360 2.72 503.48 -111.645 391.835 2.5174
1370 2.74 506.116 -93.9374 412.179 2.53058
1380 2.76 503.122 -108.298 394.824 2.51561
1390 2.78 504.817 -108.724 396.093 2.52408
1400 2.8 504.143 -112.056 392.087 2.52072
1410 2.82 504.023 -113.858 390.164 2.52011
1420 2.84 504.315 -110.227 394.088 2.52157
1430 2.86 504.488 -112.269 392.219 2.52244
1440 2.88 503.948 -121.843 382.105 2.51974
1450 2.9 504.18 -124.851 379.329 2.5209
1460 2.92 504.185 -126.307 377.878 2.52092
1470 2.94 503.93 -125.361 378.569 2.51965
1480 2.96 504.34 -117.735 386.605 2.5217
1490 2.98 504.493 -114.078 390.414 2.52246
1500 3 504.203 -119.417 384.786 2.52101
1510 3.02 504.01 -124.672 379.338 2.52005
1520 3.04 504.045 -122.124 381.92 2.52022
1530 3.06 504.095 -114.398 389.697 2.52048
1540 3.08 504.841 -105.327 399.514 2.52421
1550 3.1 503.905 -111.704 392.201 2.51953
1560 3.12 503.732 -115.994 387.738 2.51866
1570 3.14 504.833 -103.292 401.541 2.52417
1580 3.16 503.807 -104.444 399.363 2.51904
1590 3.18 503.847 -109.182 394.665 2.51923
1600 3.2 504.028 -105.905 398.123 2.52014
1610 3.22 504.8 -101.769 403.031 2.524
1620 3.24 503.292 -117.668 385.623 2.51646
1630 3.26 503.862 -122.282 381.58 2.51931
1640 3.28 503.903 -113.524 390.379 2.51951
1650 3.3 504.846 -99.3986 405.447 2.52423
1660 3.32 503.856 -105.466 398.391 2.51928
1670 3.34 504.063 -111.857 392.206 2.52031
1680 3.36 504.361 -113.977 390.384 2.52181
1690 3.38 504.134 -121.653 382.481 2.52067
1700 3.4 504.05 -127.722 376.328 2.52025
1710 3.42 504.09 -127.694 376.396 2.52045
1720 3.44 503.916 -121.795 382.122 2.51958
1730 3.46 504.458 -107.271 397.188 2.52229
1740 3.48 503.848 -100.162 403.686 2.51924
1750 3.5 505.429 -89.7893 415.639 2.52714
1760 3.52 503.468 -100.36 403.108 2.51734
1770 3.54 503.765 -103.518 400.247 2.51882
1780 3.56 504.378 -93.4575 410.92 2.52189
1790 3.58 504.39 -94.1423 410.247 2.52195
1800 3.6 503.772 -99.5716 404.2 2.51886
1810 3.62 505.147 -98.1484 406.999 2.52574
1820 3.64 503.849 -115.041 388.808 2.51924
1830 3.66 503.989 -123.696 380.293 2.51995
1840 3.68 504.129 -123.404 380.724 2.52064
1850 3.7 504.114 -118.658 385.455 2.52057
1860 3.72 504.694 -115.836 388.858 2.52347
1870 3.74 503.967 -122.766 381.202 2.51984
1880 3.76 504.09 -124.256 379.834 2.52045
1890 3.78 503.543 -115.331 388.212 2.51771
1900 3.8 505.854 -104.102 401.753 2.52927
1910 3.82 504.72 -111.753 392.967 2.5236
1920 3.84 504.377 -114.686 389.691 2.52189
1930 3.86 503.843 -113.886 389.957 2.51921
1940 3.88 505.394 -104.146 401.248 2.52697
1950 3.9 503.4 -115.12 388.28 2.517
1960 3.92 504.58 -114.686 389.894 2.5229
1970 3.94 503.777 -116.615 387.162 2.51888
1980 3.96 504.049 -105.944 398.105 2.52025
1990 3.98 505.023 -100.025 404.998 2.52511
2000 4 503.623 -117.35 386.272 2.51811
2010 4.02 503.48 -114.805 388.675 2.5174
2020 4.04 505.222 -98.0121 407.21 2.52611
2030 4.06 504.271 -101.309 402.962 2.52135
2040 4.08 504.245 -113.07 391.175 2.52123
2050 4.1 503.804 -121.515 382.289 2.51902
2060 4.12 504.323 -112.943 391.379 2.52161
2070 4.14 504.582 -110.105 394.477 2.52291
2080 4.16 504.082 -117.383 386.699 2.52041
2090 4.18 504.291 -121.338 382.954 2.52146
2100 4.2 503.947 -125.811 378.136 2.51974
2110 4.22 503.76 -120.329 383.431 2.5188
2120 4.24 505.365 -111.867 393.498 2.52682
2130 4.26 504.019 -119.539 384.48 2.52009
2140 4.28 504.071 -115.63 388.441 2.52035
2150 4.3 504.631 -104.596 400.035 2.52315
2160 4.32 504.327 -107.038 397.29 2.52164
2170 4.34 503.891 -115.85 388.04 2.51945
2180 4.36 504.133 -113.616 390.517 2.52067
2190 4.38 504.335 -110.788 393.547 2.52167
2200 4.4 503.57 -107.017 396.553 2.51785
2210 4.42 505.235 -89.9297 415.305 2.52617
2220 4.44 504.233 -96.3186 407.915 2.52117
2230 4.46 503.811 -110.914 392.898 2.51906
2240 4.48 503.481 -112.428 391.053 2.51741
2250 4.5 506.058 -96.6714 409.386 2.53029
2260 4.52 503.002 -106.774 396.227 2.51501
2270 4.54 504.207 -103.296 400.911 2.52103
2280 4.56 504.344 -98.9314 405.413 2.52172
2290 4.58 504.53 -104.789 399.742 2.52265
2300 4.6 503.973 -120.356 383.616 2.51986
2310 4.62 504.12 -128.898 375.222 2.5206
2320 4.64 504.047 -133.07 370.977 2.52024
2330 4.66 503.939 -130.408 373.531 2.51969
2340 4.68 503.416 -114.646 388.77 2.51708
2350 4.7 506.397 -107.121 399.275 2.53198
2360 4.72 504.793 -123.068 381.725 2.52397
2370 4.74 504.088 -116.928 387.16 2.52044
2380 4.76 505.289 -88.622 416.667 2.52645
2390 4.78 501.559 -97.5707 403.988 2.50779
2400 4.8 503.556 -111.088 392.468 2.51778
2410 4.82 503.725 -121.32 382.405 2.51863
2420 4.84 504.188 -121.661 382.527 2.52094
2430 4.86 503.906 -123.183 380.723 2.51953
2440 4.88 504.6 -119.019 385.581 2.523
2450 4.9 503.783 -122.591 381.192 2.51891
2460 4.92 503.808 -120.313 383.495 2.51904
2470 4.94 503.799 -104.672 399.128 2.519
2480 4.96 505.464 -90.621 414.843 2.52732
2490 4.98 504.636 -96.9951 407.64 2.52318
2500 5 503.926 -104.714 399.212 2.51963
2510 5.02 504.129 -99.5164 404.613 2.52065
2520 5.04 504.991 -98.9574 406.033 2.52495
2530 5.06 503.801 -117.391 386.41 2.51901
2540 5.08 503.988 -124.46 379.528 2.51994
2550 5.1 504.028 -121.296 382.733 2.52014
2560 5.12 504.071 -111.934 392.137 2.52036
2570 5.14 504.21 -96.3252 407.885 2.52105
2580 5.16 504.959 -90.1522 414.807 2.5248
2590 5.18 504.609 -108.742 395.867 2.52305
2600 5.2 503.724 -123.602 380.122 2.51862
2610 5.22 504.545 -120.669 383.876 2.52272
2620 5.24 503.785 -120.285 383.5 2.51892
2630 5.26 504.579 -108.053 396.526 2.5229
2640 5.28 504.664 -106.433 398.231 2.52332
2650 5.3 503.758 -121.626 382.132 2.51879
2660 5.32 504.061 -128.109 375.951 2.5203
2670 5.34 503.294 -120.766 382.528 2.51647
2680 5.36 505.726 -97.973 407.753 2.52863
2690 5.38 506.638 -97.5416 409.096 2.53319
2700 5.4 504.32 -112.31 392.009 2.5216
2710 5.42 504.387 -104.842 399.544 2.52193
2720 5.44 504.997 -90.335 414.662 2.52498
2730 5.46 503.217 -107.103 396.114 2.51608
2740 5.48 503.695 -119.364 384.331 2.51848
2750 5.5 503.73 -113.555 390.176 2.51865
2760 5.52 504.067 -105.652 398.415 2.52033
2770 5.54 504.149 -106.021 398.129 2.52075
2780 5.56 505.502 -108.314 397.188 2.52751
2790 5.58 503.382 -130.033 373.35 2.51691
2800 5.6 503.334 -133.286 370.049 2.51667
2810 5.62 505.229 -117.836 387.393 2.52615
2820 5.64 504.335 -116.06 388.275 2.52168
2830 5.66 504.242 -118.461 385.781 2.52121
2840 5.68 504.128 -121.53 382.598 2.52064
2850 5.7 503.992 -119.192 384.8 2.51996
2860 5.72 504.315 -112.085 392.23 2.52158
2870 5.74 504.147 -108.069 396.078 2.52074
2880 5.76 503.973 -102.608 401.364 2.51986
2890 5.78 504.54 -88.6421 415.898 2.5227
2900 5.8 503.428 -91.4521 411.976 2.51714
2910 5.82 504.702 -97.2479 407.455 2.52351
2920 5.84 503.623 -112.386 391.237 2.51812
2930 5.86 504.055 -110.442 393.613 2.52028
2940 5.88 504.22 -108.801 395.42 2.5211
2950 5.9 503.901 -117.703 386.198 2.5195
2960 5.92 503.966 -118.777 385.189 2.51983
2970 5.94 504.252 -113.259 390.993 2.52126
2980 5.96 504.256 -111.016 393.24 2.52128
2990 5.98 504.529 -112.753 391.777 2.52265
3000 6 504.015 -123.12 380.895 2.52007
3010 6.02 503.878 -128.965 374.913 2.51939
3020 6.04 504.081 -122.705 381.376 2.5204
3030 6.06 504.124 -110.916 393.208 2.52062
3040 6.08 504.539 -99.1871 405.352 2.52269
3050 6.1 504.165 -100.14 404.025 2.52083
3060 6.12 504.39 -107.109 397.281 2.52195
3070 6.14 503.911 -112.96 390.951 2.51955
3080 6.16 504.15 -108.865 395.285 2.52075
3090 6.18 504.659 -103.377 401.282 2.5233
3100 6.2 503.506 -104.099 399.407 2.51753
3110 6.22 505.724 -93.2154 412.509 2.52862
3120 6.24 503.992 -95.9731 408.018 2.51996
3130 6.26 505.237 -97.0238 408.213 2.52618
3140 6.28 503.678 -113.768 389.911 2.51839
3150 6.3 504.09 -111.695 392.394 2.52045
3160 6.32 504.332 -111.109 393.224 2.52166
3170 6.34 504.047 -114.219 389.828 2.52023
3180 6.36 504.281 -110.57 393.711 2.5214
3190 6.38 504.102 -106.657 397.445 2.52051
3200 6.4 504.401 -108.126 396.275 2.52201
3210 6.42 504.006 -118.057 385.949 2.52003
3220 6.44 504.09 -117.185 386.905 2.52045
3230 6.46 504.667 -115.871 388.796 2.52334
3240 6.48 503.921 -125.092 378.829 2.51961
3250 6.5 504.023 -125.803 378.22 2.52012
3260 6.52 504.317 -119.078 385.238 2.52158
3270 6.54 504.153 -118.434 385.719 2.52077
3280 6.56 503.761 -116.183 387.577 2.5188
3290 6.58 505.094 -105.562 399.532 2.52547
3300 6.6 503.722 -109.463 394.26 2.51861
3310 6.62 504.313 -104.391 399.922 2.52156
3320 6.64 504.413 -109.948 394.465 2.52206
3330 6.66 504.021 -115.859 388.162 2.5201
3340 6.68 504.561 -110.928 393.633 2.52281
3350 6.7 503.977 -111.167 392.81 2.51988
3360 6.72 503.971 -103.224 400.748 2.51986
3370 6.74 503.98 -82.6324 421.348 2.5199
3380 6.76 501.259 -95.459 405.8 2.5063
3390 6.78 503.564 -105.655 397.909 2.51782
3400 6.8 503.562 -105.051 398.511 2.51781
3410 6.82 505.915 -94.2302 411.685 2.52958
3420 6.84 502.95 -110.842 392.108 2.51475
3430 6.86 503.388 -115.723 387.666 2.51694
3440 6.88 504.03 -116.605 387.425 2.52015
3450 6.9 503.945 -110.606 393.34 2.51973
3460 6.92 504.957 -101.999 402.957 2.52478
3470 6.94 503.914 -110.691 393.223 2.51957
3480 6.96 504.065 -111.552 392.513 2.52033
3490 6.98 504.501 -109.159 395.341 2.5225
3500 7 503.837 -113.055 390.782 2.51918
3510 7.02 504.228 -107.66 396.567 2.52114
3520 7.04 504.489 -104.726 399.763 2.52245
3530 7.06 504.055 -115.398 388.658 2.52028
3540 7.08 503.975 -120.097 383.878 2.51988
3550 7.1 504.247 -118.758 385.489 2.52123
3560 7.12 503.95 -120.194 383.756 2.51975
3570 7.14 504.016 -113.91 390.106 2.52008
3580 7.16 504.695 -104.456 400.239 2.52347
3590 7.18 504.129 -110.018 394.111 2.52064
3600 7.2 503.705 -113.348 390.357 2.51853
3610 7.22 504.571 -102.755 401.816 2.52286
3620 7.24 504.131 -103.441 400.69 2.52065
3630 7.26 504.486 -108.56 395.926 2.52243
3640 7.28 503.969 -111.43 392.539 2.51985
3650 7.3 504.74 -115.191 389.549 2.5237
3660 7.32 503.963 -127.403 376.56 2.51981
3670 7.34 504.094 -126.772 377.322 2.52047
3680 7.36 504.273 -119.236 385.037 2.52137
3690 7.38 504.355 -113.72 390.635 2.52178
3700 7.4 504.159 -112.709 391.45 2.52079
3710 7.42 504.418 -112.474 391.945 2.52209
3720 7.44 504.024 -117.498 386.526 2.52012
3730 7.46 504.175 -118.732 385.443 2.52087
3740 7.48 504.317 -120.626 383.691 2.52159
3750 7.5 503.284 -119.204 384.081 2.51642
3760 7.52 506.009 -106.05 399.96 2.53005
3770 7.54 504.407 -114.276 390.13 2.52203
3780 7.56 504.437 -122.974 381.463 2.52218
3790 7.58 503.756 -132.164 371.592 2.51878
3800 7.6 504.674 -126.456 378.218 2.52337
3810 7.62 504.207 -122.887 381.321 2.52104
3820 7.64 503.672 -121.605 382.067 2.51836
3830 7.66 503.964 -125.577 378.386 2.51982
3840 7.68 504.116 -125.413 378.704 2.52058
3850 7.7 504.291 -119.759 384.532 2.52145
3860 7.72 504.213 -117.195 387.018 2.52107
3870 7.74 503.656 -111.454 392.202 2.51828
3880 7.76 505.304 -96.5491 408.754 2.52652
3890 7.78 503.73 -110.196 393.534 2.51865
3900 7.8 503.967 -118.479 385.488 2.51983
3910 7.82 504.36 -124.994 379.366 2.5218
3920 7.84 503.832 -134.884 368.947 2.51916
3930 7.86 504.083 -130.848 373.234 2.52041
3940 7.88 504.611 -123.273 381.337 2.52305
3950 7.9 504.072 -125.954 378.118 2.52036
3960 7.92 504.158 -128.17 375.988 2.52079
3970 7.94 504.127 -126.603 377.524 2.52063
3980 7.96 504.207 -124.741 379.466 2.52104
3990 7.98 504.252 -123.734 380.518 2.52126
4000 8 504.125 -124.249 379.876 2.52062
4010 8.02 504.058 -121.861 382.197 2.52029
4020 8.04 504.651 -116.313 388.338 2.52325
4030 8.06 503.868 -125.221 378.647 2.51934
4040 8.08 503.704 -128.768 374.935 2.51852
4050 8.1 504.189 -114.729 389.46 2.52095
4060 8.12 504.832 -106.573 398.259 2.52416
4070 8.14 504.133 -117.223 386.91 2.52066
4080 8.16 503.923 -123.933 379.989 2.51961
4090 8.18 504.19 -121.997 382.193 2.52095
4100 8.2 504.377 -119.309 385.068 2.52189
4110 8.22 504.01 -120.299 383.711 2.52005
4120 8.24 504.208 -116.82 387.388 2.52104
4130 8.26 504.627 -115.205 389.423 2.52314
4140 8.28 504.095 -125.777 378.318 2.52047
4150 8.3 504.211 -134.361 369.849 2.52105
4160 8.32 503.839 -139.15 364.689 2.51919
4170 8.34 504.09 -134.974 369.116 2.52045
4180 8.36 504.345 -126.694 377.65 2.52172
4190 8.38 504.524 -125.374 379.15 2.52262
4200 8.4 503.949 -133.121 370.828 2.51974
4210 8.42 504.154 -136.288 367.866 2.52077
4220 8.44 504.018 -135.796 368.222 2.52009
4230 8.46 504.019 -128.189 375.83 2.52009
4240 8.48 503.881 -113.428 390.454 2.51941
4250 8.5 505.052 -89.8328 415.22 2.52526
4260 8.52 504.693 -95.2058 409.487 2.52346
4270 8.54 503.228 -121.735 381.493 2.51614
4280 8.56 503.674 -124.471 379.203 2.51837
4290 8.58 504.937 -113.978 390.959 2.52468
4300 8.6 503.826 -118.676 385.15 2.51913
4310 8.62 504.236 -120.567 383.669 2.52118
4320 8.64 504.231 -123.568 380.663 2.52116
4330 8.66 503.962 -127.036 376.926 2.51981
4340 8.68 504.158 -125.046 379.112 2.52079
4350 8.7 504.148 -119.382 384.766 2.52074
4360 8.72 503.845 -110.375 393.469 2.51922
4370 8.74 505.131 -93.9136 411.217 2.52565
4380 8.76 503.58 -101.374 402.206 2.5179
4390 8.78 504.162 -110.332 393.83 2.52081
4400 8.8 504.016 -118.7 385.316 2.52008
4410 8.82 503.792 -120.999 382.793 2.51896
4420 8.84 504.308 -111.606 392.702 2.52154
4430 8.86 504.698 -106.674 398.024 2.52349
4440 8.88 503.631 -117.283 386.349 2.51816
4450 8.9 503.778 -116.568 387.21 2.51889
4460 8.92 504.66 -105.598 399.062 2.5233
4470 8.94 504.592 -108.752 395.84 2.52296
4480 8.96 503.626 -123.441 380.185 2.51813
4490 8.98 504.111 -123.992 380.119 2.52056
4500 9 504.317 -120.676 383.641 2.52159
4510 9.02 504.105 -122.307 381.798 2.52053
4520 9.04 504.217 -121.439 382.779 2.52109
4530 9.06 504.507 -123.104 381.404 2.52254
4540 9.08 503.966 -129.427 374.539 2.51983
4550 9.1 504.041 -129.159 374.882 2.5202
4560 9.12 503.954 -121.766 382.188 2.51977
4570 9.14 504.324 -106.027 398.297 2.52162
4580 9.16 504.631 -100.34 404.291 2.52315
4590 9.18 503.98 -107.874 396.106 2.5199
4600 9.2 504.053 -109.631 394.422 2.52027
4610 9.22 504.535 -107.967 396.568 2.52267
4620 9.24 504.167 -111.008 393.159 2.52084
4630 9.26 504.14 -113.405 390.736 2.5207
4640 9.28 504.533 -116.422 388.111 2.52266
4650 9.3 503.969 -122.199 381.77 2.51985
4660 9.32 504.153 -119.833 384.32 2.52077
4670 9.34 504.745 -119.691 385.053 2.52372
4680 9.36 503.729 -127.333 376.396 2.51864
4690 9.38 504.607 -124.598 380.008 2.52303
4700 9.4 503.98 -125.954 378.026 2.5199
4710 9.42 503.934 -121.919 382.015 2.51967
4720 9.44 504.388 -108.133 396.256 2.52194
4730 9.46 504.42 -108.868 395.553 2.5221
4740 9.48 503.846 -119.092 384.755 2.51923
4750 9.5 504.184 -116.289 387.895 2.52092
4760 9.52 504.348 -111.588 392.761 2.52174
4770 9.54 504.115 -112.13 391.985 2.52057
4780 9.56 504.214 -110.824 393.39 2.52107
4790 9.58 504.4 -111.486 392.913 2.522
4800 9.6 503.936 -113.954 389.982 2.51968
4810 9.62 504.53 -111.883 392.647 2.52265
4820 9.64 504.156 -118.252 385.904 2.52078
4830 9.66 504.074 -126.323 377.751 2.52037
4840 9.68 504.045 -131.464 372.58 2.52022
4850 9.7 504.047 -130.051 373.996 2.52023
4860 9.72 504.087 -122.978 381.11 2.52044
4870 9.74 504.325 -114.519 389.806 2.52162
4880 9.76 504.644 -107.904 396.74 2.52322
4890 9.78 503.933 -111.14 392.793 2.51966
4900 9.8 504.05 -110.83 393.22 2.52025
4910 9.82 504.034 -103.513 400.521 2.52017
4920 9.84 504.97 -97.3815 407.588 2.52485
4930 9.86 504.207 -110.591 393.616 2.52103
4940 9.88 504.103 -124.814 379.289 2.52051
4950 9.9 503.688 -131.987 371.702 2.51844
4960 9.92 503.863 -122.096 381.766 2.51931
4970 9.94 504.65 -102.428 402.223 2.52325
4980 9.96 504.793 -97.0178 407.775 2.52397
4990 9.98 503.518 -110.558 392.96 2.51759
5000 10 504.194 -109.725 394.469 2.52097
5010 10.02 504.17 -107.055 397.114 2.52085
5020 10.04 504.299 -106.371 397.928 2.5215
5030 10.06 503.798 -108.797 395.001 2.51899
5040 10.08 504.254 -103.84 400.414 2.52127
5050 10.1 504.346 -100.905 403.441 2.52173
5060 10.12 504.351 -107.186 397.165 2.52176
5070 10.14 503.946 -115.668 388.278 2.51973
5080 10.16 503.883 -116.126 387.757 2.51942
5090 10.18 503.521 -99.9611 403.56 2.5176
5100 10.2 505.389 -67.9755 437.413 2.52694
5110 10.22 504.53 -71.6409 432.889 2.52265
5120 10.24 504.037 -91.8579 412.179 2.52019
5130 10.26 504.044 -106.62 397.423 2.52022
5140 10.28 504.234 -117.009 387.226 2.52117
5150 10.3 503.629 -122.13 381.499 2.51815
5160 10.32 504.687 -111.199 393.488 2.52344
5170 10.34 503.678 -103.276 400.402 2.51839
5180 10.36 505.752 -88.8612 416.891 2.52876
5190 10.38 504.756 -96.5012 408.255 2.52378
5200 10.4 504.002 -107.404 396.598 2.52001
5210 10.42 504.285 -110.778 393.507 2.52142
5220 10.44 504.058 -110.972 393.086 2.52029
5230 10.46 504.119 -102.762 401.357 2.5206
5240 10.48 504.674 -99.3948 405.279 2.52337
5250 10.5 503.934 -103.946 399.988 2.51967
5260 10.52 504.637 -102.08 402.557 2.52318
5270 10.54 504.014 -106.752 397.262 2.52007
5280 10.56 504.284 -107.295 396.99 2.52142
5290 10.58 504.148 -109.992 394.156 2.52074
5300 10.6 504.242 -111.301 392.941 2.52121
5310 10.62 504.05 -112.377 391.673 2.52025
5320 10.64 504.24 -113.831 390.409 2.5212
5330 10.66 504.214 -115.826 388.388 2.52107
5340 10.68 504.017 -119.071 384.946 2.52009
5350 10.7 503.793 -115.217 388.576 2.51897
5360 10.72 505.03 -103.783 401.247 2.52515
5370 10.74 503.932 -104.114 399.818 2.51966
5380 10.76 504.437 -102.325 402.112 2.52219
5390 10.78 504.028 -105.414 398.614 2.52014
5400 10.8 504.327 -103.545 400.782 2.52164
5410 10.82 503.847 -110.242 393.605 2.51923
5420 10.84 504.877 -114.006 390.871 2.52438
5430 10.86 503.622 -121.409 382.213 2.51811
5440 10.88 503.875 -113.174 390.701 2.51937
5450 10.9 505.446 -101.375 404.072 2.52723
5460 10.92 504.175 -109.912 394.264 2.52088
5470 10.94 503.928 -116.574 387.354 2.51964
5480 10.96 504.156 -114.855 389.3 2.52078
5490 10.98 504.255 -110.15 394.104 2.52127
5500 11 504.155 -106.436 397.719 2.52077
5510 11.02 504.439 -102.519 401.92 2.52219
5520 11.04 503.835 -103.482 400.353 2.51918
5530 11.06 504.511 -106.07 398.441 2.52255
5540 11.08 504.681 -105.657 399.023 2.5234
5550 11.1 502.47 -113.704 388.766 2.51235
5560 11.12 504.196 -106.34 397.855 2.52098
5570 11.14 504.011 -101.384 402.627 2.52006
5580 11.16 504.905 -99.8483 405.057 2.52452
5590 11.18 503.948 -110.588 393.36 2.51974
5600 11.2 504 -113.734 390.266 2.52
5610 11.22 504.426 -108.926 395.5 2.52213
5620 11.24 504.112 -111.296 392.816 2.52056
5630 11.26 503.9 -112.144 391.756 2.5195
5640 11.28 504.667 -107.512 397.155 2.52334
5650 11.3 504.193 -114.754 389.439 2.52096
5660 11.32 504.02 -122.984 381.036 2.5201
5670 11.34 503.847 -122.335 381.511 2.51923
5680 11.36 504.12 -109.169 394.951 2.5206
5690 11.38 504.566 -102.64 401.926 2.52283
5700 11.4 504.232 -108.518 395.715 2.52116
5710 11.42 504.253 -116.955 387.298 2.52126
5720 11.44 504.041 -125.432 378.61 2.52021
5730 11.46 504.188 -126.349 377.839 2.52094
5740 11.48 504.177 -125.589 378.587 2.52088
5750 11.5 504.302 -126.431 377.871 2.52151
5760 11.52 503.861 -126.047 377.814 2.51931
5770 11.54 504.349 -121.27 383.079 2.52174
5780 11.56 503.796 -114.495 389.301 2.51898
5790 11.58 504.39 -103.296 401.094 2.52195
5800 11.6 504.39 -105.426 398.964 2.52195
5810 11.62 504.523 -115.658 388.865 2.52262
5820 11.64 503.737 -127.742 375.996 2.51869
5830 11.66 503.525 -122.11 381.416 2.51763
5840 11.68 506.402 -100.249 406.152 2.53201
5850 11.7 503.441 -109.14 394.301 2.5172
5860 11.72 503.915 -109.694 394.221 2.51957
5870 11.74 505.362 -110.872 394.49 2.52681
5880 11.76 503.665 -128.893 374.772 2.51833
5890 11.78 504.078 -133.614 370.464 2.52039
5900 11.8 504.071 -129.49 374.581 2.52035
5910 11.82 504.105 -117.829 386.276 2.52053
5920 11.84 503.943 -102.218 401.725 2.51972
5930 11.86 505.103 -87.5969 417.506 2.52552
5940 11.88 504.117 -90.6452 413.472 2.52059
5950 11.9 504.823 -104.548 400.275 2.52412
5960 11.92 503.589 -122.517 381.072 2.51794
5970 11.94 504.671 -123.433 381.238 2.52336
5980 11.96 503.893 -130.993 372.9 2.51946
5990 11.98 503.972 -128.649 375.323 2.51986
6000 12 504.253 -118.119 386.134 2.52126
6010 12.02 503.445 -102.453 400.992 2.51723
6020 12.04 506.29 -90.6686 415.621 2.53145
6030 12.06 504.402 -100.967 403.435 2.52201
6040 12.08 505.035 -95.7693 409.266 2.52518
6050 12.1 504.234 -100.925 403.308 2.52117
6060 12.12 504.781 -109.027 395.754 2.52391
6070 12.14 503.802 -126.666 377.136 2.51901
6080 12.16 503.603 -132.598 371.004 2.51801
6090 12.18 503.803 -115.13 388.674 2.51902
6100 12.2 505.042 -93.0539 411.988 2.52521
6110 12.22 504.599 -95.7514 408.847 2.52299
6120 12.24 503.866 -106.331 397.535 2.51933
6130 12.26 504.25 -110.112 394.139 2.52125
6140 12.28 504.272 -107.251 397.021 2.52136
6150 12.3 504.533 -110.908 393.625 2.52267
6160 12.32 503.996 -126.44 377.556 2.51998
6170 12.34 503.899 -134.094 369.805 2.51949
6180 12.36 503.597 -127.332 376.264 2.51798
6190 12.38 504.658 -99.4367 405.221 2.52329
6200 12.4 502.642 -93.1722 409.47 2.51321
6210 12.42 504.903 -93.3168 411.586 2.52451
6220 12.44 502.926 -94.6046 408.322 2.51463
6230 12.46 506.111 -93.7981 412.313 2.53056
6240 12.48 503.959 -121.884 382.075 2.5198
6250 12.5 503.893 -122.692 381.201 2.51946
6260 12.52 504.678 -107.77 396.908 2.52339
6270 12.54 504.429 -106.528 397.901 2.52215
6280 12.56 503.898 -111.651 392.247 2.51949
6290 12.58 504.002 -116.248 387.754 2.52001
6300 12.6 504.158 -121.656 382.502 2.52079
6310 12.62 504 -124.846 379.153 2.52
6320 12.64 503.951 -121.647 382.304 2.51976
6330 12.66 504.493 -111.482 393.011 2.52246
6340 12.68 504.104 -110.4 393.704 2.52052
6350 12.7 503.757 -106.62 397.138 2.51879
6360 12.72 505.424 -92.9658 412.458 2.52712
6370 12.74 503.395 -102.532 400.863 2.51698
6380 12.76 505.318 -101.483 403.835 2.52659
6390 12.78 504.007 -113.86 390.146 2.52003
6400 12.8 503.568 -117.946 385.622 2.51784
6410 12.82 504.573 -111.818 392.754 2.52286
6420 12.84 503.978 -107.787 396.192 2.51989
6430 12.86 504.38 -99.7794 404.6 2.5219
6440 12.88 506.935 -84.7015 422.233 2.53467
6450 12.9 501.603 -111.182 390.421 2.50801
6460 12.92 503.706 -112.691 391.015 2.51853
6470 12.94 504.042 -111.765 392.278 2.52021
6480 12.96 504.036 -111.305 392.731 2.52018
6490 12.98 504.634 -111.793 392.841 2.52317
6500 13 504.147 -119.914 384.233 2.52074
6510 13.02 504.054 -125.646 378.408 2.52027
6520 13.04 504.086 -125.177 378.91 2.52043
6530 13.06 504.407 -122.371 382.037 2.52204
6540 13.08 504.182 -124.394 379.788 2.52091
6550 13.1 504.118 -126.187 377.931 2.52059
6560 13.12 503.793 -123.894 379.9 2.51897
6570 13.14 504.494 -106.008 398.486 2.52247
6580 13.16 504.338 -104.567 399.771 2.52169
6590 13.18 503.616 -115.229 388.387 2.51808
6600 13.2 503.672 -98.8316 404.84 2.51836
6610 13.22 503.376 -80.9974 422.378 2.51688
6620 13.24 504.268 -76.931 427.337 2.52134
6630 13.26 503.338 -91.7645 411.574 2.51669
6640 13.28 504.392 -106.305 398.086 2.52196
6650 13.3 503.714 -127.606 376.108 2.51857
6660 13.32 503.57 -134.956 368.614 2.51785
6670 13.34 504.314 -120.265 384.048 2.52157
6680 13.36 504.266 -113.511 390.755 2.52133
6690 13.38 504.098 -112.878 391.22 2.52049
6700 13.4 504.478 -110.317 394.161 2.52239
6710 13.42 504.019 -115.697 388.321 2.52009
6720 13.44 503.902 -115.731 388.171 2.51951
6730 13.46 504.737 -113.575 391.162 2.52369
6740 13.48 503.625 -125.922 377.703 2.51813
6750 13.5 503.694 -121.13 382.564 2.51847
6760 13.52 505.575 -105.201 400.374 2.52788
6770 13.54 504.405 -108.809 395.596 2.52202
6780 13.56 504.164 -115.014 389.15 2.52082
6790 13.58 504.217 -120.876 383.341 2.52108
6800 13.6 504.045 -124.823 379.222 2.52023
6810 13.62 504.806 -118.934 385.872 2.52403
6820 13.64 502.874 -122.018 380.856 2.51437
6830 13.66 504.96 -115.495 389.465 2.5248
6840 13.68 503.5 -121.262 382.238 2.5175
6850 13.7 504.366 -116.649 387.717 2.52183
6860 13.72 504.396 -117.467 386.928 2.52198
6870 13.74 503.655 -120.155 383.5 2.51827
6880 13.76 504.068 -112.66 391.408 2.52034
6890 13.78 505.496 -107.475 398.021 2.52748
6900 13.8 504.294 -115.188 389.106 2.52147
6910 13.82 504.273 -118.457 385.816 2.52137
6920 13.84 503.939 -118.819 385.12 2.5197
6930 13.86 504.339 -112.511 391.828 2.52169
6940 13.88 504.391 -113.138 391.253 2.52196
6950 13.9 504.024 -115.51 388.514 2.52012
6960 13.92 504.321 -111.957 392.364 2.52161
6970 13.94 504.806 -111.127 393.678 2.52403
6980 13.96 503.549 -119.341 384.208 2.51775
6990 13.98 504.332 -115.81 388.522 2.52166
7000 14 503.841 -110.233 393.609 2.51921
7010 14.02 505.026 -101.48 403.546 2.52513
7020 14.04 503.285 -106.762 396.523 2.51642
7030 14.06 505.448 -106.412 399.036 2.52724
7040 14.08 504.416 -112.518 391.898 2.52208
7050 14.1 504.011 -106.609 397.402 2.52006
7060 14.12 504.452 -92.0515 412.401 2.52226
7070 14.14 500.358 -120.61 379.748 2.50179
7080 14.16 503.034 -129.619 373.415 2.51517
7090 14.18 503.485 -119.604 383.881 2.51742
7100 14.2 505.167 -108.196 396.971 2.52583
7110 14.22 502.928 -114.537 388.391 2.51464
7120 14.24 504.519 -97.2225 407.296 2.52259
7130 14.26 501.85 -115.112 386.738 2.50925
7140 14.28 503.266 -128.463 374.802 2.51633
7150 14.3 503.731 -124.325 379.406 2.51865
7160 14.32 503.934 -110.031 393.903 2.51967
7170 14.34 504.409 -98.2528 406.157 2.52205
7180 14.36 504.368 -105.938 398.43 2.52184
7190 14.38 503.824 -122.694 381.13 2.51912
7200 14.4 504.134 -130.161 373.973 2.52067
7210 14.42 504.137 -133.316 370.821 2.52069
7220 14.44 503.908 -130.899 373.009 2.51954
7230 14.46 504.64 -121.731 382.909 2.5232
7240 14.48 503.878 -123.129 380.748 2.51939
7250 14.5 504.506 -117.833 386.673 2.52253
7260 14.52 503.676 -116.306 387.37 2.51838
7270 14.54 504.24 -110.901 393.339 2.5212
7280 14.56 504.396 -113.6 390.796 2.52198
7290 14.58 503.902 -123.266 380.637 2.51951
7300 14.6 504.383 -124.511 379.872 2.52192
7310 14.62 503.902 -128.22 375.682 2.51951
7320 14.64 503.845 -126.189 377.656 2.51922
7330 14.66 504.284 -114.406 389.879 2.52142
7340 14.68 504.471 -104.821 399.649 2.52235
7350 14.7 504.621 -110.939 393.682 2.5231
7360 14.72 503.86 -127.704 376.155 2.5193
7370 14.74 504.075 -134.114 369.961 2.52037
7380 14.76 503.643 -130.677 372.966 2.51821
7390 14.78 505.511 -116.384 389.127 2.52755
7400 14.8 503.752 -123.097 380.655 2.51876
7410 14.82 504.058 -124.634 379.423 2.52029
7420 14.84 504.598 -126.891 377.707 2.52299
7430 14.86 504.088 -136.619 367.469 2.52044
7440 14.88 503.859 -140.662 363.197 2.5193
7450 14.9 503.832 -130.806 373.026 2.51916
7460 14.92 505.118 -112.615 392.504 2.52559
7470 14.94 504.342 -116.602 387.741 2.52171
7480 14.96 504.028 -130.356 373.673 2.52014
7490 14.98 503.867 -135.642 368.226 2.51934
7500 15 504.381 -127.528 376.853 2.52191
7510 15.02 503.956 -124.092 379.864 2.51978
7520 15.04 504.13 -113.24 390.89 2.52065
7530 15.06 503.685 -116.925 386.76 2.51843
7540 15.08 504.054 -129.949 374.105 2.52027
7550 15.1 503.541 -134.103 369.438 2.51771
7560 15.12 504.392 -118.193 386.199 2.52196
7570 15.14 504.491 -115.016 389.475 2.52245
7580 15.16 503.949 -128.652 375.297 2.51975
7590 15.18 503.873 -135.383 368.49 2.51936
7600 15.2 504.228 -132.294 371.934 2.52114
7610 15.22 504.183 -127.45 376.734 2.52092
7620 15.24 504.346 -125.11 379.235 2.52173
7630 15.26 504.315 -127.741 376.574 2.52157
7640 15.28 503.992 -133.52 370.471 2.51996
7650 15.3 504.072 -133.388 370.683 2.52036
7660 15.32 504.396 -129.012 375.385 2.52198
7670 15.34 503.692 -129.881 373.811 2.51846
7680 15.36 504.66 -121.366 383.294 2.5233
7690 15.38 503.836 -120.188 383.648 2.51918
7700 15.4 504.347 -117.495 386.852 2.52173
7710 15.42 504.827 -121.765 383.062 2.52413
7720 15.44 503.448 -138.232 365.217 2.51724
7730 15.46 503.504 -131.191 372.313 2.51752
7740 15.48 505.017 -117.207 387.81 2.52509
7750 15.5 504.297 -116.746 387.551 2.52149
7760 15.52 504.636 -118.26 386.376 2.52318
7770 15.54 503.671 -130.966 372.706 2.51836
7780 15.56 504.157 -137.589 366.568 2.52079
7790 15.58 503.737 -138.776 364.961 2.51868
7800 15.6 504.118 -122.997 381.122 2.52059
7810 15.62 505.264 -111.795 393.469 2.52632
7820 15.64 503.662 -124.488 379.175 2.51831
7830 15.66 503.858 -125.098 378.76 2.51929
7840 15.68 504.167 -112.42 391.746 2.52083
7850 15.7 504.629 -98.1487 406.48 2.52314
7860 15.72 504.307 -101.079 403.228 2.52153
7870 15.74 504.281 -109.233 395.048 2.5214
7880 15.76 503.675 -122.876 380.798 2.51837
7890 15.78 504.062 -128.327 375.736 2.52031
7900 15.8 504.199 -127.306 376.893 2.521
7910 15.82 503.84 -124.336 379.505 2.5192
7920 15.84 504.261 -111.117 393.144 2.5213
7930 15.86 505.185 -102.644 402.541 2.52592
7940 15.88 503.558 -110.033 393.525 2.51779
7950 15.9 503.995 -109.348 394.647 2.51997
7960 15.92 504.417 -109.779 394.639 2.52209
7970 15.94 504.368 -112.171 392.197 2.52184
7980 15.96 504.39 -119.46 384.93 2.52195
7990 15.98 503.831 -131.257 372.574 2.51916
8000 16 503.787 -130.455 373.332 2.51894
8010 16.02 505.121 -123.606 381.515 2.52561
8020 16.04 503.682 -131.298 372.385 2.51841
8030 16.06 504.011 -124.441 379.57 2.52005
8040 16.08 504.429 -114.995 389.434 2.52215
8050 16.1 504.506 -117.859 386.647 2.52253
8060 16.12 503.976 -128.111 375.865 2.51988
8070 16.14 503.865 -130.41 373.455 2.51932
8080 16.16 504.455 -123.346 381.109 2.52228
8090 16.18 504.225 -122.368 381.857 2.52112
8100 16.2 504.108 -124.381 379.727 2.52054
8110 16.22 503.794 -121.068 382.726 2.51897
8120 16.24 505.389 -112.113 393.276 2.52694
8130 16.26 503.756 -120.752 383.004 2.51878
8140 16.28 503.739 -121.303 382.436 2.51869
8150 16.3 504.775 -116.156 388.619 2.52387
8160 16.32 504.163 -121.762 382.401 2.52081
8170 16.34 504.185 -128.715 375.47 2.52093
8180 16.36 503.991 -134.351 369.641 2.51996
8190 16.38 504.002 -131.92 372.082 2.52001
8200 16.4 504.497 -125.043 379.454 2.52248
8210 16.42 504.256 -125.438 378.818 2.52128
8220 16.44 504.077 -126.859 377.218 2.52039
8230 16.46 504.325 -124.456 379.869 2.52162
8240 16.48 504.186 -131.529 372.656 2.52093
8250 16.5 503.953 -141.008 362.944 2.51976
8260 16.52 503.808 -139.186 364.622 2.51904
8270 16.54 504.235 -121.735 382.501 2.52118
8280 16.56 504.273 -111.843 392.43 2.52137
8290 16.58 503.809 -108.496 395.313 2.51905
8300 16.6 504.816 -96.5382 408.278 2.52408
8310 16.62 504.423 -107.516 396.907 2.52212
8320 16.64 503.74 -129.223 374.517 2.5187
8330 16.66 504.063 -136.783 367.28 2.52031
8340 16.68 503.833 -136.325 367.507 2.51916
8350 16.7 504.419 -123.607 380.812 2.52209
8360 16.72 503.932 -117.307 386.625 2.51966
8370 16.74 504.712 -113.805 390.907 2.52356
8380 16.76 503.705 -120.452 383.253 2.51853
8390 16.78 504.51 -114.296 390.214 2.52255
8400 16.8 503.956 -117.484 386.472 2.51978
8410 16.82 504.065 -126.491 377.574 2.52033
8420 16.84 504.039 -131.019 373.02 2.5202
8430 16.86 504.029 -130.442 373.587 2.52014
8440 16.88 504.049 -122.462 381.587 2.52024
8450 16.9 504.467 -112.544 391.923 2.52234
8460 16.92 504.108 -107.558 396.55 2.52054
8470 16.94 504.361 -106.747 397.614 2.5218
8480 16.96 504.098 -109.383 394.715 2.52049
8490 16.98 504.511 -110.152 394.359 2.52256
8500 17 504.195 -118.803 385.392 2.52098
8510 17.02 503.918 -126.502 377.417 2.51959
8520 17.04 504.089 -124.154 379.935 2.52045
8530 17.06 503.8 -115.37 388.43 2.519
8540 17.08 504.653 -96.4655 408.187 2.52326
8550 17.1 504.977 -97.8655 407.111 2.52488
8560 17.12 502.915 -116.811 386.104 2.51457
8570 17.14 504.8 -110.863 393.937 2.524
8580 17.16 504.615 -109.842 394.773 2.52308
8590 17.18 503.741 -113.473 390.268 2.51871
8600 17.2 505.572 -104.442 401.13 2.52786
8610 17.22 503.984 -110.332 393.652 2.51992
8620 17.24 503.847 -111.68 392.167 2.51924
8630 17.26 503.958 -106.058 397.9 2.51979
8640 17.28 504.997 -100.889 404.108 2.52499
8650 17.3 504.258 -109.707 394.552 2.52129
8660 17.32 504.029 -110.698 393.331 2.52014
8670 17.34 504.825 -104.117 400.708 2.52413
8680 17.36 504.121 -115.141 388.98 2.5206
8690 17.38 503.781 -124.726 379.055 2.51891
8700 17.4 503.959 -118.441 385.518 2.51979
8710 17.42 504.946 -110.375 394.571 2.52473
8720 17.44 503.9 -119.804 384.095 2.5195
8730 17.46 503.668 -118.231 385.436 2.51834
8740 17.48 504.434 -97.6811 406.753 2.52217
8750 17.5 505.114 -86.3555 418.758 2.52557
8760 17.52 504.244 -101.087 403.157 2.52122
8770 17.54 503.718 -121.732 381.986 2.51859
8780 17.56 503.638 -126.237 377.401 2.51819
8790 17.58 504.931 -113.938 390.994 2.52466
8800 17.6 504.217 -114.701 389.515 2.52108
8810 17.62 504.227 -118.881 385.346 2.52113
8820 17.64 503.949 -123.35 380.599 2.51975
8830 17.66 504.194 -121.155 383.038 2.52097
8840 17.68 504.003 -115.182 388.821 2.52001
8850 17.7 504.21 -103.494 400.716 2.52105
8860 17.72 504.531 -94.7638 409.767 2.52266
8870 17.74 504.381 -96.6851 407.696 2.5219
8880 17.76 504.368 -101.927 402.441 2.52184
8890 17.78 504.217 -109.66 394.557 2.52108
8900 17.8 504.059 -120.534 383.524 2.52029
8910 17.82 503.707 -124.092 379.615 2.51854
8920 17.84 504.065 -108.756 395.309 2.52033
8930 17.86 505.233 -96.2629 408.97 2.52617
8940 17.88 503.986 -108.193 395.793 2.51993
8950 17.9 503.79 -117.264 386.526 2.51895
8960 17.92 504.209 -108.54 395.669 2.52104
8970 17.94 503.174 -107.69 395.484 2.51587
8980 17.96 503.843 -106.102 397.741 2.51921
8990 17.98 502.886 -90.6459 412.24 2.51443
9000 18 507.497 -76.5493 430.948 2.53749
9010 18.02 504.069 -103.522 400.547 2.52035
9020 18.04 504.904 -101.944 402.96 2.52452
9030 18.06 504.262 -106.693 397.569 2.52131
9040 18.08 504.137 -109.612 394.524 2.52068
9050 18.1 504.358 -107.802 396.556 2.52179
9060 18.12 503.734 -111.138 392.596 2.51867
9070 18.14 504.083 -102.775 401.307 2.52041
9080 18.16 505.143 -96.3179 408.825 2.52572
9090 18.18 503.84 -113.613 390.228 2.5192
9100 18.2 504.035 -122.931 381.104 2.52018
9110 18.22 504.046 -123.789 380.257 2.52023
9120 18.24 504.27 -120.52 383.751 2.52135
9130 18.26 504.223 -118.377 385.846 2.52112
9140 18.28 504.328 -121.09 383.238 2.52164
9150 18.3 503.817 -122.736 381.081 2.51909
9160 18.32 504.112 -111.806 392.306 2.52056
9170 18.34 503.411 -87.6618 415.749 2.51705
9180 18.36 507.749 -64.1926 443.556 2.53874
9190 18.38 502.512 -109.896 392.616 2.51256
9200 18.4 503.562 -124.144 379.418 2.51781
9210 18.42 503.005 -106.465 396.54 2.51502
9220 18.44 507.163 -96.1421 411.021 2.53582
9230 18.46 504.043 -125.197 378.847 2.52022
9240 18.48 504.643 -125.609 379.034 2.52322
9250 18.5 504.149 -123.496 380.653 2.52075
9260 18.52 504.441 -116.897 387.544 2.5222
9270 18.54 504.231 -115.624 388.607 2.52115
9280 18.56 503.542 -111.733 391.809 2.51771
9290 18.58 505.549 -99.8492 405.7 2.52775
9300 18.6 504.576 -99.0544 405.522 2.52288
9310 18.62 505.709 -99.2729 406.436 2.52854
9320 18.64 503.85 -120.847 383.003 2.51925
9330 18.66 503.992 -129.007 374.985 2.51996
9340 18.68 504.173 -124.586 379.587 2.52087
9350 18.7 504.232 -116.716 387.516 2.52116
9360 18.72 504.245 -109.028 395.218 2.52123
9370 18.74 504.309 -117.327 386.982 2.52155
9380 18.76 504 -128.1 375.899 2.52
9390 18.78 504.675 -124.779 379.896 2.52338
9400 18.8 503.677 -125.025 378.652 2.51838
9410 18.82 504.672 -114.973 389.7 2.52336
9420 18.84 504.15 -115.017 389.133 2.52075
9430 18.86 503.827 -112.808 391.018 2.51913
9440 18.88 504.738 -103.916 400.821 2.52369
9450 18.9 504.058 -107.021 397.037 2.52029
9460 18.92 504.127 -111.335 392.792 2.52064
9470 18.94 504.673 -116.721 387.952 2.52336
9480 18.96 504.144 -127.126 377.018 2.52072
9490 18.98 504.078 -131.521 372.556 2.52039
9500 19 504.148 -129.858 374.29 2.52074
9510 19.02 504.33 -126.296 378.034 2.52165
9520 19.04 504.024 -125.21 378.814 2.52012
9530 19.06 504.238 -119.323 384.915 2.52119
9540 19.08 504.585 -119.283 385.303 2.52293
9550 19.1 503.635 -126.123 377.512 2.51818
9560 19.12 504.661 -119.199 385.462 2.52331
9570 19.14 503.927 -116.986 386.941 2.51963
9580 19.16 504.44 -112.821 391.619 2.5222
9590 19.18 504.1 -116.762 387.338 2.5205
9600 19.2 503.738 -118.615 385.124 2.51869
9610 19.22 504.802 -110.431 394.371 2.52401
9620 19.24 503.637 -114.276 389.361 2.51819
9630 19.26 505.054 -112.717 392.337 2.52527
9640 19.28 503.868 -127.511 376.357 2.51934
9650 19.3 503.621 -136.08 367.541 2.5181
9660 19.32 503.921 -121.503 382.417 2.5196
9670 19.34 505.255 -111.816 393.439 2.52628
9680 19.36 504.131 -125.543 378.588 2.52065
9690 19.38 504.118 -131.811 372.307 2.52059
9700 19.4 504.07 -131.815 372.256 2.52035
9710 19.42 504.405 -128.117 376.289 2.52203
9720 19.44 503.757 -123.368 380.388 2.51878
9730 19.46 504.731 -108.524 396.207 2.52365
9740 19.48 504.354 -113.022 391.333 2.52177
9750 19.5 503.955 -126.096 377.859 2.51978
9760 19.52 503.505 -124.657 378.848 2.51753
9770 19.54 504.832 -105.018 399.814 2.52416
9780 19.56 504.753 -105.078 399.675 2.52376
9790 19.58 503.613 -121.423 382.191 2.51807
9800 19.6 504.316 -128.02 376.297 2.52158
9810 19.62 504.01 -135.579 368.431 2.52005
9820 19.64 503.334 -132.642 370.692 2.51667
9830 19.66 505.631 -120.687 384.944 2.52816
9840 19.68 504.405 -126.344 378.061 2.52203
9850 19.7 504.059 -124.473 379.586 2.52029
9860 19.72 504.26 -111.898 392.361 2.5213
9870 19.74 504.529 -97.4059 407.123 2.52264
9880 19.76 504.964 -100.141 404.823 2.52482
9890 19.78 503.639 -118.803 384.836 2.5182
9900 19.8 504.142 -119.856 384.287 2.52071
9910 19.82 504.564 -120.938 383.626 2.52282
9920 19.84 503.841 -128.897 374.945 2.51921
9930 19.86 504.372 -128.548 375.824 2.52186
9940 19.88 503.925 -127.386 376.539 2.51963
9950 19.9 504.24 -118.588 385.652 2.5212
9960 19.92 504.607 -111.544 393.063 2.52304
9970 19.94 503.837 -115.135 388.702 2.51918
9980 19.96 504.966 -110.965 394.002 2.52483
9990 19.98 503.28 -124.407 378.873 2.5164
10000 20 503.872 -131.561 372.311 2.51936
