# it time Tinst Tset
0 0 2.57543 2.52101
10 0.02 2.47638 2.52101
20 0.04 2.48243 2.51605
30 0.06 2.55455 2.51605
40 0.08 2.48672 2.51109
50 0.1 2.46309 2.51109
60 0.12 2.51368 2.50613
70 0.14 2.49137 2.50613
80 0.16 2.4606 2.50118
90 0.18 2.48067 2.50118
100 0.2 2.5917 2.49622
110 0.22 2.51987 2.49622
120 0.24 2.31646 2.49126
130 0.26 2.52335 2.49126
140 0.28 2.531 2.4863
150 0.3 2.43818 2.4863
160 0.32 2.48145 2.48134
170 0.34 2.46082 2.48134
180 0.36 2.46633 2.47639
190 0.38 2.49089 2.47639
200 0.4 2.42681 2.47143
210 0.42 2.42606 2.47143
220 0.44 2.54602 2.46647
230 0.46 2.41458 2.46647
240 0.48 2.40431 2.46151
250 0.5 2.52899 2.46151
260 0.52 2.40608 2.45655
270 0.54 2.41567 2.45655
280 0.56 2.48236 2.4516
290 0.58 2.39559 2.4516
300 0.6 2.48197 2.44664
310 0.62 2.47066 2.44664
320 0.64 2.35075 2.44168
330 0.66 2.44408 2.44168
340 0.68 2.48626 2.43672
350 0.7 2.32809 2.43672
360 0.72 2.4641 2.43176
370 0.74 2.48192 2.43176
380 0.76 2.37551 2.42681
390 0.78 2.39098 2.42681
400 0.8 2.4083 2.42185
410 0.82 2.41888 2.42185
420 0.84 2.42294 2.41689
430 0.86 2.40819 2.41689
440 0.88 2.33754 2.41193
450 0.9 2.46971 2.41193
460 0.92 2.46226 2.40697
470 0.94 2.25955 2.40697
480 0.96 2.38892 2.40202
490 0.98 2.51177 2.40202
500 1 2.31817 2.39706
510 1.02 2.37581 2.39706
520 1.04 2.43676 2.3921
530 1.06 2.31735 2.3921
540 1.08 2.36138 2.38714
550 1.1 2.4426 2.38714
560 1.12 2.3274 2.38218
570 1.14 2.36483 2.38218
580 1.16 2.45265 2.37723
590 1.18 2.31528 2.37723
600 1.2 2.29434 2.37227
610 1.22 2.45896 2.37227
620 1.24 2.31833 2.36731
630 1.26 2.25825 2.36731
640 1.28 2.46535 2.36235
650 1.3 2.41074 2.36235
660 1.32 2.21106 2.35739
670 1.34 2.39073 2.35739
680 1.36 2.44119 2.35244
690 1.38 2.22142 2.35244
700 1.4 2.32289 2.34748
710 1.42 2.42702 2.34748
720 1.44 2.27855 2.34252
730 1.46 2.29632 2.34252
740 1.48 2.41984 2.33756
750 1.5 2.30859 2.33756
760 1.52 2.24238 2.33261
770 1.54 2.3456 2.33261
780 1.56 2.37579 2.32765
790 1.58 2.29864 2.32765
800 1.6 2.28898 2.32269
810 1.62 2.33969 2.32269
820 1.64 2.28895 2.31773
830 1.66 2.26921 2.31773
840 1.68 2.35573 2.31277
850 1.7 2.33997 2.31277
860 1.72 2.23423 2.30782
870 1.74 2.28778 2.30782
880 1.76 2.33731 2.30286
890 1.78 2.23343 2.30286
900 1.8 2.30848 2.2979
910 1.82 2.35613 2.2979
920 1.84 2.20377 2.29294
930 1.86 2.27967 2.29294
940 1.88 2.34618 2.28798
950 1.9 2.23449 2.28798
960 1.92 2.23361 2.28303
970 1.94 2.33577 2.28303
980 1.96 2.2564 2.27807
990 1.98 2.21757 2.27807
1000 2 2.33445 2.27311
1010 2.02 2.25865 2.27311
1020 2.04 2.19522 2.26815
1030 2.06 2.31652 2.26815
1040 2.08 2.25213 2.26319
1050 2.1 2.18928 2.26319
1060 2.12 2.27443 2.25824
1070 2.14 2.29438 2.25824
1080 2.16 2.20467 2.25328
1090 2.18 2.2481 2.25328
1100 2.2 2.28288 2.24832
1110 2.22 2.17046 2.24832
1120 2.24 2.2154 2.24336
1130 2.26 2.2982 2.24336
1140 2.28 2.24066 2.2384
1150 2.3 2.15912 2.2384
1160 2.32 2.27788 2.23345
1170 2.34 2.26332 2.23345
1180 2.36 2.11157 2.22849
1190 2.38 2.21792 2.22849
1200 2.4 2.34252 2.22353
1210 2.42 2.11927 2.22353
1220 2.44 2.14116 2.21857
1230 2.46 2.35498 2.21857
1240 2.48 2.15266 2.21361
1250 2.5 2.10879 2.21361
1260 2.52 2.32713 2.20866
1270 2.54 2.23015 2.20866
1280 2.56 2.05302 2.2037
1290 2.58 2.21818 2.2037
1300 2.6 2.29349 2.19874
1310 2.62 2.09268 2.19874
1320 2.64 2.16296 2.19378
1330 2.66 2.26645 2.19378
1340 2.68 2.15367 2.18882
1350 2.7 2.1808 2.18882
1360 2.72 2.18678 2.18387
1370 2.74 2.1363 2.18387
1380 2.76 2.19268 2.17891
1390 2.78 2.17503 2.17891
1400 2.8 2.12823 2.17395
1410 2.82 2.18556 2.17395
1420 2.84 2.19863 2.16899
1430 2.86 2.0837 2.16899
1440 2.88 2.14893 2.16403
1450 2.9 2.25254 2.16403
1460 2.92 2.0695 2.15908
1470 2.94 2.1591 2.15908
1480 2.96 2.23473 2.15412
1490 2.98 2.05258 2.15412
1500 3 2.0778 2.14916
1510 3.02 2.25223 2.14916
1520 3.04 2.12344 2.1442
1530 3.06 2.05191 2.1442
1540 3.08 2.28254 2.13924
1550 3.1 2.09516 2.13924
1560 3.12 1.98571 2.13429
1570 3.14 2.18349 2.13429
1580 3.16 2.18831 2.12933
1590 3.18 2.02658 2.12933
1600 3.2 2.11665 2.12437
1610 3.22 2.21006 2.12437
1620 3.24 2.0779 2.11941
1630 3.26 2.06832 2.11941
1640 3.28 2.17294 2.11445
1650 3.3 2.08304 2.11445
1660 3.32 2.00063 2.1095
1670 3.34 2.12098 2.1095
1680 3.36 2.26819 2.10454
1690 3.38 1.98399 2.10454
1700 3.4 1.98204 2.09958
1710 3.42 2.23638 2.09958
1720 3.44 2.09474 2.09462
1730 3.46 1.95738 2.09462
1740 3.48 2.17254 2.08966
1750 3.5 2.12572 2.08966
1760 3.52 1.96242 2.08471
1770 3.54 2.08674 2.08471
1780 3.56 2.14876 2.07975
1790 3.58 1.97471 2.07975
1800 3.6 2.0893 2.07479
1810 3.62 2.19145 2.07479
1820 3.64 1.9405 2.06983
1830 3.66 2.01749 2.06983
1840 3.68 2.16838 2.06487
1850 3.7 2.05512 2.06487
1860 3.72 1.94797 2.05992
1870 3.74 2.09809 2.05992
1880 3.76 2.13606 2.05496
1890 3.78 1.93957 2.05496
1900 3.8 2.01487 2.05
1910 3.82 2.13838 2.05
1920 3.84 2.00362 2.04504
1930 3.86 1.98078 2.04504
1940 3.88 2.09078 2.04008
1950 3.9 2.00398 2.04008
1960 3.92 2.0113 2.03513
1970 3.94 2.07512 2.03513
1980 3.96 2.00908 2.03017
1990 3.98 2.00469 2.03017
2000 4 2.04946 2.02521
2010 4.02 1.96349 2.02521
2020 4.04 1.99818 2.02025
2030 4.06 2.07322 2.02025
2040 4.08 1.97337 2.01529
2050 4.1 1.99335 2.01529
2060 4.12 2.05555 2.01034
2070 4.14 1.9671 2.01034
2080 4.16 2.00001 2.00538
2090 4.18 2.01355 2.00538
2100 4.2 1.95415 2.00042
2110 4.22 1.97466 2.00042
2120 4.24 2.02748 1.99546
2130 4.26 1.98414 1.99546
2140 4.28 1.94681 1.9905
2150 4.3 2.05339 1.9905
2160 4.32 1.96161 1.98555
2170 4.34 1.94327 1.98555
2180 4.36 1.98846 1.98059
2190 4.38 1.9141 1.98059
2200 4.4 2.01975 1.97563
2210 4.42 2.02559 1.97563
2220 4.44 1.85976 1.97067
2230 4.46 1.95304 1.97067
2240 4.48 2.08493 1.96571
2250 4.5 1.90595 1.96571
2260 4.52 1.85342 1.96076
2270 4.54 2.017 1.96076
2280 4.56 1.99444 1.9558
2290 4.58 1.92506 1.9558
2300 4.6 1.90178 1.95084
2310 4.62 1.94024 1.95084
2320 4.64 1.95674 1.94588
2330 4.66 1.98266 1.94588
2340 4.68 1.91228 1.94092
2350 4.7 1.8753 1.94092
2360 4.72 1.95385 1.93597
2370 4.74 1.96004 1.93597
2380 4.76 1.92092 1.93101
2390 4.78 1.88192 1.93101
2400 4.8 1.9341 1.92605
2410 4.82 1.94335 1.92605
2420 4.84 1.89298 1.92109
2430 4.86 1.90486 1.92109
2440 4.88 1.91317 1.91613
2450 4.9 1.87329 1.91613
2460 4.92 1.93006 1.91118
2470 4.94 1.96038 1.91118
2480 4.96 1.85096 1.90622
2490 4.98 1.86973 1.90622
2500 5 1.9294 1.90126
2510 5.02 1.86292 1.90126
2520 5.04 1.87976 1.8963
2530 5.06 1.92841 1.8963
2540 5.08 1.88579 1.89134
2550 5.1 1.85212 1.89134
2560 5.12 1.91391 1.88639
2570 5.14 1.85917 1.88639
2580 5.16 1.83751 1.88143
2590 5.18 1.92949 1.88143
2600 5.2 1.88143 1.87647
2610 5.22 1.79341 1.87647
2620 5.24 1.87972 1.87151
2630 5.26 1.92435 1.87151
2640 5.28 1.82114 1.86655
2650 5.3 1.78792 1.86655
2660 5.32 1.92627 1.8616
2670 5.34 1.91212 1.8616
2680 5.36 1.7722 1.85664
2690 5.38 1.77728 1.85664
2700 5.4 1.92433 1.85168
2710 5.42 1.94574 1.85168
2720 5.44 1.75752 1.84672
2730 5.46 1.71996 1.84672
2740 5.48 1.91632 1.84176
2750 5.5 1.93741 1.84176
2760 5.52 1.73925 1.83681
2770 5.54 1.79868 1.83681
2780 5.56 1.92199 1.83185
2790 5.58 1.76813 1.83185
2800 5.6 1.71669 1.82689
2810 5.62 1.90006 1.82689
2820 5.64 1.90746 1.82193
2830 5.66 1.72349 1.82193
2840 5.68 1.75665 1.81697
2850 5.7 1.90843 1.81697
2860 5.72 1.82474 1.81202
2870 5.74 1.70239 1.81202
2880 5.76 1.8058 1.80706
2890 5.78 1.87748 1.80706
2900 5.8 1.76643 1.8021
2910 5.82 1.75581 1.8021
2920 5.84 1.82891 1.79714
2930 5.86 1.8194 1.79714
2940 5.88 1.72512 1.79218
2950 5.9 1.73322 1.79218
2960 5.92 1.86384 1.78723
2970 5.94 1.80869 1.78723
2980 5.96 1.70444 1.78227
2990 5.98 1.75354 1.78227
3000 6 1.82342 1.77731
3010 6.02 1.75139 1.77731
3020 6.04 1.76825 1.77235
3030 6.06 1.79933 1.77235
3040 6.08 1.74582 1.76739
3050 6.1 1.74131 1.76739
3060 6.12 1.76339 1.76244
3070 6.14 1.75644 1.76244
3080 6.16 1.73361 1.75748
3090 6.18 1.74642 1.75748
3100 6.2 1.77327 1.75252
3110 6.22 1.73137 1.75252
3120 6.24 1.70555 1.74756
3130 6.26 1.76399 1.74756
3140 6.28 1.76564 1.74261
3150 6.3 1.71776 1.74261
3160 6.32 1.72262 1.73765
3170 6.34 1.72158 1.73765
3180 6.36 1.72113 1.73269
3190 6.38 1.75152 1.73269
3200 6.4 1.72801 1.72773
3210 6.42 1.66988 1.72773
3220 6.44 1.70493 1.72277
3230 6.46 1.7688 1.72277
3240 6.48 1.73995 1.71782
3250 6.5 1.69417 1.71782
3260 6.52 1.66129 1.71286
3270 6.54 1.68939 1.71286
3280 6.56 1.75338 1.7079
3290 6.58 1.70701 1.7079
3300 6.6 1.66121 1.70294
3310 6.62 1.70264 1.70294
3320 6.64 1.70529 1.69798
3330 6.66 1.64792 1.69798
3340 6.68 1.70506 1.69303
3350 6.7 1.72661 1.69303
3360 6.72 1.67364 1.68807
3370 6.74 1.62444 1.68807
3380 6.76 1.66527 1.68311
3390 6.78 1.73896 1.68311
3400 6.8 1.69281 1.67815
3410 6.82 1.61414 1.67815
3420 6.84 1.66851 1.67319
3430 6.86 1.69516 1.67319
3440 6.88 1.65883 1.66824
3450 6.9 1.64319 1.66824
3460 6.92 1.63635 1.66328
3470 6.94 1.66947 1.66328
3480 6.96 1.68222 1.65832
3490 6.98 1.61777 1.65832
3500 7 1.63394 1.65336
3510 7.02 1.68974 1.65336
3520 7.04 1.65382 1.6484
3530 7.06 1.60094 1.6484
3540 7.08 1.62767 1.64345
3550 7.1 1.65252 1.64345
3560 7.12 1.63277 1.63849
3570 7.14 1.6115 1.63849
3580 7.16 1.64175 1.63353
3590 7.18 1.66228 1.63353
3600 7.2 1.59302 1.62857
3610 7.22 1.58363 1.62857
3620 7.24 1.65865 1.62361
3630 7.26 1.64638 1.62361
3640 7.28 1.55385 1.61866
3650 7.3 1.57843 1.61866
3660 7.32 1.71517 1.6137
3670 7.34 1.61682 1.6137
3680 7.36 1.48013 1.60874
3690 7.38 1.58091 1.60874
3700 7.4 1.71948 1.60378
3710 7.42 1.59899 1.60378
3720 7.44 1.50234 1.59882
3730 7.46 1.63457 1.59882
3740 7.48 1.67105 1.59387
3750 7.5 1.51953 1.59387
3760 7.52 1.47795 1.58891
3770 7.54 1.60099 1.58891
3780 7.56 1.72335 1.58395
3790 7.58 1.578 1.58395
3800 7.6 1.42369 1.57899
3810 7.62 1.53879 1.57899
3820 7.64 1.75252 1.57403
3830 7.66 1.57723 1.57403
3840 7.68 1.41478 1.56908
3850 7.7 1.55915 1.56908
3860 7.72 1.68617 1.56412
3870 7.74 1.53919 1.56412
3880 7.76 1.44889 1.55916
3890 7.78 1.55949 1.55916
3900 7.8 1.63751 1.5542
3910 7.82 1.53754 1.5542
3920 7.84 1.4834 1.54924
3930 7.86 1.54948 1.54924
3940 7.88 1.58208 1.54429
3950 7.9 1.5351 1.54429
3960 7.92 1.51015 1.53933
3970 7.94 1.5125 1.53933
3980 7.96 1.53668 1.53437
3990 7.98 1.55134 1.53437
4000 8 1.50491 1.52941
4010 8.02 1.52481 1.52941
4020 8.04 1.55571 1.52445
4030 8.06 1.48524 1.52445
4040 8.08 1.47658 1.5195
4050 8.1 1.54098 1.5195
4060 8.12 1.53719 1.51454
4070 8.14 1.51028 1.51454
4080 8.16 1.48015 1.50958
4090 8.18 1.48892 1.50958
4100 8.2 1.51399 1.50462
4110 8.22 1.51116 1.50462
4120 8.24 1.46821 1.49966
4130 8.26 1.46545 1.49966
4140 8.28 1.50778 1.49471
4150 8.3 1.53 1.49471
4160 8.32 1.50085 1.48975
4170 8.34 1.43146 1.48975
4180 8.36 1.46664 1.48479
4190 8.38 1.53569 1.48479
4200 8.4 1.48302 1.47983
4210 8.42 1.40209 1.47983
4220 8.44 1.43458 1.47487
4230 8.46 1.53426 1.47487
4240 8.48 1.50999 1.46992
4250 8.5 1.42853 1.46992
4260 8.52 1.42007 1.46496
4270 8.54 1.45649 1.46496
4280 8.56 1.47051 1.46
4290 8.58 1.47063 1.46
4300 8.6 1.47171 1.45504
4310 8.62 1.43139 1.45504
4320 8.64 1.4038 1.45008
4330 8.66 1.44944 1.45008
4340 8.68 1.50382 1.44513
4350 8.7 1.43039 1.44513
4360 8.72 1.35076 1.44017
4370 8.74 1.40391 1.44017
4380 8.76 1.54193 1.43521
4390 8.78 1.48581 1.43521
4400 8.8 1.32983 1.43025
4410 8.82 1.33565 1.43025
4420 8.84 1.49532 1.42529
4430 8.86 1.51118 1.42529
4440 8.88 1.35155 1.42034
4450 8.9 1.34565 1.42034
4460 8.92 1.47858 1.41538
4470 8.94 1.46334 1.41538
4480 8.96 1.33158 1.41042
4490 8.98 1.34134 1.41042
4500 9 1.45945 1.40546
4510 9.02 1.47373 1.40546
4520 9.04 1.36543 1.4005
4530 9.06 1.31079 1.4005
4540 9.08 1.39014 1.39555
4550 9.1 1.45954 1.39555
4560 9.12 1.39433 1.39059
4570 9.14 1.337 1.39059
4580 9.16 1.39087 1.38563
4590 9.18 1.41796 1.38563
4600 9.2 1.34259 1.38067
4610 9.22 1.31932 1.38067
4620 9.24 1.42182 1.37571
4630 9.26 1.41577 1.37571
4640 9.28 1.30091 1.37076
4650 9.3 1.30306 1.37076
4660 9.32 1.50305 1.3658
4670 9.34 1.38165 1.3658
4680 9.36 1.2315 1.36084
4690 9.38 1.31184 1.36084
4700 9.4 1.46002 1.35588
4710 9.42 1.41234 1.35588
4720 9.44 1.26454 1.35092
4730 9.46 1.26401 1.35092
4740 9.48 1.37921 1.34597
4750 9.5 1.39409 1.34597
4760 9.52 1.34296 1.34101
4770 9.54 1.29775 1.34101
4780 9.56 1.32166 1.33605
4790 9.58 1.36103 1.33605
4800 9.6 1.3512 1.33109
4810 9.62 1.31731 1.33109
4820 9.64 1.29548 1.32613
4830 9.66 1.29631 1.32613
4840 9.68 1.31738 1.32118
4850 9.7 1.33852 1.32118
4860 9.72 1.32643 1.31622
4870 9.74 1.29249 1.31622
4880 9.76 1.28967 1.31126
4890 9.78 1.31062 1.31126
4900 9.8 1.32203 1.3063
4910 9.82 1.31084 1.3063
4920 9.84 1.28349 1.30134
4930 9.86 1.26915 1.30134
4940 9.88 1.29979 1.29639
4950 9.9 1.30996 1.29639
4960 9.92 1.27951 1.29143
4970 9.94 1.26813 1.29143
4980 9.96 1.29061 1.28647
4990 9.98 1.33526 1.28647
5000 10 1.2806 1.28151
5010 10.02 1.21312 1.28151
5020 10.04 1.23511 1.27655
5030 10.06 1.29513 1.27655
5040 10.08 1.32201 1.2716
5050 10.1 1.26151 1.2716
5060 10.12 1.21228 1.26664
5070 10.14 1.25848 1.26664
5080 10.16 1.30385 1.26168
5090 10.18 1.26176 1.26168
5100 10.2 1.21342 1.25672
5110 10.22 1.23819 1.25672
5120 10.24 1.29178 1.25176
5130 10.26 1.25929 1.25176
5140 10.28 1.19817 1.24681
5150 10.3 1.21935 1.24681
5160 10.32 1.27286 1.24185
5170 10.34 1.25172 1.24185
5180 10.36 1.21302 1.23689
5190 10.38 1.23638 1.23689
5200 10.4 1.25248 1.23193
5210 10.42 1.19894 1.23193
5220 10.44 1.16046 1.22697
5230 10.46 1.22657 1.22697
5240 10.48 1.30224 1.22202
5250 10.5 1.22624 1.22202
5260 10.52 1.15035 1.21706
5270 10.54 1.21975 1.21706
5280 10.56 1.2695 1.2121
5290 10.58 1.20283 1.2121
5300 10.6 1.14561 1.20714
5310 10.62 1.17325 1.20714
5320 10.64 1.22613 1.20218
5330 10.66 1.22662 1.20218
5340 10.68 1.19435 1.19723
5350 10.7 1.16556 1.19723
5360 10.72 1.1696 1.19227
5370 10.74 1.19608 1.19227
5380 10.76 1.21154 1.18731
5390 10.78 1.20327 1.18731
5400 10.8 1.17115 1.18235
5410 10.82 1.14845 1.18235
5420 10.84 1.15767 1.17739
5430 10.86 1.18762 1.17739
5440 10.88 1.18068 1.17244
5450 10.9 1.15025 1.17244
5460 10.92 1.16553 1.16748
5470 10.94 1.17975 1.16748
5480 10.96 1.15829 1.16252
5490 10.98 1.14043 1.16252
5500 11 1.15329 1.15756
5510 11.02 1.16431 1.15756
5520 11.04 1.14855 1.15261
5530 11.06 1.1324 1.15261
5540 11.08 1.1132 1.14765
5550 11.1 1.1475 1.14765
5560 11.12 1.20522 1.14269
5570 11.14 1.15758 1.14269
5580 11.16 1.08716 1.13773
5590 11.18 1.10153 1.13773
5600 11.2 1.15103 1.13277
5610 11.22 1.13947 1.13277
5620 11.24 1.10514 1.12782
5630 11.26 1.12246 1.12782
5640 11.28 1.143 1.12286
5650 11.3 1.1196 1.12286
5660 11.32 1.09344 1.1179
5670 11.34 1.10827 1.1179
5680 11.36 1.12884 1.11294
5690 11.38 1.10878 1.11294
5700 11.4 1.0865 1.10798
5710 11.42 1.09964 1.10798
5720 11.44 1.11661 1.10303
5730 11.46 1.10152 1.10303
5740 11.48 1.08127 1.09807
5750 11.5 1.08018 1.09807
5760 11.52 1.09582 1.09311
5770 11.54 1.11057 1.09311
5780 11.56 1.10485 1.08815
5790 11.58 1.06271 1.08815
5800 11.6 1.03278 1.08319
5810 11.62 1.06841 1.08319
5820 11.64 1.14183 1.07824
5830 11.66 1.11704 1.07824
5840 11.68 1.02385 1.07328
5850 11.7 0.994852 1.07328
5860 11.72 1.06771 1.06832
5870 11.74 1.13623 1.06832
5880 11.76 1.07831 1.06336
5890 11.78 0.995922 1.06336
5900 11.8 1.00758 1.0584
5910 11.82 1.09455 1.0584
5920 11.84 1.14789 1.05345
5930 11.86 1.06833 1.05345
5940 11.88 0.952904 1.04849
5950 11.9 0.950921 1.04849
5960 11.92 1.07027 1.04353
5970 11.94 1.15696 1.04353
5980 11.96 1.06623 1.03857
5990 11.98 0.938791 1.03857
6000 12 0.953048 1.03361
6010 12.02 1.08738 1.03361
6020 12.04 1.12822 1.02866
6030 12.06 1.00755 1.02866
6040 12.08 0.916928 1.0237
6050 12.1 0.966784 1.0237
6060 12.12 1.11112 1.01874
6070 12.14 1.10704 1.01874
6080 12.16 0.955078 1.01378
6090 12.18 0.898418 1.01378
6100 12.2 1.01536 1.00882
6110 12.22 1.12476 1.00882
6120 12.24 1.04047 1.00387
6130 12.26 0.904631 1.00387
6140 12.28 0.905048 0.998908
6150 12.3 1.02805 0.998908
6160 12.32 1.0852 0.99395
6170 12.34 1.02395 0.99395
6180 12.36 0.936568 0.988992
6190 12.38 0.925786 0.988992
6200 12.4 0.981814 0.984034
6210 12.42 1.02095 0.984034
6220 12.44 1.0011 0.979076
6230 12.46 0.960428 0.979076
6240 12.48 0.943753 0.974118
6250 12.5 0.949481 0.974118
6260 12.52 0.967617 0.96916
6270 12.54 0.999825 0.96916
6280 12.56 0.994614 0.964202
6290 12.58 0.942377 0.964202
6300 12.6 0.920921 0.959244
6310 12.62 0.946546 0.959244
6320 12.64 0.971994 0.954286
6330 12.66 0.960572 0.954286
6340 12.68 0.931937 0.949328
6350 12.7 0.927096 0.949328
6360 12.72 0.953787 0.94437
6370 12.74 0.962474 0.94437
6380 12.76 0.936266 0.939412
6390 12.78 0.924173 0.939412
6400 12.8 0.928499 0.934454
6410 12.82 0.922195 0.934454
6420 12.84 0.928335 0.929496
6430 12.86 0.936255 0.929496
6440 12.88 0.927831 0.924538
6450 12.9 0.910718 0.924538
6460 12.92 0.907686 0.91958
6470 12.94 0.924572 0.91958
6480 12.96 0.939625 0.914622
6490 12.98 0.91851 0.914622
6500 13 0.877873 0.909664
6510 13.02 0.867908 0.909664
6520 13.04 0.897277 0.904706
6530 13.06 0.916756 0.904706
6540 13.08 0.911621 0.899748
6550 13.1 0.917017 0.899748
6560 13.12 0.908379 0.89479
6570 13.14 0.882162 0.89479
6580 13.16 0.867192 0.889832
6590 13.18 0.868776 0.889832
6600 13.2 0.885239 0.884874
6610 13.22 0.89807 0.884874
6620 13.24 0.885121 0.879916
6630 13.26 0.863587 0.879916
6640 13.28 0.857262 0.874958
6650 13.3 0.859245 0.874958
6660 13.32 0.870097 0.87
6670 13.34 0.892016 0.87
6680 13.36 0.88628 0.865042
6690 13.38 0.844509 0.865042
6700 13.4 0.824997 0.860084
6710 13.42 0.852592 0.860084
6720 13.44 0.884446 0.855126
6730 13.46 0.86694 0.855126
6740 13.48 0.825562 0.850168
6750 13.5 0.829888 0.850168
6760 13.52 0.863907 0.84521
6770 13.54 0.859687 0.84521
6780 13.56 0.826574 0.840252
6790 13.58 0.816281 0.840252
6800 13.6 0.831391 0.835294
6810 13.62 0.839424 0.835294
6820 13.64 0.8289 0.830336
6830 13.66 0.824308 0.830336
6840 13.68 0.828123 0.825378
6850 13.7 0.825915 0.825378
6860 13.72 0.813953 0.82042
6870 13.74 0.80712 0.82042
6880 13.76 0.813114 0.815462
6890 13.78 0.813286 0.815462
6900 13.8 0.80748 0.810504
6910 13.82 0.821438 0.810504
6920 13.84 0.821065 0.805546
6930 13.86 0.788397 0.805546
6940 13.88 0.775726 0.800588
6950 13.9 0.806371 0.800588
6960 13.92 0.814688 0.79563
6970 13.94 0.783957 0.79563
6980 13.96 0.757545 0.790672
6990 13.98 0.770409 0.790672
7000 14 0.805026 0.785714
7010 14.02 0.813327 0.785714
7020 14.04 0.788376 0.780756
7030 14.06 0.759327 0.780756
7040 14.08 0.75268 0.775798
7050 14.1 0.768976 0.775798
7060 14.12 0.782673 0.77084
7070 14.14 0.775925 0.77084
7080 14.16 0.754995 0.765882
7090 14.18 0.740737 0.765882
7100 14.2 0.775919 0.760924
7110 14.22 0.796683 0.760924
7120 14.24 0.765132 0.755966
7130 14.26 0.715503 0.755966
7140 14.28 0.696852 0.751008
7150 14.3 0.744777 0.751008
7160 14.32 0.812032 0.74605
7170 14.34 0.789242 0.74605
7180 14.36 0.709263 0.741092
7190 14.38 0.672258 0.741092
7200 14.4 0.709437 0.736134
7210 14.42 0.772488 0.736134
7220 14.44 0.785364 0.731176
7230 14.46 0.729842 0.731176
7240 14.48 0.682433 0.726218
7250 14.5 0.696664 0.726218
7260 14.52 0.723426 0.721261
7270 14.54 0.73189 0.721261
7280 14.56 0.734005 0.716303
7290 14.58 0.73 0.716303
7300 14.6 0.702444 0.711345
7310 14.62 0.678541 0.711345
7320 14.64 0.688306 0.706387
7330 14.66 0.719834 0.706387
7340 14.68 0.732824 0.701429
7350 14.7 0.706763 0.701429
7360 14.72 0.672151 0.696471
7370 14.74 0.662252 0.696471
7380 14.76 0.68381 0.691513
7390 14.78 0.712343 0.691513
7400 14.8 0.709491 0.686555
7410 14.82 0.675847 0.686555
7420 14.84 0.658947 0.681597
7430 14.86 0.665789 0.681597
7440 14.88 0.688997 0.676639
7450 14.9 0.703315 0.676639
7460 14.92 0.685786 0.671681
7470 14.94 0.644567 0.671681
7480 14.96 0.623266 0.666723
7490 14.98 0.646249 0.666723
7500 15 0.687759 0.661765
7510 15.02 0.697165 0.661765
7520 15.04 0.66612 0.656807
7530 15.06 0.629266 0.656807
7540 15.08 0.624353 0.651849
7550 15.1 0.651412 0.651849
7560 15.12 0.677405 0.646891
7570 15.14 0.671029 0.646891
7580 15.16 0.632793 0.641933
7590 15.18 0.598237 0.641933
7600 15.2 0.605272 0.636975
7610 15.22 0.63499 0.636975
7620 15.24 0.655736 0.632017
7630 15.26 0.652766 0.632017
7640 15.28 0.633832 0.627059
7650 15.3 0.617461 0.627059
7660 15.32 0.607463 0.622101
7670 15.34 0.604819 0.622101
7680 15.36 0.615342 0.617143
7690 15.38 0.629888 0.617143
7700 15.4 0.63241 0.612185
7710 15.42 0.616529 0.612185
7720 15.44 0.595339 0.607227
7730 15.46 0.581884 0.607227
7740 15.48 0.582678 0.602269
7750 15.5 0.592944 0.602269
7760 15.52 0.601029 0.597311
7770 15.54 0.605157 0.597311
7780 15.56 0.607177 0.592353
7790 15.58 0.603943 0.592353
7800 15.6 0.602383 0.587395
7810 15.62 0.591901 0.587395
7820 15.64 0.572127 0.582437
7830 15.66 0.551286 0.582437
7840 15.68 0.53835 0.577479
7850 15.7 0.546195 0.577479
7860 15.72 0.584203 0.572521
7870 15.74 0.627089 0.572521
7880 15.76 0.621304 0.567563
7890 15.78 0.565766 0.567563
7900 15.8 0.511642 0.562605
7910 15.82 0.499561 0.562605
7920 15.84 0.541046 0.557647
7930 15.86 0.607344 0.557647
7940 15.88 0.630917 0.552689
7950 15.9 0.579544 0.552689
7960 15.92 0.501069 0.547731
7970 15.94 0.455043 0.547731
7980 15.96 0.473654 0.542773
7990 15.98 0.556347 0.542773
8000 16 0.640712 0.537815
8010 16.02 0.625849 0.537815
8020 16.04 0.525776 0.532857
8030 16.06 0.441707 0.532857
8040 16.08 0.433679 0.527899
8050 16.1 0.5054 0.527899
8060 16.12 0.602936 0.522941
8070 16.14 0.629141 0.522941
8080 16.16 0.559366 0.517983
8090 16.18 0.468642 0.517983
8100 16.2 0.419993 0.513025
8110 16.22 0.431902 0.513025
8120 16.24 0.49696 0.508067
8130 16.26 0.572597 0.508067
8140 16.28 0.594658 0.503109
8150 16.3 0.541444 0.503109
8160 16.32 0.462907 0.498151
8170 16.34 0.415122 0.498151
8180 16.36 0.422293 0.493193
8190 16.38 0.483876 0.493193
8200 16.4 0.567029 0.488235
8210 16.42 0.592631 0.488235
8220 16.44 0.526344 0.483277
8230 16.46 0.434843 0.483277
8240 16.48 0.383536 0.478319
8250 16.5 0.391447 0.478319
8260 16.52 0.455934 0.473361
8270 16.54 0.542246 0.473361
8280 16.56 0.574468 0.468403
8290 16.58 0.518833 0.468403
8300 16.6 0.435192 0.463445
8310 16.62 0.381192 0.463445
8320 16.64 0.373088 0.458487
8330 16.66 0.409956 0.458487
8340 16.68 0.481843 0.453529
8350 16.7 0.544519 0.453529
8360 16.72 0.534793 0.448571
8370 16.74 0.465019 0.448571
8380 16.76 0.39973 0.443613
8390 16.78 0.370965 0.443613
8400 16.8 0.381334 0.438655
8410 16.82 0.420949 0.438655
8420 16.84 0.465619 0.433697
8430 16.86 0.486396 0.433697
8440 16.88 0.481641 0.428739
8450 16.9 0.453061 0.428739
8460 16.92 0.4082 0.423782
8470 16.94 0.369917 0.423782
8480 16.96 0.358712 0.418824
8490 16.98 0.382901 0.418824
8500 17 0.430749 0.413866
8510 17.02 0.467672 0.413866
8520 17.04 0.461502 0.408908
8530 17.06 0.419284 0.408908
8540 17.08 0.377113 0.40395
8550 17.1 0.361839 0.40395
8560 17.12 0.37423 0.398992
8570 17.14 0.397943 0.398992
8580 17.16 0.414613 0.394034
8590 17.18 0.414631 0.394034
8600 17.2 0.402437 0.389076
8610 17.22 0.386011 0.389076
8620 17.24 0.374757 0.384118
8630 17.26 0.37402 0.384118
8640 17.28 0.379426 0.37916
8650 17.3 0.38106 0.37916
8660 17.32 0.374828 0.374202
8670 17.34 0.366113 0.374202
8680 17.36 0.365369 0.369244
8690 17.38 0.37344 0.369244
8700 17.4 0.377462 0.364286
8710 17.42 0.370462 0.364286
8720 17.44 0.357852 0.359328
8730 17.46 0.347015 0.359328
8740 17.48 0.341175 0.35437
8750 17.5 0.341699 0.35437
8760 17.52 0.347691 0.349412
8770 17.54 0.353284 0.349412
8780 17.56 0.355847 0.344454
8790 17.58 0.354275 0.344454
8800 17.6 0.34804 0.339496
8810 17.62 0.339373 0.339496
8820 17.64 0.33104 0.334538
8830 17.66 0.324632 0.334538
8840 17.68 0.322494 0.32958
8850 17.7 0.322959 0.32958
8860 17.72 0.323608 0.324622
8870 17.74 0.323571 0.324622
8880 17.76 0.323365 0.319664
8890 17.78 0.321261 0.319664
8900 17.8 0.317385 0.314706
8910 17.82 0.315787 0.314706
8920 17.84 0.31435 0.309748
8930 17.86 0.306332 0.309748
8940 17.88 0.295916 0.30479
8950 17.9 0.290991 0.30479
8960 17.92 0.294788 0.299832
8970 17.94 0.303118 0.299832
8980 17.96 0.3098 0.294874
8990 17.98 0.309913 0.294874
9000 18 0.301709 0.289916
9010 18.02 0.288142 0.289916
9020 18.04 0.277604 0.284958
9030 18.06 0.273817 0.284958
9040 18.08 0.273442 0.28
9050 18.1 0.27265 0.28
9060 18.12 0.271664 0.275042
9070 18.14 0.271882 0.275042
9080 18.16 0.274636 0.270084
9090 18.18 0.279928 0.270084
9100 18.2 0.284467 0.265126
9110 18.22 0.281096 0.265126
9120 18.24 0.266346 0.260168
9130 18.26 0.2445 0.260168
9140 18.28 0.228755 0.25521
9150 18.3 0.229078 0.25521
9160 18.32 0.239329 0.250252
9170 18.34 0.251167 0.250252
9180 18.36 0.263592 0.245294
9190 18.38 0.275389 0.245294
9200 18.4 0.279328 0.240336
9210 18.42 0.265911 0.240336
9220 18.44 0.240535 0.235378
9230 18.46 0.214679 0.235378
9240 18.48 0.195911 0.23042
9250 18.5 0.188248 0.23042
9260 18.52 0.194586 0.225462
9270 18.54 0.213895 0.225462
9280 18.56 0.238631 0.220504
9290 18.58 0.255532 0.220504
9300 18.6 0.254798 0.215546
9310 18.62 0.237298 0.215546
9320 18.64 0.213462 0.210588
9330 18.66 0.194056 0.210588
9340 18.68 0.185164 0.20563
9350 18.7 0.187117 0.20563
9360 18.72 0.195487 0.200672
9370 18.74 0.201927 0.200672
9380 18.76 0.20021 0.195714
9390 18.78 0.191274 0.195714
9400 18.8 0.183084 0.190756
9410 18.82 0.182979 0.190756
9420 18.84 0.192395 0.185798
9430 18.86 0.205102 0.185798
9440 18.88 0.210663 0.18084
9450 18.9 0.202086 0.18084
9460 18.92 0.183057 0.175882
9470 18.94 0.163356 0.175882
9480 18.96 0.150478 0.170924
9490 18.98 0.146029 0.170924
9500 19 0.148739 0.165966
9510 19.02 0.155692 0.165966
9520 19.04 0.163018 0.161008
9530 19.06 0.166922 0.161008
9540 19.08 0.166207 0.15605
9550 19.1 0.161942 0.15605
9560 19.12 0.156559 0.151092
9570 19.14 0.15239 0.151092
9580 19.16 0.151422 0.146134
9590 19.18 0.153682 0.146134
9600 19.2 0.156669 0.141176
9610 19.22 0.155987 0.141176
9620 19.24 0.149468 0.136218
9630 19.26 0.138706 0.136218
9640 19.28 0.126974 0.131261
9650 19.3 0.116586 0.131261
9660 19.32 0.109775 0.126303
9670 19.34 0.108012 0.126303
9680 19.36 0.111294 0.121345
9690 19.38 0.117546 0.121345
9700 19.4 0.123605 0.116387
9710 19.42 0.126424 0.116387
9720 19.44 0.12509 0.111429
9730 19.46 0.120758 0.111429
9740 19.48 0.115365 0.106471
9750 19.5 0.109288 0.106471
9760 19.52 0.102246 0.101513
9770 19.54 0.0948134 0.101513
9780 19.56 0.0886941 0.0965546
9790 19.58 0.0850473 0.0965546
9800 19.6 0.0840459 0.0915966
9810 19.62 0.0848917 0.0915966
9820 19.64 0.0864568 0.0866387
9830 19.66 0.0874321 0.0866387
9840 19.68 0.0873502 0.0816807
9850 19.7 0.0868137 0.0816807
9860 19.72 0.0870302 0.0767227
9870 19.74 0.0879923 0.0767227
9880 19.76 0.0881505 0.0717647
9890 19.78 0.0856504 0.0717647
9900 19.8 0.0805087 0.0668067
9910 19.82 0.0743336 0.0668067
9920 19.84 0.0688435 0.0618487
9930 19.86 0.0644496 0.0618487
9940 19.88 0.0607998 0.0568908
9950 19.9 0.0573917 0.0568908
9960 19.92 0.0541242 0.0519328
9970 19.94 0.0510325 0.0519328
9980 19.96 0.0482628 0.0469748
9990 19.98 0.0458135 0.0469748
10000 20 0.0436623 0.0420168
