# node x y psi_FEM psi_exact difference
       1    0.000000000000    0.000000000000    0.000000000000   -0.000000000000    0.000000000000
       2    1.250000000000    0.000000000000   -0.129063552413   -0.129063552413    0.000000000000
       3    2.500000000000    0.000000000000   -0.199383418959   -0.199383418959    0.000000000000
       4    3.750000000000    0.000000000000   -0.247986418014   -0.247986418014    0.000000000000
       5    0.000000000000    1.250000000000   -0.074881075319   -0.074881075319    0.000000000000
       6    1.250000000000    1.250000000000   -0.148990834837   -0.150469091665    0.001478256829
       7    2.500000000000    1.250000000000   -0.208514493051   -0.208936538628    0.000422045576
       8    3.750000000000    1.250000000000   -0.253207779204   -0.253314878648    0.000107099444
       9    0.000000000000    2.500000000000   -0.157643088021   -0.157643088021    0.000000000000
      10    1.250000000000    2.500000000000   -0.191328388864   -0.193047649435    0.001719260571
      11    2.500000000000    2.500000000000   -0.231112662065   -0.232188817410    0.001076155345
      12    3.750000000000    2.500000000000   -0.267042890057   -0.267444708094    0.000401818037
      13    0.000000000000    3.750000000000   -0.215830671758   -0.215830671758    0.000000000000
      14    1.250000000000    3.750000000000   -0.234172008625   -0.234832830439    0.000660821814
      15    2.500000000000    3.750000000000   -0.259482277233   -0.260221842232    0.000739564999
      16    3.750000000000    3.750000000000   -0.286162624647   -0.286537074056    0.000374449408
      17    5.000000000000    0.000000000000   -0.285167376359   -0.285167376359    0.000000000000
      18    5.000000000000    1.250000000000   -0.288548406184   -0.288548406184    0.000000000000
      19    5.000000000000    2.500000000000   -0.297906568944   -0.297906568944    0.000000000000
      20    5.000000000000    3.750000000000   -0.311408309123   -0.311408309123    0.000000000000
      21    0.000000000000    5.000000000000   -0.259271084548   -0.259271084548    0.000000000000
      22    1.250000000000    5.000000000000   -0.270824301806   -0.270824301806    0.000000000000
      23    2.500000000000    5.000000000000   -0.287883594702   -0.287883594702    0.000000000000
      24    3.750000000000    5.000000000000   -0.307331747100   -0.307331747100    0.000000000000
      25    5.000000000000    5.000000000000   -0.327132947955   -0.327132947955    0.000000000000
