0.07 34.6482 34.6482
0.14 69.2116 69.1635
0.21 103.691 103.547
0.28 138.086 137.798
0.35 172.399 171.919
0.42 206.629 205.91
0.49 240.777 239.772
0.56 274.844 273.505
0.63 308.831 307.11
0.7 342.737 340.588
0.77 376.564 373.939
0.84 410.313 407.165
0.91 443.983 440.266
0.98 477.575 473.242
1.05 511.09 506.094
1.12 544.529 538.824
1.19 577.891 571.43
1.26 611.178 603.915
1.33 644.39 636.279
1.4 677.528 668.522
1.47 710.592 700.645
1.54 743.582 732.648
1.61 776.499 764.533
1.68 809.344 796.3
1.75 842.117 827.949
1.82 874.819 859.481
1.89 907.45 890.896
1.96 940.01 922.196
2.03 972.5 953.38
2.1 1004.92 984.45
2.17 1037.27 1015.4
2.24 1069.56 1046.25
2.31 1101.77 1076.98
2.38 1133.92 1107.59
2.45 1166 1138.1
2.52 1198.01 1168.49
2.59 1229.96 1198.77
2.66 1261.84 1228.94
2.73 1293.66 1259
2.8 1325.41 1288.95
2.87 1357.1 1318.8
2.94 1388.72 1348.53
3.01 1420.28 1378.16
3.08 1451.77 1407.67
3.15 1483.21 1437.09
3.22 1514.58 1466.39
3.29 1545.88 1495.59
3.36 1577.13 1524.68
3.43 1608.32 1553.67
3.5 1639.44 1582.56
3.57 1670.5 1611.33
3.64 1701.51 1640.01
3.71 1732.45 1668.58
3.78 1763.33 1697.05
3.85 1794.16 1725.42
3.92 1824.93 1753.68
3.99 1855.63 1781.85
4.06 1886.28 1809.91
4.13 1916.88 1837.87
4.2 1947.41 1865.73
4.27 1977.89 1893.49
4.34 2008.31 1921.15
4.41 2038.68 1948.71
4.48 2068.99 1976.18
4.55 2099.24 2003.54
4.62 2129.44 2030.81
4.69 2159.59 2057.98
4.76 2189.68 2085.05
4.83 2219.71 2112.03
4.9 2249.7 2138.91
4.97 2279.62 2165.69
5.04 2309.5 2192.38
5.11 2339.32 2218.97
5.18 2369.09 2245.46
5.25 2398.81 2271.87
5.32 2428.47 2298.17
5.39 2458.09 2324.39
5.46 2487.65 2350.51
5.53 2517.16 2376.54
5.6 2546.62 2402.47
5.67 2576.03 2428.31
5.74 2605.39 2454.06
5.81 2634.7 2479.72
5.88 2663.96 2505.29
5.95 2693.17 2530.76
6.02 2722.34 2556.15
6.09 2751.45 2581.44
6.16 2780.51 2606.64
6.23 2809.53 2631.76
6.3 2838.5 2656.78
6.37 2867.42 2681.72
6.44 2896.29 2706.56
6.51 2925.12 2731.32
6.58 2953.9 2755.99
6.65 2982.63 2780.57
6.72 3011.32 2805.06
6.79 3039.96 2829.47
6.86 3068.55 2853.79
6.93 3097.1 2878.02
7 3125.6 2902.16
7.07 3154.06 2926.22
7.14 3182.47 2950.19
7.21 3210.84 2974.08
7.28 3239.16 2997.88
7.35 3267.44 3021.6
7.42 3295.68 3045.23
7.49 3323.87 3068.78
7.56 3352.02 3092.24
7.63 3380.13 3115.62
7.7 3408.19 3138.91
7.77 3436.21 3162.12
7.84 3464.19 3185.25
7.91 3492.12 3208.29
7.98 3520.01 3231.26
8.05 3547.86 3254.13
8.12 3575.67 3276.93
8.19 3603.44 3299.65
8.26 3631.17 3322.28
8.33 3658.85 3344.83
8.4 3686.5 3367.3
8.47 3714.1 3389.69
8.54 3741.66 3412
8.61 3769.19 3434.22
8.68 3796.67 3456.37
8.75 3824.11 3478.44
8.82 3851.52 3500.43
8.89 3878.88 3522.33
8.96 3906.21 3544.16
9.03 3933.49 3565.91
9.1 3960.74 3587.58
9.17 3987.95 3609.17
9.24 4015.12 3630.68
9.31 4042.25 3652.12
9.38 4069.35 3673.47
9.45 4096.4 3694.75
9.52 4123.42 3715.95
9.59 4150.4 3737.07
9.66 4177.35 3758.12
9.73 4204.26 3779.09
9.8 4231.13 3799.98
9.87 4257.96 3820.8
9.94 4284.76 3841.53
10.01 4311.52 3862.2
10.08 4338.24 3882.78
10.15 4364.93 3903.29
10.22 4391.58 3923.73
10.29 4418.2 3944.09
10.36 4444.78 3964.37
10.43 4471.32 3984.58
10.5 4497.83 4004.72
10.57 4524.31 4024.78
10.64 4550.75 4044.76
10.71 4577.16 4064.67
10.78 4603.53 4084.51
10.85 4629.87 4104.27
10.92 4656.17 4123.96
10.99 4682.44 4143.58
11.06 4708.67 4163.12
11.13 4734.87 4182.59
11.2 4761.04 4201.99
11.27 4787.18 4221.31
11.34 4813.28 4240.56
11.41 4839.35 4259.74
11.48 4865.38 4278.84
11.55 4891.38 4297.88
11.62 4917.35 4316.84
11.69 4943.29 4335.73
11.76 4969.19 4354.55
11.83 4995.07 4373.29
11.9 5020.91 4391.97
11.97 5046.72 4410.57
12.04 5072.49 4429.11
12.11 5098.24 4447.57
12.18 5123.95 4465.96
12.25 5149.63 4484.28
12.32 5175.28 4502.54
12.39 5200.9 4520.72
12.46 5226.49 4538.83
12.53 5252.05 4556.87
12.6 5277.58 4574.84
12.67 5303.08 4592.74
12.74 5328.54 4610.57
12.81 5353.98 4628.34
12.88 5379.39 4646.03
12.95 5404.76 4663.66
13.02 5430.11 4681.21
13.09 5455.43 4698.7
13.16 5480.71 4716.12
13.23 5505.97 4733.47
13.3 5531.2 4750.75
13.37 5556.4 4767.97
13.44 5581.57 4785.11
13.51 5606.71 4802.19
13.58 5631.82 4819.2
13.65 5656.9 4836.15
13.72 5681.96 4853.02
13.79 5706.99 4869.83
13.86 5731.98 4886.57
13.93 5756.95 4903.25
14 5781.89 4919.86
14.07 5806.81 4936.4
14.14 5831.69 4952.87
14.21 5856.55 4969.28
14.28 5881.38 4985.62
14.35 5906.18 5001.9
14.42 5930.96 5018.11
14.49 5955.71 5034.25
14.56 5980.43 5050.33
14.63 6005.12 5066.34
14.7 6029.79 5082.29
14.77 6054.43 5098.17
14.84 6079.04 5113.98
14.91 6103.63 5129.73
14.98 6128.19 5145.42
15.05 6152.72 5161.04
15.12 6177.23 5176.59
15.19 6201.71 5192.08
15.26 6226.16 5207.51
15.33 6250.59 5222.87
15.4 6274.99 5238.17
15.47 6299.37 5253.4
15.54 6323.72 5268.57
15.61 6348.04 5283.68
15.68 6372.34 5298.72
15.75 6396.62 5313.69
15.82 6420.87 5328.61
15.89 6445.09 5343.46
15.96 6469.29 5358.24
16.03 6493.46 5372.97
16.1 6517.61 5387.63
16.17 6541.73 5402.22
16.24 6565.83 5416.76
16.31 6589.91 5431.23
16.38 6613.96 5445.64
16.45 6637.98 5459.98
16.52 6661.98 5474.26
16.59 6685.96 5488.48
16.66 6709.91 5502.64
16.73 6733.84 5516.74
16.8 6757.75 5530.77
16.87 6781.63 5544.74
16.94 6805.48 5558.65
17.01 6829.32 5572.5
17.08 6853.13 5586.28
17.15 6876.91 5600
17.22 6900.67 5613.67
17.29 6924.41 5627.27
17.36 6948.13 5640.81
17.43 6971.82 5654.28
17.5 6995.49 5667.7
17.57 7019.14 5681.06
17.64 7042.76 5694.35
17.71 7066.36 5707.58
17.78 7089.94 5720.76
17.85 7113.49 5733.87
17.92 7137.03 5746.92
17.99 7160.54 5759.91
18.06 7184.02 5772.84
18.13 7207.49 5785.71
18.2 7230.93 5798.52
18.27 7254.35 5811.27
18.34 7277.75 5823.96
18.41 7301.13 5836.59
18.48 7324.48 5849.15
18.55 7347.81 5861.66
18.62 7371.13 5874.11
18.69 7394.41 5886.5
18.76 7417.68 5898.83
18.83 7440.93 5911.1
18.9 7464.15 5923.32
18.97 7487.35 5935.47
19.04 7510.54 5947.56
19.11 7533.7 5959.59
19.18 7556.84 5971.57
19.25 7579.95 5983.48
19.32 7603.05 5995.34
19.39 7626.13 6007.14
19.46 7649.18 6018.88
19.53 7672.21 6030.56
19.6 7695.23 6042.18
19.67 7718.22 6053.74
19.74 7741.19 6065.25
19.81 7764.14 6076.69
19.88 7787.07 6088.08
19.95 7809.98 6099.41
20.02 7832.87 6110.68
20.09 7855.74 6121.89
20.16 7878.59 6133.05
20.23 7901.42 6144.15
20.3 7924.23 6155.19
20.37 7947.02 6166.17
20.44 7969.79 6177.09
20.51 7992.54 6187.96
20.58 8015.27 6198.77
20.65 8037.98 6209.52
20.72 8060.67 6220.21
20.79 8083.34 6230.85
20.86 8105.99 6241.43
20.93 8128.62 6251.95
21 8151.23 6262.42
21.07 8173.82 6272.83
21.14 8196.39 6283.18
21.21 8218.95 6293.47
21.28 8241.48 6303.71
21.35 8264 6313.89
21.42 8286.49 6324.02
21.49 8308.97 6334.08
21.56 8331.43 6344.09
21.63 8353.87 6354.05
21.7 8376.29 6363.95
21.77 8398.69 6373.79
21.84 8421.07 6383.57
21.91 8443.44 6393.3
21.98 8465.78 6402.97
22.05 8488.11 6412.59
22.12 8510.42 6422.15
22.19 8532.71 6431.66
22.26 8554.98 6441.11
22.33 8577.23 6450.5
22.4 8599.47 6459.84
22.47 8621.69 6469.12
22.54 8643.88 6478.34
22.61 8666.07 6487.51
22.68 8688.23 6496.63
22.75 8710.37 6505.69
22.82 8732.5 6514.69
22.89 8754.61 6523.64
22.96 8776.7 6532.53
23.03 8798.77 6541.37
23.1 8820.83 6550.15
23.17 8842.86 6558.88
23.24 8864.88 6567.55
23.31 8886.89 6576.17
23.38 8908.87 6584.74
23.45 8930.84 6593.24
23.52 8952.79 6601.7
23.59 8974.72 6610.09
23.66 8996.64 6618.44
23.73 9018.53 6626.73
23.8 9040.42 6634.96
23.87 9062.28 6643.14
23.94 9084.13 6651.27
24.01 9105.95 6659.34
24.08 9127.77 6667.35
24.15 9149.56 6675.32
24.22 9171.34 6683.22
24.29 9193.1 6691.08
24.36 9214.85 6698.88
24.43 9236.57 6706.62
24.5 9258.28 6714.31
24.57 9279.98 6721.95
24.64 9301.66 6729.53
24.71 9323.32 6737.06
24.78 9344.96 6744.54
24.85 9366.59 6751.96
24.92 9388.2 6759.33
24.99 9409.8 6766.64
25.06 9431.37 6773.91
25.13 9452.94 6781.11
25.2 9474.48 6788.27
25.27 9496.01 6795.37
25.34 9517.52 6802.41
25.41 9539.02 6809.41
25.48 9560.5 6816.35
25.55 9581.97 6823.23
25.62 9603.42 6830.07
25.69 9624.85 6836.85
25.76 9646.27 6843.58
25.83 9667.67 6850.25
25.9 9689.05 6856.87
25.97 9710.42 6863.44
26.04 9731.77 6869.96
26.11 9753.11 6876.42
26.18 9774.43 6882.83
26.25 9795.74 6889.19
26.32 9817.03 6895.49
26.39 9838.31 6901.74
26.46 9859.57 6907.94
26.53 9880.81 6914.09
26.6 9902.04 6920.18
26.67 9923.25 6926.22
26.74 9944.45 6932.21
26.81 9965.63 6938.15
26.88 9986.8 6944.03
26.95 10007.9 6949.86
27.02 10029.1 6955.64
27.09 10050.2 6961.37
27.16 10071.3 6967.04
27.23 10092.4 6972.67
27.3 10113.5 6978.24
27.37 10134.5 6983.76
27.44 10155.6 6989.22
27.51 10176.6 6994.64
27.58 10197.6 7000
27.65 10218.6 7005.31
27.72 10239.6 7010.57
27.79 10260.6 7015.78
27.86 10281.5 7020.93
27.93 10302.5 7026.04
28 10323.4 7031.09
28.07 10344.3 7036.09
28.14 10365.2 7041.04
28.21 10386.1 7045.93
28.28 10407 7050.78
28.35 10427.8 7055.57
28.42 10448.7 7060.32
28.49 10469.5 7065.01
28.56 10490.3 7069.65
28.63 10511.1 7074.24
28.7 10531.9 7078.78
28.77 10552.6 7083.26
28.84 10573.4 7087.7
28.91 10594.1 7092.08
28.98 10614.8 7096.41
29.05 10635.5 7100.7
29.12 10656.2 7104.93
29.19 10676.9 7109.11
29.26 10697.6 7113.24
29.33 10718.2 7117.31
29.4 10738.9 7121.34
29.47 10759.5 7125.32
29.54 10780.1 7129.24
29.61 10800.7 7133.12
29.68 10821.3 7136.94
29.75 10841.8 7140.72
29.82 10862.4 7144.44
29.89 10882.9 7148.11
29.96 10903.5 7151.73
30.03 10924 7155.3
30.1 10944.5 7158.83
30.17 10965 7162.3
30.24 10985.4 7165.72
30.31 11005.9 7169.09
30.38 11026.3 7172.4
30.45 11046.8 7175.67
30.52 11067.2 7178.89
30.59 11087.6 7182.06
30.66 11108 7185.18
30.73 11128.3 7188.25
30.8 11148.7 7191.26
30.87 11169 7194.23
30.94 11189.4 7197.15
31.01 11209.7 7200.02
31.08 11230 7202.84
31.15 11250.3 7205.6
31.22 11270.6 7208.32
31.29 11290.8 7210.99
31.36 11311.1 7213.61
31.43 11331.3 7216.18
31.5 11351.5 7218.69
31.57 11371.8 7221.16
31.64 11392 7223.58
31.71 11412.1 7225.95
31.78 11432.3 7228.27
31.85 11452.5 7230.54
31.92 11472.6 7232.76
31.99 11492.8 7234.94
32.06 11512.9 7237.06
32.13 11533 7239.13
32.2 11553.1 7241.15
32.27 11573.2 7243.13
32.34 11593.2 7245.05
32.41 11613.3 7246.93
32.48 11633.3 7248.75
32.55 11653.3 7250.53
32.62 11673.4 7252.25
32.69 11693.4 7253.93
32.76 11713.4 7255.56
32.83 11733.3 7257.14
32.9 11753.3 7258.67
32.97 11773.2 7260.15
33.04 11793.2 7261.59
33.11 11813.1 7262.97
33.18 11833 7264.3
33.25 11852.9 7265.59
33.32 11872.8 7266.83
33.39 11892.7 7268.01
33.46 11912.5 7269.15
33.53 11932.4 7270.24
33.6 11952.2 7271.28
33.67 11972 7272.28
33.74 11991.9 7273.22
33.81 12011.6 7274.12
33.88 12031.4 7274.96
33.95 12051.2 7275.76
34.02 12071 7276.51
34.09 12090.7 7277.21
34.16 12110.4 7277.86
34.23 12130.2 7278.47
34.3 12149.9 7279.02
34.37 12169.6 7279.53
34.44 12189.3 7279.99
34.51 12208.9 7280.4
34.58 12228.6 7280.76
34.65 12248.2 7281.08
34.72 12267.9 7281.34
34.79 12287.5 7281.56
34.86 12307.1 7281.73
34.93 12326.7 7281.85
35 12346.3 7281.92
35.07 12365.9 7281.95
35.14 12385.4 7281.92
35.21 12405 7281.85
35.28 12424.5 7281.73
35.35 12444 7281.56
35.42 12463.5 7281.35
35.49 12483 7281.08
35.56 12502.5 7280.77
35.63 12522 7280.41
35.7 12541.5 7280.01
35.77 12560.9 7279.55
35.84 12580.3 7279.05
35.91 12599.8 7278.5
35.98 12619.2 7277.9
36.05 12638.6 7277.25
36.12 12658 7276.56
36.19 12677.4 7275.82
36.26 12696.7 7275.03
36.33 12716.1 7274.2
36.4 12735.4 7273.31
36.47 12754.7 7272.38
36.54 12774.1 7271.4
36.61 12793.4 7270.37
36.68 12812.7 7269.3
36.75 12831.9 7268.18
36.82 12851.2 7267.01
36.89 12870.5 7265.8
36.96 12889.7 7264.53
37.03 12908.9 7263.22
37.1 12928.2 7261.86
37.17 12947.4 7260.46
37.24 12966.6 7259.01
37.31 12985.7 7257.51
37.38 13004.9 7255.96
37.45 13024.1 7254.37
37.52 13043.2 7252.73
37.59 13062.4 7251.04
37.66 13081.5 7249.3
37.73 13100.6 7247.52
37.8 13119.7 7245.69
37.87 13138.8 7243.82
37.94 13157.9 7241.9
38.01 13176.9 7239.93
38.08 13196 7237.91
38.15 13215 7235.85
38.22 13234.1 7233.74
38.29 13253.1 7231.58
38.36 13272.1 7229.38
38.43 13291.1 7227.13
38.5 13310.1 7224.83
38.57 13329.1 7222.49
38.64 13348 7220.1
38.71 13367 7217.66
38.78 13385.9 7215.18
38.85 13404.8 7212.65
38.92 13423.7 7210.07
38.99 13442.6 7207.45
39.06 13461.5 7204.78
39.13 13480.4 7202.06
39.2 13499.3 7199.3
39.27 13518.1 7196.49
39.34 13537 7193.64
39.41 13555.8 7190.74
39.48 13574.6 7187.79
39.55 13593.4 7184.8
39.62 13612.2 7181.76
39.69 13631 7178.67
39.76 13649.8 7175.54
39.83 13668.6 7172.36
39.9 13687.3 7169.14
39.97 13706.1 7165.86
40.04 13724.8 7162.55
40.11 13743.5 7159.19
40.18 13762.2 7155.78
40.25 13780.9 7152.32
40.32 13799.6 7148.82
40.39 13818.2 7145.28
40.46 13836.9 7141.68
40.53 13855.6 7138.05
40.6 13874.2 7134.36
40.67 13892.8 7130.63
40.74 13911.4 7126.86
40.81 13930 7123.04
40.88 13948.6 7119.17
40.95 13967.2 7115.26
41.02 13985.8 7111.3
41.09 14004.3 7107.29
41.16 14022.9 7103.24
41.23 14041.4 7099.15
41.3 14059.9 7095.01
41.37 14078.4 7090.82
41.44 14096.9 7086.59
41.51 14115.4 7082.31
41.58 14133.9 7077.99
41.65 14152.3 7073.62
41.72 14170.8 7069.21
41.79 14189.2 7064.75
41.86 14207.7 7060.25
41.93 14226.1 7055.7
42 14244.5 7051.11
42.07 14262.9 7046.47
42.14 14281.3 7041.78
42.21 14299.6 7037.05
42.28 14318 7032.28
42.35 14336.4 7027.46
42.42 14354.7 7022.59
42.49 14373 7017.68
42.56 14391.3 7012.72
42.63 14409.6 7007.72
42.7 14427.9 7002.68
42.77 14446.2 6997.59
42.84 14464.5 6992.45
42.91 14482.7 6987.27
42.98 14501 6982.05
43.05 14519.2 6976.78
43.12 14537.5 6971.47
43.19 14555.7 6966.11
43.26 14573.9 6960.7
43.33 14592.1 6955.25
43.4 14610.2 6949.76
43.47 14628.4 6944.22
43.54 14646.6 6938.64
43.61 14664.7 6933.01
43.68 14682.8 6927.34
43.75 14701 6921.62
43.82 14719.1 6915.86
43.89 14737.2 6910.06
43.96 14755.3 6904.21
44.03 14773.3 6898.32
44.1 14791.4 6892.38
44.17 14809.5 6886.39
44.24 14827.5 6880.37
44.31 14845.5 6874.3
44.38 14863.6 6868.18
44.45 14881.6 6862.02
44.52 14899.6 6855.82
44.59 14917.6 6849.57
44.66 14935.5 6843.28
44.73 14953.5 6836.94
44.8 14971.4 6830.56
44.87 14989.4 6824.14
44.94 15007.3 6817.67
45.01 15025.2 6811.16
45.08 15043.1 6804.6
45.15 15061 6798
45.22 15078.9 6791.35
45.29 15096.8 6784.67
45.36 15114.7 6777.93
45.43 15132.5 6771.16
45.5 15150.3 6764.34
45.57 15168.2 6757.48
45.64 15186 6750.57
45.71 15203.8 6743.62
45.78 15221.6 6736.62
45.85 15239.4 6729.59
45.92 15257.1 6722.51
45.99 15274.9 6715.38
46.06 15292.6 6708.21
46.13 15310.4 6701
46.2 15328.1 6693.75
46.27 15345.8 6686.45
46.34 15363.5 6679.1
46.41 15381.2 6671.72
46.48 15398.9 6664.29
46.55 15416.6 6656.82
46.62 15434.2 6649.3
46.69 15451.9 6641.74
46.76 15469.5 6634.14
46.83 15487.1 6626.5
46.9 15504.7 6618.81
46.97 15522.3 6611.08
47.04 15539.9 6603.3
47.11 15557.5 6595.49
47.18 15575.1 6587.63
47.25 15592.6 6579.72
47.32 15610.2 6571.78
47.39 15627.7 6563.79
47.46 15645.2 6555.75
47.53 15662.7 6547.68
47.6 15680.2 6539.56
47.67 15697.7 6531.4
47.74 15715.2 6523.2
47.81 15732.7 6514.95
47.88 15750.1 6506.66
47.95 15767.5 6498.33
48.02 15785 6489.96
48.09 15802.4 6481.54
48.16 15819.8 6473.08
48.23 15837.2 6464.58
48.3 15854.6 6456.04
48.37 15872 6447.45
48.44 15889.3 6438.82
48.51 15906.7 6430.15
48.58 15924 6421.44
48.65 15941.3 6412.68
48.72 15958.6 6403.88
48.79 15976 6395.04
48.86 15993.2 6386.16
48.93 16010.5 6377.23
49 16027.8 6368.27
49.07 16045.1 6359.26
49.14 16062.3 6350.21
49.21 16079.5 6341.11
49.28 16096.8 6331.98
49.35 16114 6322.8
49.42 16131.2 6313.58
49.49 16148.4 6304.32
49.56 16165.5 6295.02
49.63 16182.7 6285.67
49.7 16199.9 6276.29
49.77 16217 6266.86
49.84 16234.1 6257.39
49.91 16251.2 6247.88
49.98 16268.4 6238.32
50.05 16285.5 6228.73
50.12 16302.5 6219.09
50.19 16319.6 6209.41
50.26 16336.7 6199.69
50.33 16353.7 6189.93
50.4 16370.8 6180.13
50.47 16387.8 6170.28
50.54 16404.8 6160.4
50.61 16421.8 6150.47
50.68 16438.8 6140.5
50.75 16455.8 6130.5
50.82 16472.8 6120.44
50.89 16489.7 6110.35
50.96 16506.7 6100.22
51.03 16523.6 6090.05
51.1 16540.5 6079.83
51.17 16557.4 6069.57
51.24 16574.3 6059.28
51.31 16591.2 6048.94
51.38 16608.1 6038.56
51.45 16625 6028.14
51.52 16641.8 6017.68
51.59 16658.7 6007.18
51.66 16675.5 5996.64
51.73 16692.3 5986.05
51.8 16709.1 5975.43
51.87 16725.9 5964.76
51.94 16742.7 5954.06
52.01 16759.5 5943.31
52.08 16776.2 5932.53
52.15 16793 5921.7
52.22 16809.7 5910.83
52.29 16826.4 5899.92
52.36 16843.1 5888.98
52.43 16859.8 5877.99
52.5 16876.5 5866.96
52.57 16893.2 5855.89
52.64 16909.9 5844.78
52.71 16926.5 5833.63
52.78 16943.2 5822.44
52.85 16959.8 5811.21
52.92 16976.4 5799.94
52.99 16993 5788.63
53.06 17009.6 5777.28
53.13 17026.2 5765.89
53.2 17042.8 5754.46
53.27 17059.3 5742.99
53.34 17075.9 5731.48
53.41 17092.4 5719.93
53.48 17108.9 5708.34
53.55 17125.4 5696.71
53.62 17141.9 5685.04
53.69 17158.4 5673.33
53.76 17174.9 5661.59
53.83 17191.4 5649.8
53.9 17207.8 5637.97
53.97 17224.3 5626.11
54.04 17240.7 5614.2
54.11 17257.1 5602.25
54.18 17273.5 5590.27
54.25 17289.9 5578.24
54.32 17306.3 5566.18
54.39 17322.7 5554.08
54.46 17339 5541.94
54.53 17355.4 5529.75
54.6 17371.7 5517.53
54.67 17388 5505.27
54.74 17404.3 5492.98
54.81 17420.6 5480.64
54.88 17436.9 5468.26
54.95 17453.2 5455.85
55.02 17469.4 5443.39
55.09 17485.7 5430.9
55.16 17501.9 5418.37
55.23 17518.1 5405.8
55.3 17534.3 5393.19
55.37 17550.5 5380.54
55.44 17566.7 5367.85
55.51 17582.9 5355.13
55.58 17599.1 5342.36
55.65 17615.2 5329.56
55.72 17631.4 5316.72
55.79 17647.5 5303.84
55.86 17663.6 5290.93
55.93 17679.7 5277.97
56 17695.8 5264.98
56.07 17711.9 5251.94
56.14 17727.9 5238.87
56.21 17744 5225.77
56.28 17760 5212.62
56.35 17776.1 5199.43
56.42 17792.1 5186.21
56.49 17808.1 5172.95
56.56 17824.1 5159.65
56.63 17840.1 5146.32
56.7 17856 5132.94
56.77 17872 5119.53
56.84 17887.9 5106.08
56.91 17903.9 5092.59
56.98 17919.8 5079.07
57.05 17935.7 5065.5
57.12 17951.6 5051.9
57.19 17967.5 5038.27
57.26 17983.3 5024.59
57.33 17999.2 5010.88
57.4 18015 4997.13
57.47 18030.9 4983.34
57.54 18046.7 4969.52
57.61 18062.5 4955.66
57.68 18078.3 4941.76
57.75 18094.1 4927.82
57.82 18109.9 4913.85
57.89 18125.6 4899.84
57.96 18141.4 4885.79
58.03 18157.1 4871.7
58.1 18172.8 4857.58
58.17 18188.5 4843.43
58.24 18204.2 4829.23
58.31 18219.9 4815
58.38 18235.6 4800.73
58.45 18251.2 4786.43
58.52 18266.9 4772.08
58.59 18282.5 4757.71
58.66 18298.1 4743.29
58.73 18313.7 4728.84
58.8 18329.3 4714.35
58.87 18344.9 4699.83
58.94 18360.5 4685.27
59.01 18376 4670.67
59.08 18391.6 4656.04
59.15 18407.1 4641.37
59.22 18422.6 4626.66
59.29 18438.1 4611.92
59.36 18453.6 4597.15
59.43 18469.1 4582.33
59.5 18484.6 4567.48
59.57 18500.1 4552.6
59.64 18515.5 4537.68
59.71 18530.9 4522.72
59.78 18546.3 4507.73
59.85 18561.8 4492.7
59.92 18577.1 4477.64
59.99 18592.5 4462.54
60.06 18607.9 4447.4
60.13 18623.2 4432.23
60.2 18638.6 4417.03
60.27 18653.9 4401.78
60.34 18669.2 4386.51
60.41 18684.5 4371.2
60.48 18699.8 4355.85
60.55 18715.1 4340.47
60.62 18730.4 4325.05
60.69 18745.6 4309.6
60.76 18760.9 4294.11
60.83 18776.1 4278.59
60.9 18791.3 4263.03
60.97 18806.5 4247.44
61.04 18821.7 4231.81
61.11 18836.9 4216.15
61.18 18852 4200.45
61.25 18867.2 4184.72
61.32 18882.3 4168.95
61.39 18897.4 4153.15
61.46 18912.5 4137.32
61.53 18927.6 4121.45
61.6 18942.7 4105.54
61.67 18957.8 4089.61
61.74 18972.9 4073.63
61.81 18987.9 4057.63
61.88 19002.9 4041.59
61.95 19018 4025.51
62.02 19033 4009.4
62.09 19048 3993.26
62.16 19062.9 3977.08
62.23 19077.9 3960.87
62.3 19092.9 3944.62
62.37 19107.8 3928.35
62.44 19122.7 3912.03
62.51 19137.6 3895.69
62.58 19152.5 3879.31
62.65 19167.4 3862.89
62.72 19182.3 3846.45
62.79 19197.2 3829.96
62.86 19212 3813.45
62.93 19226.8 3796.9
63 19241.7 3780.32
63.07 19256.5 3763.71
63.14 19271.3 3747.06
63.21 19286 3730.38
63.28 19300.8 3713.67
63.35 19315.6 3696.92
63.42 19330.3 3680.14
63.49 19345 3663.33
63.56 19359.8 3646.48
63.63 19374.5 3629.6
63.7 19389.2 3612.69
63.77 19403.8 3595.75
63.84 19418.5 3578.77
63.91 19433.1 3561.76
63.98 19447.8 3544.72
64.05 19462.4 3527.65
64.12 19477 3510.54
64.19 19491.6 3493.4
64.26 19506.2 3476.23
64.33 19520.8 3459.03
64.4 19535.3 3441.79
64.47 19549.8 3424.53
64.54 19564.4 3407.23
64.61 19578.9 3389.89
64.68 19593.4 3372.53
64.75 19607.9 3355.13
64.82 19622.4 3337.71
64.89 19636.8 3320.25
64.96 19651.3 3302.76
65.03 19665.7 3285.23
65.1 19680.1 3267.68
65.17 19694.5 3250.09
65.24 19708.9 3232.47
65.31 19723.3 3214.83
65.38 19737.7 3197.15
65.45 19752 3179.43
65.52 19766.4 3161.69
65.59 19780.7 3143.92
65.66 19795 3126.11
65.73 19809.3 3108.27
65.8 19823.6 3090.41
65.87 19837.8 3072.51
65.94 19852.1 3054.58
66.01 19866.3 3036.62
66.08 19880.6 3018.63
66.15 19894.8 3000.61
66.22 19909 2982.55
66.29 19923.2 2964.47
66.36 19937.4 2946.36
66.43 19951.5 2928.21
66.5 19965.7 2910.04
66.57 19979.8 2891.83
66.64 19993.9 2873.6
66.71 20008 2855.33
66.78 20022.1 2837.04
66.85 20036.2 2818.71
66.92 20050.3 2800.36
66.99 20064.3 2781.97
67.06 20078.3 2763.55
67.13 20092.4 2745.11
67.2 20106.4 2726.63
67.27 20120.4 2708.13
67.34 20134.3 2689.59
67.41 20148.3 2671.03
67.48 20162.3 2652.43
67.55 20176.2 2633.81
67.62 20190.1 2615.16
67.69 20204 2596.47
67.76 20217.9 2577.76
67.83 20231.8 2559.02
67.9 20245.7 2540.25
67.97 20259.6 2521.45
68.04 20273.4 2502.62
68.11 20287.2 2483.76
68.18 20301 2464.88
68.25 20314.8 2445.96
68.32 20328.6 2427.02
68.39 20342.4 2408.05
68.46 20356.1 2389.04
68.53 20369.9 2370.01
68.6 20383.6 2350.95
68.67 20397.3 2331.87
68.74 20411 2312.75
68.81 20424.7 2293.61
68.88 20438.4 2274.43
68.95 20452.1 2255.23
69.02 20465.7 2236
69.09 20479.3 2216.75
69.16 20492.9 2197.46
69.23 20506.5 2178.15
69.3 20520.1 2158.81
69.37 20533.7 2139.44
69.44 20547.3 2120.04
69.51 20560.8 2100.62
69.58 20574.3 2081.16
69.65 20587.9 2061.68
69.72 20601.4 2042.18
69.79 20614.9 2022.64
69.86 20628.3 2003.08
69.93 20641.8 1983.49
70 20655.2 1963.87
70.07 20668.7 1944.23
70.14 20682.1 1924.56
70.21 20695.5 1904.86
70.28 20708.9 1885.13
70.35 20722.2 1865.38
70.42 20735.6 1845.6
70.49 20749 1825.79
70.56 20762.3 1805.96
70.63 20775.6 1786.1
70.7 20788.9 1766.21
70.77 20802.2 1746.3
70.84 20815.5 1726.36
70.91 20828.7 1706.4
70.98 20842 1686.4
71.05 20855.2 1666.39
71.12 20868.4 1646.34
71.19 20881.6 1626.27
71.26 20894.8 1606.17
71.33 20908 1586.05
71.4 20921.1 1565.9
71.47 20934.3 1545.73
71.54 20947.4 1525.52
71.61 20960.5 1505.3
71.68 20973.6 1485.05
71.75 20986.7 1464.77
71.82 20999.8 1444.46
71.89 21012.8 1424.14
71.96 21025.9 1403.78
72.03 21038.9 1383.4
72.1 21051.9 1363
72.17 21064.9 1342.57
72.24 21077.9 1322.11
72.31 21090.9 1301.63
72.38 21103.8 1281.12
72.45 21116.8 1260.59
72.52 21129.7 1240.04
72.59 21142.6 1219.46
72.66 21155.5 1198.85
72.73 21168.4 1178.22
72.8 21181.2 1157.57
72.87 21194.1 1136.89
72.94 21206.9 1116.19
73.01 21219.8 1095.46
73.08 21232.6 1074.71
73.15 21245.4 1053.93
73.22 21258.1 1033.13
73.29 21270.9 1012.31
73.36 21283.6 991.458
73.43 21296.4 970.585
73.5 21309.1 949.688
73.57 21321.8 928.768
73.64 21334.5 907.824
73.71 21347.2 886.856
73.78 21359.8 865.864
73.85 21372.5 844.849
73.92 21385.1 823.81
73.99 21397.7 802.748
74.06 21410.3 781.662
74.13 21422.9 760.553
74.2 21435.5 739.421
74.27 21448 718.265
74.34 21460.6 697.087
74.41 21473.1 675.886
74.48 21485.6 654.661
74.55 21498.1 633.414
74.62 21510.6 612.144
74.69 21523.1 590.851
74.76 21535.5 569.535
74.83 21548 548.197
74.9 21560.4 526.836
74.97 21572.8 505.453
75.04 21585.2 484.047
75.11 21597.6 462.619
75.18 21609.9 441.169
75.25 21622.3 419.697
75.32 21634.6 398.202
75.39 21646.9 376.686
75.46 21659.2 355.147
75.53 21671.5 333.587
75.6 21683.8 312.004
75.67 21696.1 290.4
75.74 21708.3 268.775
75.81 21720.5 247.127
75.88 21732.8 225.458
75.95 21745 203.768
76.02 21757.1 182.056
76.09 21769.3 160.323
76.16 21781.5 138.568
76.23 21793.6 116.793
76.3 21805.7 94.9958
76.37 21817.8 73.1779
76.44 21829.9 51.339
76.51 21842 29.4792
76.58 21854.1 7.5986
76.6043 21858.3 2.44921e-17
