0.07 40.1385 28.1052
0.14 80.1786 56.0936
0.21 120.121 83.9656
0.28 159.967 111.722
0.35 199.716 139.363
0.42 239.369 166.889
0.49 278.928 194.302
0.56 318.392 221.601
0.63 357.763 248.787
0.7 397.04 275.861
0.77 436.226 302.824
0.84 475.319 329.675
0.91 514.321 356.415
0.98 553.233 383.045
1.05 592.055 409.565
1.12 630.787 435.977
1.19 669.431 462.28
1.26 707.986 488.475
1.33 746.454 514.562
1.4 784.835 540.542
1.47 823.13 566.416
1.54 861.339 592.183
1.61 899.462 617.845
1.68 937.501 643.402
1.75 975.455 668.854
1.82 1013.33 694.202
1.89 1051.11 719.446
1.96 1088.82 744.587
2.03 1126.44 769.625
2.1 1163.98 794.561
2.17 1201.44 819.395
2.24 1238.82 844.128
2.31 1276.12 868.759
2.38 1313.34 893.29
2.45 1350.48 917.721
2.52 1387.55 942.052
2.59 1424.53 966.284
2.66 1461.44 990.417
2.73 1498.27 1014.45
2.8 1535.02 1038.39
2.87 1571.7 1062.23
2.94 1608.3 1085.97
3.01 1644.83 1109.61
3.08 1681.28 1133.16
3.15 1717.66 1156.61
3.22 1753.96 1179.97
3.29 1790.19 1203.23
3.36 1826.35 1226.4
3.43 1862.43 1249.47
3.5 1898.45 1272.44
3.57 1934.39 1295.33
3.64 1970.26 1318.12
3.71 2006.05 1340.82
3.78 2041.78 1363.42
3.85 2077.44 1385.93
3.92 2113.03 1408.35
3.99 2148.55 1430.68
4.06 2184 1452.92
4.13 2219.38 1475.06
4.2 2254.69 1497.12
4.27 2289.94 1519.08
4.34 2325.12 1540.96
4.41 2360.23 1562.74
4.48 2395.28 1584.44
4.55 2430.26 1606.05
4.62 2465.17 1627.56
4.69 2500.02 1648.99
4.76 2534.8 1670.34
4.83 2569.52 1691.59
4.9 2604.18 1712.76
4.97 2638.77 1733.84
5.04 2673.29 1754.83
5.11 2707.76 1775.73
5.18 2742.16 1796.55
5.25 2776.5 1817.29
5.32 2810.77 1837.94
5.39 2844.99 1858.5
5.46 2879.14 1878.98
5.53 2913.23 1899.37
5.6 2947.26 1919.68
5.67 2981.23 1939.9
5.74 3015.14 1960.05
5.81 3048.99 1980.1
5.88 3082.78 2000.08
5.95 3116.51 2019.97
6.02 3150.18 2039.77
6.09 3183.8 2059.5
6.16 3217.35 2079.14
6.23 3250.85 2098.7
6.3 3284.29 2118.18
6.37 3317.67 2137.58
6.44 3350.99 2156.89
6.51 3384.26 2176.13
6.58 3417.47 2195.28
6.65 3450.63 2214.36
6.72 3483.73 2233.35
6.79 3516.77 2252.27
6.86 3549.76 2271.1
6.93 3582.69 2289.85
7 3615.57 2308.53
7.07 3648.39 2327.12
7.14 3681.16 2345.64
7.21 3713.88 2364.08
7.28 3746.54 2382.44
7.35 3779.15 2400.72
7.42 3811.7 2418.93
7.49 3844.2 2437.05
7.56 3876.65 2455.1
7.63 3909.05 2473.07
7.7 3941.39 2490.97
7.77 3973.69 2508.79
7.84 4005.93 2526.53
7.91 4038.12 2544.19
7.98 4070.25 2561.78
8.05 4102.34 2579.29
8.12 4134.38 2596.73
8.19 4166.36 2614.09
8.26 4198.3 2631.38
8.33 4230.19 2648.59
8.4 4262.02 2665.73
8.47 4293.81 2682.79
8.54 4325.55 2699.78
8.61 4357.24 2716.69
8.68 4388.88 2733.53
8.75 4420.47 2750.29
8.82 4452.01 2766.98
8.89 4483.51 2783.6
8.96 4514.95 2800.14
9.03 4546.35 2816.62
9.1 4577.71 2833.01
9.17 4609.01 2849.34
9.24 4640.27 2865.59
9.31 4671.48 2881.77
9.38 4702.64 2897.88
9.45 4733.76 2913.92
9.52 4764.83 2929.88
9.59 4795.86 2945.77
9.66 4826.84 2961.6
9.73 4857.78 2977.35
9.8 4888.67 2993.03
9.87 4919.51 3008.63
9.94 4950.31 3024.17
10.01 4981.07 3039.64
10.08 5011.78 3055.03
10.15 5042.44 3070.36
10.22 5073.06 3085.61
10.29 5103.64 3100.8
10.36 5134.18 3115.92
10.43 5164.67 3130.96
10.5 5195.12 3145.94
10.57 5225.52 3160.85
10.64 5255.88 3175.68
10.71 5286.2 3190.45
10.78 5316.48 3205.15
10.85 5346.71 3219.79
10.92 5376.9 3234.35
10.99 5407.05 3248.85
11.06 5437.16 3263.27
11.13 5467.22 3277.63
11.2 5497.25 3291.92
11.27 5527.23 3306.15
11.34 5557.17 3320.3
11.41 5587.07 3334.39
11.48 5616.93 3348.41
11.55 5646.75 3362.36
11.62 5676.53 3376.25
11.69 5706.27 3390.07
11.76 5735.97 3403.82
11.83 5765.63 3417.51
11.9 5795.25 3431.13
11.97 5824.83 3444.68
12.04 5854.37 3458.17
12.11 5883.87 3471.59
12.18 5913.33 3484.95
12.25 5942.75 3498.24
12.32 5972.13 3511.46
12.39 6001.48 3524.62
12.46 6030.78 3537.72
12.53 6060.05 3550.75
12.6 6089.28 3563.71
12.67 6118.47 3576.61
12.74 6147.63 3589.44
12.81 6176.74 3602.21
12.88 6205.82 3614.91
12.95 6234.86 3627.55
13.02 6263.86 3640.13
13.09 6292.83 3652.64
13.16 6321.76 3665.09
13.23 6350.65 3677.47
13.3 6379.51 3689.79
13.37 6408.33 3702.05
13.44 6437.11 3714.24
13.51 6465.86 3726.37
13.58 6494.57 3738.43
13.65 6523.24 3750.44
13.72 6551.88 3762.37
13.79 6580.48 3774.25
13.86 6609.05 3786.06
13.93 6637.58 3797.81
14 6666.07 3809.5
14.07 6694.54 3821.13
14.14 6722.96 3832.69
14.21 6751.35 3844.19
14.28 6779.71 3855.63
14.35 6808.03 3867.01
14.42 6836.32 3878.32
14.49 6864.57 3889.57
14.56 6892.79 3900.77
14.63 6920.97 3911.89
14.7 6949.12 3922.96
14.77 6977.23 3933.97
14.84 7005.32 3944.91
14.91 7033.36 3955.8
14.98 7061.38 3966.62
15.05 7089.36 3977.38
15.12 7117.31 3988.08
15.19 7145.22 3998.72
15.26 7173.1 4009.3
15.33 7200.95 4019.82
15.4 7228.77 4030.28
15.47 7256.55 4040.68
15.54 7284.3 4051.02
15.61 7312.02 4061.29
15.68 7339.71 4071.51
15.75 7367.36 4081.67
15.82 7394.98 4091.77
15.89 7422.57 4101.81
15.96 7450.13 4111.78
16.03 7477.65 4121.7
16.1 7505.15 4131.56
16.17 7532.61 4141.36
16.24 7560.04 4151.1
16.31 7587.44 4160.78
16.38 7614.81 4170.41
16.45 7642.14 4179.97
16.52 7669.45 4189.47
16.59 7696.72 4198.92
16.66 7723.97 4208.31
16.73 7751.18 4217.63
16.8 7778.36 4226.9
16.87 7805.52 4236.11
16.94 7832.64 4245.27
17.01 7859.73 4254.36
17.08 7886.79 4263.4
17.15 7913.82 4272.37
17.22 7940.82 4281.29
17.29 7967.79 4290.16
17.36 7994.74 4298.96
17.43 8021.65 4307.71
17.5 8048.53 4316.39
17.57 8075.38 4325.03
17.64 8102.2 4333.6
17.71 8129 4342.11
17.78 8155.76 4350.57
17.85 8182.5 4358.97
17.92 8209.2 4367.32
17.99 8235.88 4375.61
18.06 8262.53 4383.84
18.13 8289.15 4392.01
18.2 8315.74 4400.12
18.27 8342.3 4408.18
18.34 8368.83 4416.19
18.41 8395.34 4424.13
18.48 8421.82 4432.02
18.55 8448.26 4439.85
18.62 8474.68 4447.63
18.69 8501.08 4455.35
18.76 8527.44 4463.02
18.83 8553.78 4470.62
18.9 8580.09 4478.17
18.97 8606.37 4485.67
19.04 8632.62 4493.11
19.11 8658.85 4500.49
19.18 8685.04 4507.82
19.25 8711.21 4515.09
19.32 8737.36 4522.31
19.39 8763.47 4529.47
19.46 8789.56 4536.58
19.53 8815.63 4543.63
19.6 8841.66 4550.62
19.67 8867.67 4557.56
19.74 8893.65 4564.44
19.81 8919.6 4571.27
19.88 8945.53 4578.05
19.95 8971.43 4584.77
20.02 8997.31 4591.43
20.09 9023.16 4598.04
20.16 9048.98 4604.59
20.23 9074.77 4611.09
20.3 9100.54 4617.54
20.37 9126.29 4623.93
20.44 9152 4630.26
20.51 9177.7 4636.54
20.58 9203.36 4642.77
20.65 9229 4648.94
20.72 9254.62 4655.06
20.79 9280.2 4661.13
20.86 9305.77 4667.13
20.93 9331.3 4673.09
21 9356.81 4678.99
21.07 9382.3 4684.84
21.14 9407.76 4690.63
21.21 9433.2 4696.37
21.28 9458.61 4702.06
21.35 9483.99 4707.69
21.42 9509.35 4713.27
21.49 9534.69 4718.8
21.56 9560 4724.27
21.63 9585.28 4729.69
21.7 9610.54 4735.05
21.77 9635.78 4740.36
21.84 9660.99 4745.62
21.91 9686.18 4750.83
21.98 9711.34 4755.98
22.05 9736.48 4761.08
22.12 9761.59 4766.13
22.19 9786.68 4771.12
22.26 9811.74 4776.06
22.33 9836.78 4780.95
22.4 9861.8 4785.78
22.47 9886.79 4790.56
22.54 9911.76 4795.29
22.61 9936.7 4799.97
22.68 9961.62 4804.59
22.75 9986.52 4809.16
22.82 10011.4 4813.68
22.89 10036.2 4818.15
22.96 10061.1 4822.57
23.03 10085.9 4826.93
23.1 10110.6 4831.24
23.17 10135.4 4835.5
23.24 10160.1 4839.7
23.31 10184.8 4843.85
23.38 10209.5 4847.96
23.45 10234.2 4852.01
23.52 10258.8 4856
23.59 10283.4 4859.95
23.66 10308 4863.84
23.73 10332.6 4867.69
23.8 10357.1 4871.48
23.87 10381.7 4875.22
23.94 10406.2 4878.9
24.01 10430.6 4882.54
24.08 10455.1 4886.13
24.15 10479.5 4889.66
24.22 10503.9 4893.14
24.29 10528.3 4896.57
24.36 10552.7 4899.95
24.43 10577 4903.28
24.5 10601.4 4906.56
24.57 10625.7 4909.78
24.64 10649.9 4912.96
24.71 10674.2 4916.08
24.78 10698.4 4919.16
24.85 10722.6 4922.18
24.92 10746.8 4925.15
24.99 10771 4928.07
25.06 10795.1 4930.94
25.13 10819.2 4933.76
25.2 10843.3 4936.53
25.27 10867.4 4939.25
25.34 10891.5 4941.91
25.41 10915.5 4944.53
25.48 10939.5 4947.1
25.55 10963.5 4949.61
25.62 10987.5 4952.08
25.69 11011.4 4954.5
25.76 11035.3 4956.86
25.83 11059.2 4959.18
25.9 11083.1 4961.44
25.97 11107 4963.66
26.04 11130.8 4965.82
26.11 11154.6 4967.94
26.18 11178.4 4970
26.25 11202.2 4972.02
26.32 11226 4973.98
26.39 11249.7 4975.9
26.46 11273.4 4977.76
26.53 11297.1 4979.58
26.6 11320.8 4981.34
26.67 11344.4 4983.06
26.74 11368 4984.73
26.81 11391.6 4986.34
26.88 11415.2 4987.91
26.95 11438.8 4989.43
27.02 11462.3 4990.9
27.09 11485.9 4992.32
27.16 11509.4 4993.69
27.23 11532.8 4995.01
27.3 11556.3 4996.28
27.37 11579.7 4997.51
27.44 11603.2 4998.68
27.51 11626.6 4999.8
27.58 11649.9 5000.88
27.65 11673.3 5001.91
27.72 11696.6 5002.88
27.79 11720 5003.81
27.86 11743.3 5004.69
27.93 11766.5 5005.52
28 11789.8 5006.3
28.07 11813 5007.04
28.14 11836.2 5007.72
28.21 11859.4 5008.36
28.28 11882.6 5008.94
28.35 11905.8 5009.48
28.42 11928.9 5009.97
28.49 11952 5010.42
28.56 11975.1 5010.81
28.63 11998.2 5011.15
28.7 12021.3 5011.45
28.77 12044.3 5011.7
28.84 12067.3 5011.9
28.91 12090.3 5012.05
28.98 12113.3 5012.15
29.05 12136.3 5012.21
29.12 12159.2 5012.22
29.19 12182.1 5012.17
29.26 12205 5012.09
29.33 12227.9 5011.95
29.4 12250.8 5011.76
29.47 12273.6 5011.53
29.54 12296.4 5011.25
29.61 12319.2 5010.92
29.68 12342 5010.54
29.75 12364.8 5010.12
29.82 12387.5 5009.65
29.89 12410.3 5009.13
29.96 12433 5008.56
30.03 12455.6 5007.95
30.1 12478.3 5007.29
30.17 12501 5006.58
30.24 12523.6 5005.82
30.31 12546.2 5005.01
30.38 12568.8 5004.16
30.45 12591.4 5003.26
30.52 12613.9 5002.32
30.59 12636.5 5001.32
30.66 12659 5000.28
30.73 12681.5 4999.19
30.8 12703.9 4998.06
30.87 12726.4 4996.87
30.94 12748.8 4995.64
31.01 12771.3 4994.37
31.08 12793.7 4993.04
31.15 12816.1 4991.67
31.22 12838.4 4990.26
31.29 12860.8 4988.79
31.36 12883.1 4987.28
31.43 12905.4 4985.72
31.5 12927.7 4984.12
31.57 12950 4982.46
31.64 12972.2 4980.77
31.71 12994.5 4979.02
31.78 13016.7 4977.23
31.85 13038.9 4975.39
31.92 13061 4973.51
31.99 13083.2 4971.58
32.06 13105.4 4969.6
32.13 13127.5 4967.57
32.2 13149.6 4965.5
32.27 13171.7 4963.39
32.34 13193.7 4961.22
32.41 13215.8 4959.01
32.48 13237.8 4956.76
32.55 13259.8 4954.46
32.62 13281.8 4952.11
32.69 13303.8 4949.71
32.76 13325.8 4947.27
32.83 13347.7 4944.79
32.9 13369.6 4942.25
32.97 13391.5 4939.68
33.04 13413.4 4937.05
33.11 13435.3 4934.38
33.18 13457.2 4931.66
33.25 13479 4928.9
33.32 13500.8 4926.09
33.39 13522.6 4923.24
33.46 13544.4 4920.34
33.53 13566.1 4917.4
33.6 13587.9 4914.41
33.67 13609.6 4911.37
33.74 13631.3 4908.29
33.81 13653 4905.16
33.88 13674.7 4901.99
33.95 13696.3 4898.77
34.02 13718 4895.51
34.09 13739.6 4892.2
34.16 13761.2 4888.84
34.23 13782.8 4885.44
34.3 13804.3 4882
34.37 13825.9 4878.51
34.44 13847.4 4874.97
34.51 13868.9 4871.39
34.58 13890.4 4867.77
34.65 13911.9 4864.1
34.72 13933.4 4860.38
34.79 13954.8 4856.62
34.86 13976.2 4852.81
34.93 13997.6 4848.96
35 14019 4845.07
35.07 14040.4 4841.13
35.14 14061.8 4837.14
35.21 14083.1 4833.11
35.28 14104.4 4829.03
35.35 14125.7 4824.91
35.42 14147 4820.75
35.49 14168.3 4816.54
35.56 14189.5 4812.29
35.63 14210.8 4807.99
35.7 14232 4803.65
35.77 14253.2 4799.26
35.84 14274.4 4794.83
35.91 14295.5 4790.35
35.98 14316.7 4785.83
36.05 14337.8 4781.26
36.12 14358.9 4776.65
36.19 14380 4772
36.26 14401.1 4767.3
36.33 14422.1 4762.56
36.4 14443.2 4757.77
36.47 14464.2 4752.94
36.54 14485.2 4748.07
36.61 14506.2 4743.15
36.68 14527.2 4738.19
36.75 14548.1 4733.18
36.82 14569.1 4728.13
36.89 14590 4723.03
36.96 14610.9 4717.89
37.03 14631.8 4712.71
37.1 14652.7 4707.48
37.17 14673.5 4702.21
37.24 14694.4 4696.9
37.31 14715.2 4691.54
37.38 14736 4686.14
37.45 14756.8 4680.69
37.52 14777.6 4675.21
37.59 14798.3 4669.67
37.66 14819 4664.1
37.73 14839.8 4658.48
37.8 14860.5 4652.81
37.87 14881.2 4647.11
37.94 14901.8 4641.36
38.01 14922.5 4635.56
38.08 14943.1 4629.73
38.15 14963.7 4623.85
38.22 14984.3 4617.93
38.29 15004.9 4611.96
38.36 15025.5 4605.95
38.43 15046 4599.9
38.5 15066.6 4593.8
38.57 15087.1 4587.66
38.64 15107.6 4581.48
38.71 15128.1 4575.25
38.78 15148.5 4568.99
38.85 15169 4562.68
38.92 15189.4 4556.32
38.99 15209.8 4549.93
39.06 15230.2 4543.49
39.13 15250.6 4537
39.2 15271 4530.48
39.27 15291.3 4523.91
39.34 15311.7 4517.3
39.41 15332 4510.65
39.48 15352.3 4503.95
39.55 15372.6 4497.21
39.62 15392.8 4490.43
39.69 15413.1 4483.61
39.76 15433.3 4476.74
39.83 15453.5 4469.84
39.9 15473.7 4462.89
39.97 15493.9 4455.89
40.04 15514.1 4448.86
40.11 15534.2 4441.78
40.18 15554.4 4434.66
40.25 15574.5 4427.5
40.32 15594.6 4420.29
40.39 15614.7 4413.05
40.46 15634.7 4405.76
40.53 15654.8 4398.43
40.6 15674.8 4391.06
40.67 15694.8 4383.64
40.74 15714.8 4376.19
40.81 15734.8 4368.69
40.88 15754.8 4361.15
40.95 15774.7 4353.57
41.02 15794.7 4345.94
41.09 15814.6 4338.28
41.16 15834.5 4330.57
41.23 15854.4 4322.82
41.3 15874.2 4315.03
41.37 15894.1 4307.2
41.44 15913.9 4299.32
41.51 15933.7 4291.41
41.58 15953.5 4283.45
41.65 15973.3 4275.45
41.72 15993.1 4267.42
41.79 16012.9 4259.33
41.86 16032.6 4251.21
41.93 16052.3 4243.05
42 16072 4234.84
42.07 16091.7 4226.6
42.14 16111.4 4218.31
42.21 16131 4209.98
42.28 16150.7 4201.61
42.35 16170.3 4193.2
42.42 16189.9 4184.75
42.49 16209.5 4176.26
42.56 16229.1 4167.72
42.63 16248.6 4159.15
42.7 16268.2 4150.53
42.77 16287.7 4141.88
42.84 16307.2 4133.18
42.91 16326.7 4124.44
42.98 16346.1 4115.66
43.05 16365.6 4106.84
43.12 16385 4097.98
43.19 16404.5 4089.08
43.26 16423.9 4080.14
43.33 16443.3 4071.16
43.4 16462.7 4062.14
43.47 16482 4053.08
43.54 16501.4 4043.97
43.61 16520.7 4034.83
43.68 16540 4025.65
43.75 16559.3 4016.42
43.82 16578.6 4007.16
43.89 16597.8 3997.85
43.96 16617.1 3988.51
44.03 16636.3 3979.12
44.1 16655.5 3969.7
44.17 16674.7 3960.23
44.24 16693.9 3950.73
44.31 16713.1 3941.18
44.38 16732.2 3931.6
44.45 16751.3 3921.97
44.52 16770.5 3912.31
44.59 16789.6 3902.6
44.66 16808.6 3892.86
44.73 16827.7 3883.07
44.8 16846.8 3873.25
44.87 16865.8 3863.39
44.94 16884.8 3853.48
45.01 16903.8 3843.54
45.08 16922.8 3833.56
45.15 16941.8 3823.54
45.22 16960.7 3813.48
45.29 16979.6 3803.37
45.36 16998.6 3793.23
45.43 17017.5 3783.06
45.5 17036.4 3772.84
45.57 17055.2 3762.58
45.64 17074.1 3752.28
45.71 17092.9 3741.95
45.78 17111.7 3731.57
45.85 17130.5 3721.16
45.92 17149.3 3710.7
45.99 17168.1 3700.21
46.06 17186.9 3689.68
46.13 17205.6 3679.11
46.2 17224.3 3668.5
46.27 17243 3657.85
46.34 17261.7 3647.16
46.41 17280.4 3636.44
46.48 17299.1 3625.67
46.55 17317.7 3614.87
46.62 17336.3 3604.03
46.69 17354.9 3593.15
46.76 17373.5 3582.23
46.83 17392.1 3571.27
46.9 17410.7 3560.27
46.97 17429.2 3549.24
47.04 17447.7 3538.17
47.11 17466.3 3527.06
47.18 17484.8 3515.91
47.25 17503.2 3504.72
47.32 17521.7 3493.49
47.39 17540.1 3482.23
47.46 17558.6 3470.93
47.53 17577 3459.59
47.6 17595.4 3448.21
47.67 17613.8 3436.79
47.74 17632.1 3425.34
47.81 17650.5 3413.85
47.88 17668.8 3402.32
47.95 17687.1 3390.75
48.02 17705.4 3379.14
48.09 17723.7 3367.5
48.16 17742 3355.82
48.23 17760.2 3344.1
48.3 17778.5 3332.35
48.37 17796.7 3320.55
48.44 17814.9 3308.72
48.51 17833.1 3296.85
48.58 17851.3 3284.95
48.65 17869.4 3273
48.72 17887.6 3261.02
48.79 17905.7 3249
48.86 17923.8 3236.95
48.93 17941.9 3224.86
49 17959.9 3212.73
49.07 17978 3200.56
49.14 17996 3188.36
49.21 18014.1 3176.12
49.28 18032.1 3163.84
49.35 18050.1 3151.52
49.42 18068 3139.17
49.49 18086 3126.78
49.56 18103.9 3114.36
49.63 18121.9 3101.9
49.7 18139.8 3089.4
49.77 18157.7 3076.86
49.84 18175.5 3064.29
49.91 18193.4 3051.68
49.98 18211.2 3039.04
50.05 18229.1 3026.36
50.12 18246.9 3013.64
50.19 18264.7 3000.88
50.26 18282.4 2988.09
50.33 18300.2 2975.27
50.4 18317.9 2962.4
50.47 18335.7 2949.5
50.54 18353.4 2936.57
50.61 18371.1 2923.6
50.68 18388.8 2910.59
50.75 18406.4 2897.55
50.82 18424.1 2884.47
50.89 18441.7 2871.35
50.96 18459.3 2858.2
51.03 18476.9 2845.01
51.1 18494.5 2831.79
51.17 18512.1 2818.53
51.24 18529.6 2805.24
51.31 18547.1 2791.91
51.38 18564.7 2778.54
51.45 18582.1 2765.14
51.52 18599.6 2751.71
51.59 18617.1 2738.23
51.66 18634.5 2724.73
51.73 18652 2711.18
51.8 18669.4 2697.61
51.87 18686.8 2683.99
51.94 18704.2 2670.35
52.01 18721.5 2656.66
52.08 18738.9 2642.94
52.15 18756.2 2629.19
52.22 18773.5 2615.4
52.29 18790.8 2601.58
52.36 18808.1 2587.72
52.43 18825.4 2573.83
52.5 18842.7 2559.9
52.57 18859.9 2545.94
52.64 18877.1 2531.94
52.71 18894.3 2517.91
52.78 18911.5 2503.84
52.85 18928.7 2489.74
52.92 18945.8 2475.61
52.99 18962.9 2461.44
53.06 18980.1 2447.23
53.13 18997.2 2432.99
53.2 19014.3 2418.72
53.27 19031.3 2404.41
53.34 19048.4 2390.07
53.41 19065.4 2375.7
53.48 19082.4 2361.29
53.55 19099.4 2346.84
53.62 19116.4 2332.36
53.69 19133.4 2317.85
53.76 19150.4 2303.31
53.83 19167.3 2288.73
53.9 19184.2 2274.12
53.97 19201.1 2259.47
54.04 19218 2244.79
54.11 19234.9 2230.07
54.18 19251.7 2215.33
54.25 19268.6 2200.54
54.32 19285.4 2185.73
54.39 19302.2 2170.88
54.46 19319 2156
54.53 19335.7 2141.09
54.6 19352.5 2126.14
54.67 19369.2 2111.16
54.74 19386 2096.14
54.81 19402.7 2081.09
54.88 19419.3 2066.01
54.95 19436 2050.9
55.02 19452.7 2035.75
55.09 19469.3 2020.57
55.16 19485.9 2005.36
55.23 19502.5 1990.12
55.3 19519.1 1974.84
55.37 19535.7 1959.53
55.44 19552.2 1944.19
55.51 19568.8 1928.81
55.58 19585.3 1913.4
55.65 19601.8 1897.96
55.72 19618.3 1882.49
55.79 19634.8 1866.98
55.86 19651.2 1851.45
55.93 19667.7 1835.88
56 19684.1 1820.27
56.07 19700.5 1804.64
56.14 19716.9 1788.97
56.21 19733.2 1773.27
56.28 19749.6 1757.54
56.35 19765.9 1741.78
56.42 19782.2 1725.99
56.49 19798.5 1710.16
56.56 19814.8 1694.3
56.63 19831.1 1678.41
56.7 19847.4 1662.49
56.77 19863.6 1646.54
56.84 19879.8 1630.56
56.91 19896 1614.54
56.98 19912.2 1598.49
57.05 19928.4 1582.41
57.12 19944.5 1566.3
57.19 19960.6 1550.16
57.26 19976.8 1533.99
57.33 19992.9 1517.79
57.4 20008.9 1501.55
57.47 20025 1485.29
57.54 20041.1 1468.99
57.61 20057.1 1452.66
57.68 20073.1 1436.3
57.75 20089.1 1419.92
57.82 20105.1 1403.5
57.89 20121.1 1387.04
57.96 20137 1370.56
58.03 20152.9 1354.05
58.1 20168.9 1337.51
58.17 20184.8 1320.94
58.24 20200.6 1304.33
58.31 20216.5 1287.7
58.38 20232.3 1271.03
58.45 20248.2 1254.34
58.52 20264 1237.62
58.59 20279.8 1220.86
58.66 20295.6 1204.08
58.73 20311.3 1187.26
58.8 20327.1 1170.42
58.87 20342.8 1153.54
58.94 20358.5 1136.64
59.01 20374.2 1119.7
59.08 20389.9 1102.74
59.15 20405.5 1085.75
59.22 20421.2 1068.72
59.29 20436.8 1051.67
59.36 20452.4 1034.59
59.43 20468 1017.48
59.5 20483.6 1000.34
59.57 20499.2 983.165
59.64 20514.7 965.965
59.71 20530.2 948.736
59.78 20545.7 931.478
59.85 20561.2 914.191
59.92 20576.7 896.875
59.99 20592.1 879.53
60.06 20607.6 862.156
60.13 20623 844.753
60.2 20638.4 827.321
60.27 20653.8 809.861
60.34 20669.2 792.372
60.41 20684.5 774.854
60.48 20699.9 757.308
60.55 20715.2 739.733
60.62 20730.5 722.13
60.69 20745.8 704.499
60.76 20761 686.839
60.83 20776.3 669.151
60.9 20791.5 651.435
60.97 20806.7 633.69
61.04 20821.9 615.918
61.11 20837.1 598.117
61.18 20852.3 580.289
61.25 20867.4 562.433
61.32 20882.6 544.548
61.39 20897.7 526.637
61.46 20912.8 508.697
61.53 20927.8 490.73
61.6 20942.9 472.735
61.67 20957.9 454.712
61.74 20973 436.663
61.81 20988 418.585
61.88 21003 400.481
61.95 21018 382.349
62.02 21032.9 364.19
62.09 21047.9 346.004
62.16 21062.8 327.79
62.23 21077.7 309.55
62.3 21092.6 291.282
62.37 21107.4 272.988
62.44 21122.3 254.667
62.51 21137.1 236.319
62.58 21152 217.945
62.65 21166.8 199.543
62.72 21181.6 181.115
62.79 21196.3 162.661
62.86 21211.1 144.18
62.93 21225.8 125.673
63 21240.5 107.139
63.07 21255.2 88.5791
63.14 21269.9 69.9929
63.21 21284.6 51.3806
63.28 21299.2 32.7421
63.35 21313.9 14.0776
63.4027 21324.9 6.44381e-16
