0.07 40.1385 28.1052
0.14 80.1786 56.0936
0.21 120.121 83.9654
0.28 159.966 111.721
0.35 199.714 139.362
0.42 239.366 166.887
0.49 278.923 194.298
0.56 318.384 221.595
0.63 357.75 248.779
0.7 397.023 275.849
0.77 436.201 302.807
0.84 475.287 329.652
0.91 514.28 356.386
0.98 553.181 383.009
1.05 591.99 409.52
1.12 630.707 435.922
1.19 669.334 462.213
1.26 707.871 488.395
1.33 746.318 514.468
1.4 784.676 540.432
1.47 822.945 566.288
1.54 861.126 592.037
1.61 899.218 617.677
1.68 937.223 643.211
1.75 975.142 668.639
1.82 1012.97 693.96
1.89 1050.72 719.176
1.96 1088.38 744.286
2.03 1125.95 769.292
2.1 1163.44 794.193
2.17 1200.85 818.989
2.24 1238.17 843.682
2.31 1275.41 868.272
2.38 1312.56 892.759
2.45 1349.64 917.143
2.52 1386.63 941.426
2.59 1423.53 965.606
2.66 1460.36 989.685
2.73 1497.11 1013.66
2.8 1533.77 1037.54
2.87 1570.36 1061.32
2.94 1606.86 1084.99
3.01 1643.29 1108.57
3.08 1679.63 1132.05
3.15 1715.9 1155.43
3.22 1752.09 1178.71
3.29 1788.2 1201.89
3.36 1824.24 1224.98
3.43 1860.19 1247.96
3.5 1896.08 1270.85
3.57 1931.88 1293.65
3.64 1967.61 1316.35
3.71 2003.26 1338.95
3.78 2038.84 1361.45
3.85 2074.34 1383.86
3.92 2109.77 1406.18
3.99 2145.12 1428.4
4.06 2180.4 1450.52
4.13 2215.61 1472.55
4.2 2250.74 1494.49
4.27 2285.8 1516.33
4.34 2320.79 1538.08
4.41 2355.71 1559.74
4.48 2390.55 1581.31
4.55 2425.32 1602.78
4.62 2460.03 1624.16
4.69 2494.66 1645.45
4.76 2529.22 1666.65
4.83 2563.71 1687.76
4.9 2598.13 1708.77
4.97 2632.48 1729.7
5.04 2666.76 1750.53
5.11 2700.98 1771.28
5.18 2735.12 1791.94
5.25 2769.2 1812.5
5.32 2803.21 1832.98
5.39 2837.15 1853.37
5.46 2871.03 1873.67
5.53 2904.83 1893.88
5.6 2938.58 1914.01
5.67 2972.25 1934.05
5.74 3005.86 1954
5.81 3039.4 1973.86
5.88 3072.88 1993.63
5.95 3106.29 2013.32
6.02 3139.64 2032.93
6.09 3172.93 2052.44
6.16 3206.15 2071.88
6.23 3239.3 2091.22
6.3 3272.39 2110.48
6.37 3305.42 2129.66
6.44 3338.39 2148.75
6.51 3371.29 2167.76
6.58 3404.13 2186.68
6.65 3436.91 2205.52
6.72 3469.62 2224.27
6.79 3502.28 2242.94
6.86 3534.87 2261.53
6.93 3567.4 2280.04
7 3599.87 2298.46
7.07 3632.28 2316.8
7.14 3664.63 2335.06
7.21 3696.92 2353.24
7.28 3729.15 2371.33
7.35 3761.32 2389.34
7.42 3793.43 2407.27
7.49 3825.48 2425.13
7.56 3857.48 2442.89
7.63 3889.41 2460.58
7.7 3921.29 2478.19
7.77 3953.11 2495.72
7.84 3984.87 2513.17
7.91 4016.57 2530.54
7.98 4048.22 2547.83
8.05 4079.8 2565.04
8.12 4111.34 2582.17
8.19 4142.81 2599.22
8.26 4174.23 2616.2
8.33 4205.59 2633.09
8.4 4236.9 2649.91
8.47 4268.15 2666.65
8.54 4299.35 2683.31
8.61 4330.49 2699.9
8.68 4361.57 2716.4
8.75 4392.6 2732.83
8.82 4423.58 2749.18
8.89 4454.5 2765.46
8.96 4485.37 2781.66
9.03 4516.19 2797.78
9.1 4546.95 2813.83
9.17 4577.65 2829.8
9.24 4608.31 2845.7
9.31 4638.91 2861.52
9.38 4669.46 2877.26
9.45 4699.96 2892.93
9.52 4730.4 2908.53
9.59 4760.79 2924.05
9.66 4791.13 2939.49
9.73 4821.42 2954.86
9.8 4851.66 2970.16
9.87 4881.84 2985.38
9.94 4911.98 3000.53
10.01 4942.06 3015.61
10.08 4972.09 3030.61
10.15 5002.08 3045.54
10.22 5032.01 3060.39
10.29 5061.89 3075.18
10.36 5091.73 3089.89
10.43 5121.51 3104.52
10.5 5151.24 3119.09
10.57 5180.93 3133.58
10.64 5210.56 3148
10.71 5240.15 3162.35
10.78 5269.69 3176.63
10.85 5299.18 3190.84
10.92 5328.62 3204.97
10.99 5358.01 3219.04
11.06 5387.36 3233.03
11.13 5416.65 3246.95
11.2 5445.9 3260.8
11.27 5475.11 3274.58
11.34 5504.26 3288.29
11.41 5533.37 3301.93
11.48 5562.43 3315.5
11.55 5591.45 3329
11.62 5620.42 3342.43
11.69 5649.34 3355.79
11.76 5678.22 3369.09
11.83 5707.05 3382.31
11.9 5735.83 3395.46
11.97 5764.57 3408.55
12.04 5793.27 3421.56
12.11 5821.92 3434.51
12.18 5850.52 3447.39
12.25 5879.08 3460.2
12.32 5907.59 3472.94
12.39 5936.06 3485.62
12.46 5964.49 3498.22
12.53 5992.87 3510.76
12.6 6021.21 3523.23
12.67 6049.5 3535.64
12.74 6077.75 3547.98
12.81 6105.95 3560.25
12.88 6134.12 3572.45
12.95 6162.24 3584.58
13.02 6190.31 3596.65
13.09 6218.35 3608.66
13.16 6246.34 3620.59
13.23 6274.28 3632.46
13.3 6302.19 3644.27
13.37 6330.05 3656.01
13.44 6357.88 3667.68
13.51 6385.65 3679.29
13.58 6413.39 3690.83
13.65 6441.09 3702.3
13.72 6468.74 3713.71
13.79 6496.36 3725.06
13.86 6523.93 3736.34
13.93 6551.46 3747.56
14 6578.95 3758.71
14.07 6606.4 3769.79
14.14 6633.8 3780.82
14.21 6661.17 3791.77
14.28 6688.5 3802.67
14.35 6715.79 3813.5
14.42 6743.03 3824.26
14.49 6770.24 3834.96
14.56 6797.41 3845.6
14.63 6824.54 3856.17
14.7 6851.63 3866.68
14.77 6878.68 3877.13
14.84 6905.68 3887.52
14.91 6932.66 3897.84
14.98 6959.59 3908.09
15.05 6986.48 3918.29
15.12 7013.34 3928.42
15.19 7040.15 3938.49
15.26 7066.93 3948.5
15.33 7093.67 3958.44
15.4 7120.37 3968.33
15.47 7147.03 3978.15
15.54 7173.66 3987.91
15.61 7200.24 3997.6
15.68 7226.79 4007.24
15.75 7253.31 4016.81
15.82 7279.78 4026.32
15.89 7306.22 4035.77
15.96 7332.62 4045.16
16.03 7358.98 4054.49
16.1 7385.31 4063.75
16.17 7411.6 4072.96
16.24 7437.85 4082.1
16.31 7464.07 4091.19
16.38 7490.25 4100.21
16.45 7516.39 4109.17
16.52 7542.5 4118.08
16.59 7568.57 4126.92
16.66 7594.61 4135.7
16.73 7620.61 4144.42
16.8 7646.58 4153.08
16.87 7672.51 4161.68
16.94 7698.4 4170.23
17.01 7724.26 4178.71
17.08 7750.08 4187.13
17.15 7775.87 4195.49
17.22 7801.62 4203.8
17.29 7827.34 4212.04
17.36 7853.02 4220.22
17.43 7878.67 4228.35
17.5 7904.29 4236.42
17.57 7929.87 4244.42
17.64 7955.41 4252.37
17.71 7980.93 4260.26
17.78 8006.4 4268.1
17.85 8031.85 4275.87
17.92 8057.26 4283.58
17.99 8082.63 4291.24
18.06 8107.98 4298.84
18.13 8133.29 4306.38
18.2 8158.56 4313.86
18.27 8183.8 4321.29
18.34 8209.01 4328.65
18.41 8234.19 4335.96
18.48 8259.33 4343.21
18.55 8284.44 4350.41
18.62 8309.52 4357.54
18.69 8334.56 4364.62
18.76 8359.58 4371.64
18.83 8384.55 4378.61
18.9 8409.5 4385.51
18.97 8434.42 4392.36
19.04 8459.3 4399.16
19.11 8484.15 4405.89
19.18 8508.97 4412.57
19.25 8533.76 4419.19
19.32 8558.51 4425.76
19.39 8583.23 4432.27
19.46 8607.92 4438.72
19.53 8632.58 4445.12
19.6 8657.21 4451.46
19.67 8681.81 4457.75
19.74 8706.38 4463.98
19.81 8730.91 4470.15
19.88 8755.42 4476.27
19.95 8779.89 4482.33
20.02 8804.33 4488.33
20.09 8828.74 4494.28
20.16 8853.12 4500.18
20.23 8877.47 4506.01
20.3 8901.79 4511.8
20.37 8926.08 4517.53
20.44 8950.34 4523.2
20.51 8974.57 4528.82
20.58 8998.77 4534.38
20.65 9022.94 4539.89
20.72 9047.08 4545.34
20.79 9071.18 4550.74
20.86 9095.26 4556.08
20.93 9119.31 4561.37
21 9143.33 4566.6
21.07 9167.32 4571.78
21.14 9191.28 4576.91
21.21 9215.21 4581.98
21.28 9239.12 4587
21.35 9262.99 4591.96
21.42 9286.83 4596.87
21.49 9310.65 4601.72
21.56 9334.43 4606.52
21.63 9358.19 4611.27
21.7 9381.92 4615.96
21.77 9405.62 4620.6
21.84 9429.29 4625.18
21.91 9452.93 4629.72
21.98 9476.55 4634.19
22.05 9500.13 4638.62
22.12 9523.69 4642.99
22.19 9547.22 4647.31
22.26 9570.72 4651.57
22.33 9594.19 4655.78
22.4 9617.64 4659.94
22.47 9641.05 4664.05
22.54 9664.44 4668.1
22.61 9687.8 4672.1
22.68 9711.14 4676.04
22.75 9734.44 4679.94
22.82 9757.72 4683.78
22.89 9780.97 4687.57
22.96 9804.19 4691.3
23.03 9827.39 4694.99
23.1 9850.56 4698.62
23.17 9873.7 4702.2
23.24 9896.82 4705.72
23.31 9919.9 4709.2
23.38 9942.97 4712.62
23.45 9966 4715.99
23.52 9989.01 4719.31
23.59 10012 4722.58
23.66 10034.9 4725.79
23.73 10057.9 4728.95
23.8 10080.8 4732.06
23.87 10103.6 4735.12
23.94 10126.5 4738.13
24.01 10149.3 4741.09
24.08 10172.1 4743.99
24.15 10194.9 4746.85
24.22 10217.6 4749.65
24.29 10240.3 4752.4
24.36 10263 4755.1
24.43 10285.7 4757.75
24.5 10308.3 4760.34
24.57 10330.9 4762.89
24.64 10353.5 4765.39
24.71 10376.1 4767.83
24.78 10398.6 4770.22
24.85 10421.1 4772.57
24.92 10443.6 4774.86
24.99 10466.1 4777.1
25.06 10488.5 4779.29
25.13 10510.9 4781.43
25.2 10533.3 4783.52
25.27 10555.7 4785.56
25.34 10578 4787.55
25.41 10600.3 4789.49
25.48 10622.6 4791.38
25.55 10644.9 4793.21
25.62 10667.1 4795
25.69 10689.3 4796.74
25.76 10711.5 4798.43
25.83 10733.6 4800.07
25.9 10755.8 4801.65
25.97 10777.9 4803.19
26.04 10800 4804.68
26.11 10822 4806.12
26.18 10844.1 4807.51
26.25 10866.1 4808.85
26.32 10888.1 4810.14
26.39 10910 4811.38
26.46 10932 4812.57
26.53 10953.9 4813.71
26.6 10975.8 4814.8
26.67 10997.7 4815.85
26.74 11019.5 4816.84
26.81 11041.3 4817.79
26.88 11063.1 4818.68
26.95 11084.9 4819.53
27.02 11106.6 4820.33
27.09 11128.4 4821.08
27.16 11150.1 4821.78
27.23 11171.7 4822.43
27.3 11193.4 4823.03
27.37 11215 4823.58
27.44 11236.6 4824.09
27.51 11258.2 4824.54
27.58 11279.8 4824.95
27.65 11301.3 4825.31
27.72 11322.8 4825.62
27.79 11344.3 4825.88
27.86 11365.8 4826.1
27.93 11387.2 4826.26
28 11408.7 4826.38
28.07 11430.1 4826.45
28.14 11451.4 4826.47
28.21 11472.8 4826.44
28.28 11494.1 4826.37
28.35 11515.4 4826.25
28.42 11536.7 4826.07
28.49 11558 4825.86
28.56 11579.2 4825.59
28.63 11600.4 4825.27
28.7 11621.6 4824.91
28.77 11642.8 4824.5
28.84 11663.9 4824.04
28.91 11685.1 4823.54
28.98 11706.2 4822.99
29.05 11727.3 4822.39
29.12 11748.3 4821.74
29.19 11769.4 4821.04
29.26 11790.4 4820.3
29.33 11811.4 4819.51
29.4 11832.3 4818.68
29.47 11853.3 4817.79
29.54 11874.2 4816.86
29.61 11895.1 4815.88
29.68 11916 4814.86
29.75 11936.9 4813.78
29.82 11957.7 4812.67
29.89 11978.5 4811.5
29.96 11999.3 4810.29
30.03 12020.1 4809.03
30.1 12040.9 4807.72
30.17 12061.6 4806.37
30.24 12082.3 4804.97
30.31 12103 4803.52
30.38 12123.7 4802.03
30.45 12144.3 4800.49
30.52 12164.9 4798.9
30.59 12185.5 4797.27
30.66 12206.1 4795.59
30.73 12226.7 4793.86
30.8 12247.2 4792.09
30.87 12267.8 4790.28
30.94 12288.2 4788.41
31.01 12308.7 4786.5
31.08 12329.2 4784.54
31.15 12349.6 4782.54
31.22 12370 4780.49
31.29 12390.4 4778.4
31.36 12410.8 4776.26
31.43 12431.1 4774.07
31.5 12451.5 4771.84
31.57 12471.8 4769.56
31.64 12492.1 4767.24
31.71 12512.3 4764.87
31.78 12532.6 4762.46
31.85 12552.8 4760
31.92 12573 4757.49
31.99 12593.2 4754.94
32.06 12613.4 4752.34
32.13 12633.5 4749.7
32.2 12653.6 4747.01
32.27 12673.7 4744.28
32.34 12693.8 4741.5
32.41 12713.9 4738.68
32.48 12733.9 4735.81
32.55 12754 4732.89
32.62 12774 4729.93
32.69 12793.9 4726.93
32.76 12813.9 4723.88
32.83 12833.8 4720.79
32.9 12853.8 4717.65
32.97 12873.7 4714.46
33.04 12893.5 4711.23
33.11 12913.4 4707.96
33.18 12933.3 4704.64
33.25 12953.1 4701.28
33.32 12972.9 4697.87
33.39 12992.7 4694.42
33.46 13012.4 4690.92
33.53 13032.2 4687.38
33.6 13051.9 4683.79
33.67 13071.6 4680.16
33.74 13091.3 4676.49
33.81 13110.9 4672.77
33.88 13130.6 4669
33.95 13150.2 4665.19
34.02 13169.8 4661.34
34.09 13189.4 4657.45
34.16 13208.9 4653.5
34.23 13228.5 4649.52
34.3 13248 4645.49
34.37 13267.5 4641.42
34.44 13287 4637.3
34.51 13306.5 4633.14
34.58 13325.9 4628.93
34.65 13345.4 4624.68
34.72 13364.8 4620.39
34.79 13384.2 4616.06
34.86 13403.5 4611.68
34.93 13422.9 4607.25
35 13442.2 4602.78
35.07 13461.5 4598.27
35.14 13480.8 4593.72
35.21 13500.1 4589.12
35.28 13519.3 4584.48
35.35 13538.6 4579.79
35.42 13557.8 4575.06
35.49 13577 4570.29
35.56 13596.2 4565.47
35.63 13615.3 4560.61
35.7 13634.5 4555.71
35.77 13653.6 4550.77
35.84 13672.7 4545.78
35.91 13691.8 4540.75
35.98 13710.9 4535.67
36.05 13729.9 4530.55
36.12 13748.9 4525.39
36.19 13767.9 4520.19
36.26 13786.9 4514.94
36.33 13805.9 4509.65
36.4 13824.9 4504.32
36.47 13843.8 4498.94
36.54 13862.7 4493.52
36.61 13881.6 4488.06
36.68 13900.5 4482.56
36.75 13919.4 4477.01
36.82 13938.2 4471.42
36.89 13957 4465.79
36.96 13975.8 4460.12
37.03 13994.6 4454.4
37.1 14013.4 4448.64
37.17 14032.1 4442.84
37.24 14050.9 4437
37.31 14069.6 4431.11
37.38 14088.3 4425.18
37.45 14106.9 4419.21
37.52 14125.6 4413.2
37.59 14144.2 4407.14
37.66 14162.9 4401.05
37.73 14181.5 4394.91
37.8 14200.1 4388.73
37.87 14218.6 4382.5
37.94 14237.2 4376.24
38.01 14255.7 4369.93
38.08 14274.2 4363.58
38.15 14292.7 4357.19
38.22 14311.2 4350.76
38.29 14329.6 4344.28
38.36 14348.1 4337.76
38.43 14366.5 4331.21
38.5 14384.9 4324.61
38.57 14403.3 4317.97
38.64 14421.7 4311.28
38.71 14440 4304.56
38.78 14458.3 4297.79
38.85 14476.7 4290.98
38.92 14494.9 4284.14
38.99 14513.2 4277.24
39.06 14531.5 4270.31
39.13 14549.7 4263.34
39.2 14568 4256.33
39.27 14586.2 4249.27
39.34 14604.4 4242.17
39.41 14622.5 4235.04
39.48 14640.7 4227.86
39.55 14658.8 4220.64
39.62 14676.9 4213.38
39.69 14695 4206.07
39.76 14713.1 4198.73
39.83 14731.2 4191.35
39.9 14749.2 4183.92
39.97 14767.3 4176.46
40.04 14785.3 4168.95
40.11 14803.3 4161.4
40.18 14821.2 4153.82
40.25 14839.2 4146.19
40.32 14857.1 4138.52
40.39 14875.1 4130.81
40.46 14893 4123.06
40.53 14910.9 4115.27
40.6 14928.7 4107.44
40.67 14946.6 4099.57
40.74 14964.4 4091.65
40.81 14982.3 4083.7
40.88 15000.1 4075.71
40.95 15017.8 4067.68
41.02 15035.6 4059.6
41.09 15053.4 4051.49
41.16 15071.1 4043.34
41.23 15088.8 4035.14
41.3 15106.5 4026.91
41.37 15124.2 4018.64
41.44 15141.9 4010.32
41.51 15159.5 4001.97
41.58 15177.1 3993.58
41.65 15194.7 3985.14
41.72 15212.3 3976.67
41.79 15229.9 3968.16
41.86 15247.5 3959.6
41.93 15265 3951.01
42 15282.6 3942.38
42.07 15300.1 3933.71
42.14 15317.6 3925
42.21 15335 3916.25
42.28 15352.5 3907.45
42.35 15369.9 3898.62
42.42 15387.4 3889.76
42.49 15404.8 3880.85
42.56 15422.2 3871.9
42.63 15439.5 3862.91
42.7 15456.9 3853.88
42.77 15474.2 3844.82
42.84 15491.5 3835.71
42.91 15508.8 3826.57
42.98 15526.1 3817.39
43.05 15543.4 3808.16
43.12 15560.7 3798.9
43.19 15577.9 3789.6
43.26 15595.1 3780.26
43.33 15612.3 3770.88
43.4 15629.5 3761.47
43.47 15646.7 3752.01
43.54 15663.8 3742.51
43.61 15681 3732.98
43.68 15698.1 3723.41
43.75 15715.2 3713.8
43.82 15732.3 3704.15
43.89 15749.4 3694.46
43.96 15766.4 3684.73
44.03 15783.4 3674.97
44.1 15800.5 3665.16
44.17 15817.5 3655.32
44.24 15834.4 3645.44
44.31 15851.4 3635.52
44.38 15868.4 3625.56
44.45 15885.3 3615.57
44.52 15902.2 3605.53
44.59 15919.1 3595.46
44.66 15936 3585.35
44.73 15952.9 3575.2
44.8 15969.7 3565.02
44.87 15986.6 3554.79
44.94 16003.4 3544.53
45.01 16020.2 3534.23
45.08 16037 3523.89
45.15 16053.8 3513.51
45.22 16070.5 3503.1
45.29 16087.2 3492.65
45.36 16104 3482.16
45.43 16120.7 3471.63
45.5 16137.4 3461.06
45.57 16154 3450.46
45.64 16170.7 3439.82
45.71 16187.3 3429.14
45.78 16203.9 3418.43
45.85 16220.5 3407.68
45.92 16237.1 3396.89
45.99 16253.7 3386.06
46.06 16270.3 3375.19
46.13 16286.8 3364.29
46.2 16303.3 3353.35
46.27 16319.8 3342.37
46.34 16336.3 3331.36
46.41 16352.8 3320.31
46.48 16369.2 3309.22
46.55 16385.7 3298.09
46.62 16402.1 3286.93
46.69 16418.5 3275.73
46.76 16434.9 3264.5
46.83 16451.3 3253.22
46.9 16467.7 3241.91
46.97 16484 3230.57
47.04 16500.3 3219.18
47.11 16516.6 3207.76
47.18 16532.9 3196.3
47.25 16549.2 3184.81
47.32 16565.5 3173.28
47.39 16581.7 3161.71
47.46 16597.9 3150.11
47.53 16614.2 3138.47
47.6 16630.4 3126.79
47.67 16646.5 3115.08
47.74 16662.7 3103.33
47.81 16678.9 3091.55
47.88 16695 3079.72
47.95 16711.1 3067.87
48.02 16727.2 3055.97
48.09 16743.3 3044.04
48.16 16759.4 3032.07
48.23 16775.4 3020.07
48.3 16791.4 3008.03
48.37 16807.5 2995.96
48.44 16823.5 2983.85
48.51 16839.5 2971.7
48.58 16855.4 2959.52
48.65 16871.4 2947.3
48.72 16887.3 2935.05
48.79 16903.2 2922.76
48.86 16919.2 2910.43
48.93 16935 2898.07
49 16950.9 2885.67
49.07 16966.8 2873.24
49.14 16982.6 2860.77
49.21 16998.5 2848.27
49.28 17014.3 2835.73
49.35 17030.1 2823.16
49.42 17045.8 2810.55
49.49 17061.6 2797.9
49.56 17077.4 2785.22
49.63 17093.1 2772.5
49.7 17108.8 2759.75
49.77 17124.5 2746.97
49.84 17140.2 2734.15
49.91 17155.9 2721.29
49.98 17171.5 2708.4
50.05 17187.1 2695.47
50.12 17202.8 2682.51
50.19 17218.4 2669.52
50.26 17234 2656.48
50.33 17249.5 2643.42
50.4 17265.1 2630.32
50.47 17280.6 2617.18
50.54 17296.2 2604.01
50.61 17311.7 2590.81
50.68 17327.2 2577.57
50.75 17342.6 2564.29
50.82 17358.1 2550.99
50.89 17373.6 2537.64
50.96 17389 2524.27
51.03 17404.4 2510.85
51.1 17419.8 2497.41
51.17 17435.2 2483.93
51.24 17450.6 2470.41
51.31 17465.9 2456.86
51.38 17481.2 2443.28
51.45 17496.6 2429.66
51.52 17511.9 2416.01
51.59 17527.2 2402.33
51.66 17542.4 2388.61
51.73 17557.7 2374.85
51.8 17572.9 2361.07
51.87 17588.2 2347.24
51.94 17603.4 2333.39
52.01 17618.6 2319.5
52.08 17633.7 2305.58
52.15 17648.9 2291.62
52.22 17664.1 2277.63
52.29 17679.2 2263.61
52.36 17694.3 2249.55
52.43 17709.4 2235.46
52.5 17724.5 2221.33
52.57 17739.6 2207.17
52.64 17754.6 2192.98
52.71 17769.7 2178.76
52.78 17784.7 2164.5
52.85 17799.7 2150.21
52.92 17814.7 2135.88
52.99 17829.7 2121.53
53.06 17844.6 2107.13
53.13 17859.6 2092.71
53.2 17874.5 2078.25
53.27 17889.4 2063.76
53.34 17904.3 2049.24
53.41 17919.2 2034.68
53.48 17934.1 2020.09
53.55 17948.9 2005.47
53.62 17963.8 1990.82
53.69 17978.6 1976.13
53.76 17993.4 1961.41
53.83 18008.2 1946.65
53.9 18023 1931.87
53.97 18037.7 1917.05
54.04 18052.5 1902.2
54.11 18067.2 1887.32
54.18 18081.9 1872.4
54.25 18096.6 1857.45
54.32 18111.3 1842.47
54.39 18126 1827.46
54.46 18140.6 1812.41
54.53 18155.3 1797.33
54.6 18169.9 1782.22
54.67 18184.5 1767.08
54.74 18199.1 1751.91
54.81 18213.7 1736.7
54.88 18228.2 1721.46
54.95 18242.8 1706.19
55.02 18257.3 1690.89
55.09 18271.8 1675.55
55.16 18286.3 1660.19
55.23 18300.8 1644.79
55.3 18315.3 1629.36
55.37 18329.7 1613.9
55.44 18344.1 1598.4
55.51 18358.6 1582.88
55.58 18373 1567.32
55.65 18387.4 1551.73
55.72 18401.7 1536.11
55.79 18416.1 1520.46
55.86 18430.5 1504.78
55.93 18444.8 1489.06
56 18459.1 1473.32
56.07 18473.4 1457.54
56.14 18487.7 1441.73
56.21 18502 1425.89
56.28 18516.2 1410.02
56.35 18530.4 1394.12
56.42 18544.7 1378.19
56.49 18558.9 1362.23
56.56 18573.1 1346.23
56.63 18587.3 1330.21
56.7 18601.4 1314.15
56.77 18615.6 1298.06
56.84 18629.7 1281.94
56.91 18643.8 1265.79
56.98 18657.9 1249.61
57.05 18672 1233.4
57.12 18686.1 1217.16
57.19 18700.1 1200.89
57.26 18714.2 1184.59
57.33 18728.2 1168.25
57.4 18742.2 1151.89
57.47 18756.2 1135.5
57.54 18770.2 1119.07
57.61 18784.2 1102.62
57.68 18798.1 1086.13
57.75 18812.1 1069.62
57.82 18826 1053.07
57.89 18839.9 1036.49
57.96 18853.8 1019.89
58.03 18867.7 1003.25
58.1 18881.5 986.587
58.17 18895.4 969.891
58.24 18909.2 953.165
58.31 18923 936.409
58.38 18936.8 919.623
58.45 18950.6 902.808
58.52 18964.4 885.962
58.59 18978.1 869.087
58.66 18991.9 852.182
58.73 19005.6 835.248
58.8 19019.3 818.284
58.87 19033 801.29
58.94 19046.7 784.267
59.01 19060.4 767.214
59.08 19074 750.132
59.15 19087.6 733.02
59.22 19101.3 715.88
59.29 19114.9 698.709
59.36 19128.5 681.51
59.43 19142 664.281
59.5 19155.6 647.023
59.57 19169.2 629.737
59.64 19182.7 612.42
59.71 19196.2 595.075
59.78 19209.7 577.701
59.85 19223.2 560.298
59.92 19236.7 542.866
59.99 19250.1 525.406
60.06 19263.6 507.916
60.13 19277 490.398
60.2 19290.4 472.85
60.27 19303.8 455.275
60.34 19317.2 437.67
60.41 19330.6 420.037
60.48 19343.9 402.375
60.55 19357.3 384.685
60.62 19370.6 366.967
60.69 19383.9 349.22
60.76 19397.2 331.444
60.83 19410.5 313.64
60.9 19423.7 295.808
60.97 19437 277.948
61.04 19450.2 260.059
61.11 19463.5 242.143
61.18 19476.7 224.198
61.25 19489.9 206.225
61.32 19503 188.224
61.39 19516.2 170.195
61.46 19529.4 152.138
61.53 19542.5 134.054
61.6 19555.6 115.941
61.67 19568.7 97.8005
61.74 19581.8 79.6323
61.81 19594.9 61.4363
61.88 19607.9 43.2127
61.95 19621 24.9614
62.02 19634 6.68258
62.0456 19638.8 3.00962e-17
