0.07 34.6482 34.6482
0.14 69.2116 69.1635
0.21 103.691 103.546
0.28 138.085 137.798
0.35 172.397 171.917
0.42 206.625 205.907
0.49 240.771 239.766
0.56 274.835 273.496
0.63 308.817 307.097
0.7 342.718 340.569
0.77 376.539 373.914
0.84 410.279 407.131
0.91 443.939 440.222
0.98 477.519 473.187
1.05 511.021 506.026
1.12 544.444 538.74
1.19 577.789 571.329
1.26 611.056 603.794
1.33 644.246 636.136
1.4 677.359 668.355
1.47 710.395 700.451
1.54 743.355 732.425
1.61 776.24 764.278
1.68 809.049 796.01
1.75 841.784 827.621
1.82 874.444 859.112
1.89 907.03 890.484
1.96 939.542 921.737
2.03 971.981 952.871
2.1 1004.35 983.887
2.17 1036.64 1014.79
2.24 1068.86 1045.57
2.31 1101.01 1076.23
2.38 1133.09 1106.78
2.45 1165.1 1137.21
2.52 1197.03 1167.53
2.59 1228.9 1197.73
2.66 1260.69 1227.82
2.73 1292.42 1257.8
2.8 1324.08 1287.66
2.87 1355.67 1317.41
2.94 1387.19 1347.04
3.01 1418.64 1376.56
3.08 1450.02 1405.98
3.15 1481.34 1435.28
3.22 1512.59 1464.46
3.29 1543.77 1493.54
3.36 1574.89 1522.51
3.43 1605.94 1551.37
3.5 1636.92 1580.12
3.57 1667.84 1608.76
3.64 1698.69 1637.29
3.71 1729.48 1665.72
3.78 1760.2 1694.04
3.85 1790.86 1722.25
3.92 1821.46 1750.35
3.99 1851.99 1778.34
4.06 1882.46 1806.24
4.13 1912.87 1834.02
4.2 1943.21 1861.7
4.27 1973.49 1889.27
4.34 2003.71 1916.74
4.41 2033.87 1944.11
4.48 2063.96 1971.37
4.55 2094 1998.53
4.62 2123.97 2025.59
4.69 2153.89 2052.54
4.76 2183.74 2079.39
4.83 2213.53 2106.14
4.9 2243.27 2132.78
4.97 2272.94 2159.33
5.04 2302.56 2185.77
5.11 2332.11 2212.12
5.18 2361.61 2238.36
5.25 2391.05 2264.51
5.32 2420.43 2290.55
5.39 2449.76 2316.5
5.46 2479.03 2342.34
5.53 2508.24 2368.09
5.6 2537.39 2393.74
5.67 2566.48 2419.29
5.74 2595.52 2444.75
5.81 2624.51 2470.1
5.88 2653.44 2495.36
5.95 2682.31 2520.53
6.02 2711.13 2545.59
6.09 2739.89 2570.57
6.16 2768.6 2595.44
6.23 2797.25 2620.22
6.3 2825.85 2644.91
6.37 2854.39 2669.5
6.44 2882.88 2694
6.51 2911.32 2718.4
6.58 2939.7 2742.71
6.65 2968.03 2766.92
6.72 2996.31 2791.04
6.79 3024.54 2815.07
6.86 3052.71 2839.01
6.93 3080.83 2862.85
7 3108.9 2886.6
7.07 3136.92 2910.26
7.14 3164.89 2933.83
7.21 3192.8 2957.31
7.28 3220.67 2980.7
7.35 3248.48 3003.99
7.42 3276.24 3027.2
7.49 3303.96 3050.31
7.56 3331.62 3073.34
7.63 3359.23 3096.28
7.7 3386.8 3119.12
7.77 3414.31 3141.88
7.84 3441.78 3164.55
7.91 3469.19 3187.13
7.98 3496.56 3209.63
8.05 3523.88 3232.03
8.12 3551.15 3254.35
8.19 3578.37 3276.58
8.26 3605.55 3298.72
8.33 3632.67 3320.78
8.4 3659.75 3342.75
8.47 3686.79 3364.63
8.54 3713.77 3386.43
8.61 3740.71 3408.14
8.68 3767.6 3429.76
8.75 3794.45 3451.3
8.82 3821.25 3472.76
8.89 3848 3494.13
8.96 3874.71 3515.41
9.03 3901.37 3536.61
9.1 3927.99 3557.73
9.17 3954.56 3578.76
9.24 3981.09 3599.71
9.31 4007.57 3620.58
9.38 4034.01 3641.36
9.45 4060.4 3662.06
9.52 4086.75 3682.68
9.59 4113.05 3703.21
9.66 4139.31 3723.66
9.73 4165.53 3744.03
9.8 4191.7 3764.32
9.87 4217.83 3784.53
9.94 4243.92 3804.65
10.01 4269.96 3824.69
10.08 4295.96 3844.66
10.15 4321.92 3864.54
10.22 4347.84 3884.34
10.29 4373.71 3904.06
10.36 4399.54 3923.7
10.43 4425.33 3943.26
10.5 4451.08 3962.74
10.57 4476.79 3982.14
10.64 4502.45 4001.46
10.71 4528.08 4020.71
10.78 4553.66 4039.87
10.85 4579.2 4058.96
10.92 4604.7 4077.96
10.99 4630.16 4096.89
11.06 4655.58 4115.74
11.13 4680.96 4134.51
11.2 4706.3 4153.21
11.27 4731.6 4171.83
11.34 4756.86 4190.37
11.41 4782.08 4208.83
11.48 4807.26 4227.21
11.55 4832.41 4245.52
11.62 4857.51 4263.76
11.69 4882.57 4281.91
11.76 4907.6 4299.99
11.83 4932.59 4318
11.9 4957.53 4335.93
11.97 4982.44 4353.78
12.04 5007.31 4371.56
12.11 5032.15 4389.26
12.18 5056.94 4406.88
12.25 5081.7 4424.44
12.32 5106.42 4441.91
12.39 5131.1 4459.32
12.46 5155.75 4476.65
12.53 5180.36 4493.9
12.6 5204.93 4511.08
12.67 5229.47 4528.19
12.74 5253.96 4545.22
12.81 5278.42 4562.18
12.88 5302.85 4579.07
12.95 5327.24 4595.88
13.02 5351.59 4612.62
13.09 5375.91 4629.29
13.16 5400.19 4645.88
13.23 5424.43 4662.4
13.3 5448.64 4678.85
13.37 5472.82 4695.23
13.44 5496.96 4711.54
13.51 5521.06 4727.77
13.58 5545.13 4743.93
13.65 5569.16 4760.02
13.72 5593.16 4776.04
13.79 5617.13 4791.99
13.86 5641.06 4807.87
13.93 5664.95 4823.67
14 5688.81 4839.41
14.07 5712.64 4855.07
14.14 5736.43 4870.67
14.21 5760.19 4886.19
14.28 5783.92 4901.65
14.35 5807.61 4917.03
14.42 5831.27 4932.35
14.49 5854.9 4947.59
14.56 5878.49 4962.77
14.63 5902.05 4977.87
14.7 5925.57 4992.91
14.77 5949.07 5007.88
14.84 5972.53 5022.78
14.91 5995.95 5037.61
14.98 6019.35 5052.37
15.05 6042.71 5067.06
15.12 6066.04 5081.69
15.19 6089.34 5096.24
15.26 6112.61 5110.73
15.33 6135.84 5125.15
15.4 6159.05 5139.5
15.47 6182.22 5153.79
15.54 6205.36 5168.01
15.61 6228.47 5182.16
15.68 6251.54 5196.24
15.75 6274.59 5210.25
15.82 6297.6 5224.2
15.89 6320.59 5238.09
15.96 6343.54 5251.9
16.03 6366.46 5265.65
16.1 6389.35 5279.33
16.17 6412.22 5292.95
16.24 6435.05 5306.5
16.31 6457.85 5319.98
16.38 6480.62 5333.4
16.45 6503.36 5346.75
16.52 6526.07 5360.04
16.59 6548.75 5373.26
16.66 6571.4 5386.41
16.73 6594.02 5399.5
16.8 6616.61 5412.53
16.87 6639.17 5425.49
16.94 6661.7 5438.38
17.01 6684.21 5451.21
17.08 6706.68 5463.98
17.15 6729.13 5476.68
17.22 6751.54 5489.31
17.29 6773.93 5501.89
17.36 6796.29 5514.39
17.43 6818.62 5526.84
17.5 6840.92 5539.22
17.57 6863.19 5551.53
17.64 6885.44 5563.79
17.71 6907.65 5575.97
17.78 6929.84 5588.1
17.85 6952 5600.16
17.92 6974.13 5612.16
17.99 6996.24 5624.09
18.06 7018.31 5635.97
18.13 7040.36 5647.78
18.2 7062.38 5659.52
18.27 7084.38 5671.21
18.34 7106.34 5682.83
18.41 7128.28 5694.39
18.48 7150.2 5705.88
18.55 7172.08 5717.31
18.62 7193.94 5728.69
18.69 7215.77 5740
18.76 7237.57 5751.24
18.83 7259.35 5762.43
18.9 7281.1 5773.55
18.97 7302.82 5784.62
19.04 7324.52 5795.62
19.11 7346.19 5806.56
19.18 7367.84 5817.43
19.25 7389.46 5828.25
19.32 7411.05 5839.01
19.39 7432.62 5849.7
19.46 7454.16 5860.33
19.53 7475.67 5870.91
19.6 7497.16 5881.42
19.67 7518.62 5891.87
19.74 7540.06 5902.26
19.81 7561.47 5912.59
19.88 7582.86 5922.86
19.95 7604.22 5933.07
20.02 7625.56 5943.22
20.09 7646.87 5953.31
20.16 7668.15 5963.34
20.23 7689.41 5973.31
20.3 7710.65 5983.22
20.37 7731.86 5993.07
20.44 7753.04 6002.86
20.51 7774.21 6012.59
20.58 7795.34 6022.26
20.65 7816.45 6031.87
20.72 7837.54 6041.43
20.79 7858.6 6050.92
20.86 7879.64 6060.36
20.93 7900.66 6069.73
21 7921.65 6079.05
21.07 7942.61 6088.31
21.14 7963.56 6097.51
21.21 7984.47 6106.65
21.28 8005.37 6115.73
21.35 8026.24 6124.76
21.42 8047.09 6133.72
21.49 8067.91 6142.63
21.56 8088.71 6151.48
21.63 8109.48 6160.27
21.7 8130.24 6169
21.77 8150.97 6177.68
21.84 8171.67 6186.3
21.91 8192.35 6194.86
21.98 8213.01 6203.36
22.05 8233.65 6211.8
22.12 8254.26 6220.19
22.19 8274.85 6228.52
22.26 8295.42 6236.79
22.33 8315.97 6245.01
22.4 8336.49 6253.17
22.47 8356.99 6261.27
22.54 8377.47 6269.31
22.61 8397.92 6277.3
22.68 8418.35 6285.23
22.75 8438.76 6293.1
22.82 8459.15 6300.92
22.89 8479.51 6308.68
22.96 8499.86 6316.39
23.03 8520.18 6324.03
23.1 8540.48 6331.62
23.17 8560.75 6339.16
23.24 8581.01 6346.64
23.31 8601.24 6354.06
23.38 8621.45 6361.43
23.45 8641.64 6368.74
23.52 8661.81 6375.99
23.59 8681.95 6383.19
23.66 8702.08 6390.33
23.73 8722.18 6397.42
23.8 8742.26 6404.45
23.87 8762.32 6411.43
23.94 8782.36 6418.35
24.01 8802.38 6425.21
24.08 8822.38 6432.02
24.15 8842.35 6438.78
24.22 8862.3 6445.47
24.29 8882.24 6452.12
24.36 8902.15 6458.71
24.43 8922.04 6465.24
24.5 8941.91 6471.72
24.57 8961.76 6478.15
24.64 8981.59 6484.52
24.71 9001.4 6490.83
24.78 9021.19 6497.09
24.85 9040.95 6503.3
24.92 9060.7 6509.45
24.99 9080.43 6515.54
25.06 9100.13 6521.59
25.13 9119.82 6527.57
25.2 9139.49 6533.51
25.27 9159.13 6539.39
25.34 9178.76 6545.21
25.41 9198.36 6550.98
25.48 9217.95 6556.7
25.55 9237.51 6562.37
25.62 9257.06 6567.98
25.69 9276.58 6573.53
25.76 9296.09 6579.03
25.83 9315.57 6584.48
25.9 9335.04 6589.88
25.97 9354.48 6595.22
26.04 9373.91 6600.51
26.11 9393.32 6605.74
26.18 9412.71 6610.92
26.25 9432.07 6616.05
26.32 9451.42 6621.13
26.39 9470.75 6626.15
26.46 9490.06 6631.12
26.53 9509.35 6636.03
26.6 9528.63 6640.9
26.67 9547.88 6645.71
26.74 9567.11 6650.46
26.81 9586.33 6655.17
26.88 9605.52 6659.82
26.95 9624.7 6664.42
27.02 9643.85 6668.96
27.09 9662.99 6673.46
27.16 9682.11 6677.9
27.23 9701.21 6682.29
27.3 9720.3 6686.62
27.37 9739.36 6690.91
27.44 9758.41 6695.14
27.51 9777.43 6699.32
27.58 9796.44 6703.45
27.65 9815.43 6707.52
27.72 9834.4 6711.55
27.79 9853.35 6715.52
27.86 9872.29 6719.44
27.93 9891.2 6723.3
28 9910.1 6727.12
28.07 9928.98 6730.88
28.14 9947.84 6734.6
28.21 9966.68 6738.26
28.28 9985.51 6741.87
28.35 10004.3 6745.42
28.42 10023.1 6748.93
28.49 10041.9 6752.39
28.56 10060.6 6755.79
28.63 10079.4 6759.14
28.7 10098.1 6762.44
28.77 10116.8 6765.69
28.84 10135.5 6768.89
28.91 10154.1 6772.04
28.98 10172.8 6775.13
29.05 10191.4 6778.18
29.12 10210 6781.17
29.19 10228.6 6784.12
29.26 10247.2 6787.01
29.33 10265.7 6789.85
29.4 10284.3 6792.64
29.47 10302.8 6795.38
29.54 10321.3 6798.07
29.61 10339.8 6800.71
29.68 10358.3 6803.3
29.75 10376.7 6805.84
29.82 10395.2 6808.33
29.89 10413.6 6810.76
29.96 10432 6813.15
30.03 10450.4 6815.49
30.1 10468.8 6817.77
30.17 10487.1 6820.01
30.24 10505.4 6822.2
30.31 10523.8 6824.33
30.38 10542.1 6826.42
30.45 10560.3 6828.46
30.52 10578.6 6830.44
30.59 10596.9 6832.38
30.66 10615.1 6834.26
30.73 10633.3 6836.1
30.8 10651.5 6837.89
30.87 10669.7 6839.62
30.94 10687.9 6841.31
31.01 10706 6842.95
31.08 10724.2 6844.54
31.15 10742.3 6846.08
31.22 10760.4 6847.57
31.29 10778.5 6849.01
31.36 10796.5 6850.4
31.43 10814.6 6851.74
31.5 10832.6 6853.03
31.57 10850.6 6854.27
31.64 10868.6 6855.47
31.71 10886.6 6856.61
31.78 10904.6 6857.71
31.85 10922.6 6858.75
31.92 10940.5 6859.75
31.99 10958.4 6860.7
32.06 10976.3 6861.6
32.13 10994.2 6862.45
32.2 11012.1 6863.25
32.27 11029.9 6864
32.34 11047.8 6864.71
32.41 11065.6 6865.36
32.48 11083.4 6865.97
32.55 11101.2 6866.53
32.62 11119 6867.04
32.69 11136.8 6867.5
32.76 11154.5 6867.91
32.83 11172.2 6868.27
32.9 11190 6868.59
32.97 11207.7 6868.86
33.04 11225.3 6869.08
33.11 11243 6869.25
33.18 11260.7 6869.37
33.25 11278.3 6869.44
33.32 11295.9 6869.47
33.39 11313.5 6869.45
33.46 11331.1 6869.38
33.53 11348.7 6869.26
33.6 11366.3 6869.09
33.67 11383.8 6868.88
33.74 11401.3 6868.62
33.81 11418.8 6868.31
33.88 11436.3 6867.95
33.95 11453.8 6867.55
34.02 11471.3 6867.09
34.09 11488.7 6866.59
34.16 11506.2 6866.05
34.23 11523.6 6865.45
34.3 11541 6864.81
34.37 11558.4 6864.12
34.44 11575.8 6863.38
34.51 11593.1 6862.59
34.58 11610.5 6861.76
34.65 11627.8 6860.88
34.72 11645.1 6859.95
34.79 11662.4 6858.98
34.86 11679.7 6857.96
34.93 11697 6856.89
35 11714.3 6855.77
35.07 11731.5 6854.61
35.14 11748.7 6853.4
35.21 11765.9 6852.14
35.28 11783.1 6850.83
35.35 11800.3 6849.48
35.42 11817.5 6848.08
35.49 11834.6 6846.64
35.56 11851.8 6845.15
35.63 11868.9 6843.61
35.7 11886 6842.02
35.77 11903.1 6840.39
35.84 11920.2 6838.71
35.91 11937.2 6836.98
35.98 11954.3 6835.21
36.05 11971.3 6833.39
36.12 11988.3 6831.53
36.19 12005.4 6829.62
36.26 12022.3 6827.66
36.33 12039.3 6825.65
36.4 12056.3 6823.6
36.47 12073.2 6821.5
36.54 12090.2 6819.36
36.61 12107.1 6817.17
36.68 12124 6814.93
36.75 12140.9 6812.65
36.82 12157.8 6810.32
36.89 12174.6 6807.95
36.96 12191.5 6805.53
37.03 12208.3 6803.06
37.1 12225.1 6800.55
37.17 12241.9 6797.99
37.24 12258.7 6795.39
37.31 12275.5 6792.74
37.38 12292.2 6790.04
37.45 12309 6787.3
37.52 12325.7 6784.51
37.59 12342.4 6781.68
37.66 12359.1 6778.8
37.73 12375.8 6775.88
37.8 12392.5 6772.91
37.87 12409.2 6769.89
37.94 12425.8 6766.83
38.01 12442.5 6763.72
38.08 12459.1 6760.57
38.15 12475.7 6757.37
38.22 12492.3 6754.13
38.29 12508.9 6750.84
38.36 12525.4 6747.51
38.43 12542 6744.13
38.5 12558.5 6740.71
38.57 12575 6737.24
38.64 12591.5 6733.72
38.71 12608 6730.16
38.78 12624.5 6726.56
38.85 12641 6722.91
38.92 12657.4 6719.22
38.99 12673.9 6715.48
39.06 12690.3 6711.69
39.13 12706.7 6707.86
39.2 12723.1 6703.99
39.27 12739.5 6700.07
39.34 12755.8 6696.11
39.41 12772.2 6692.1
39.48 12788.5 6688.05
39.55 12804.9 6683.95
39.62 12821.2 6679.81
39.69 12837.5 6675.62
39.76 12853.8 6671.39
39.83 12870 6667.11
39.9 12886.3 6662.79
39.97 12902.6 6658.43
40.04 12918.8 6654.02
40.11 12935 6649.56
40.18 12951.2 6645.07
40.25 12967.4 6640.52
40.32 12983.6 6635.94
40.39 12999.7 6631.31
40.46 13015.9 6626.63
40.53 13032 6621.91
40.6 13048.1 6617.15
40.67 13064.3 6612.34
40.74 13080.4 6607.49
40.81 13096.4 6602.6
40.88 13112.5 6597.66
40.95 13128.6 6592.67
41.02 13144.6 6587.65
41.09 13160.6 6582.58
41.16 13176.6 6577.46
41.23 13192.6 6572.3
41.3 13208.6 6567.1
41.37 13224.6 6561.86
41.44 13240.6 6556.57
41.51 13256.5 6551.23
41.58 13272.5 6545.86
41.65 13288.4 6540.44
41.72 13304.3 6534.97
41.79 13320.2 6529.47
41.86 13336.1 6523.91
41.93 13351.9 6518.32
42 13367.8 6512.68
42.07 13383.6 6507
42.14 13399.4 6501.28
42.21 13415.3 6495.51
42.28 13431.1 6489.7
42.35 13446.8 6483.85
42.42 13462.6 6477.95
42.49 13478.4 6472.01
42.56 13494.1 6466.03
42.63 13509.9 6460
42.7 13525.6 6453.93
42.77 13541.3 6447.82
42.84 13557 6441.67
42.91 13572.7 6435.47
42.98 13588.3 6429.23
43.05 13604 6422.94
43.12 13619.6 6416.62
43.19 13635.3 6410.25
43.26 13650.9 6403.84
43.33 13666.5 6397.38
43.4 13682.1 6390.89
43.47 13697.6 6384.35
43.54 13713.2 6377.77
43.61 13728.8 6371.14
43.68 13744.3 6364.47
43.75 13759.8 6357.76
43.82 13775.3 6351.01
43.89 13790.8 6344.22
43.96 13806.3 6337.38
44.03 13821.8 6330.5
44.1 13837.2 6323.58
44.17 13852.7 6316.62
44.24 13868.1 6309.61
44.31 13883.5 6302.57
44.38 13898.9 6295.48
44.45 13914.3 6288.35
44.52 13929.7 6281.17
44.59 13945.1 6273.96
44.66 13960.4 6266.7
44.73 13975.8 6259.4
44.8 13991.1 6252.06
44.87 14006.4 6244.67
44.94 14021.7 6237.25
45.01 14037 6229.78
45.08 14052.3 6222.27
45.15 14067.5 6214.72
45.22 14082.8 6207.13
45.29 14098 6199.5
45.36 14113.2 6191.82
45.43 14128.5 6184.11
45.5 14143.7 6176.35
45.57 14158.8 6168.55
45.64 14174 6160.71
45.71 14189.2 6152.83
45.78 14204.3 6144.9
45.85 14219.4 6136.94
45.92 14234.6 6128.93
45.99 14249.7 6120.89
46.06 14264.8 6112.8
46.13 14279.8 6104.67
46.2 14294.9 6096.5
46.27 14310 6088.29
46.34 14325 6080.03
46.41 14340 6071.74
46.48 14355.1 6063.4
46.55 14370.1 6055.03
46.62 14385 6046.61
46.69 14400 6038.15
46.76 14415 6029.66
46.83 14429.9 6021.12
46.9 14444.9 6012.54
46.97 14459.8 6003.92
47.04 14474.7 5995.26
47.11 14489.6 5986.55
47.18 14504.5 5977.81
47.25 14519.4 5969.03
47.32 14534.2 5960.21
47.39 14549.1 5951.34
47.46 14563.9 5942.44
47.53 14578.8 5933.49
47.6 14593.6 5924.51
47.67 14608.4 5915.49
47.74 14623.1 5906.42
47.81 14637.9 5897.31
47.88 14652.7 5888.17
47.95 14667.4 5878.98
48.02 14682.2 5869.76
48.09 14696.9 5860.49
48.16 14711.6 5851.19
48.23 14726.3 5841.84
48.3 14741 5832.45
48.37 14755.6 5823.03
48.44 14770.3 5813.56
48.51 14784.9 5804.06
48.58 14799.6 5794.51
48.65 14814.2 5784.93
48.72 14828.8 5775.3
48.79 14843.4 5765.64
48.86 14858 5755.93
48.93 14872.5 5746.19
49 14887.1 5736.41
49.07 14901.6 5726.59
49.14 14916.2 5716.72
49.21 14930.7 5706.82
49.28 14945.2 5696.88
49.35 14959.7 5686.9
49.42 14974.1 5676.88
49.49 14988.6 5666.83
49.56 15003.1 5656.73
49.63 15017.5 5646.59
49.7 15031.9 5636.41
49.77 15046.3 5626.2
49.84 15060.7 5615.95
49.91 15075.1 5605.65
49.98 15089.5 5595.32
50.05 15103.9 5584.95
50.12 15118.2 5574.54
50.19 15132.6 5564.09
50.26 15146.9 5553.6
50.33 15161.2 5543.08
50.4 15175.5 5532.51
50.47 15189.8 5521.91
50.54 15204.1 5511.27
50.61 15218.3 5500.58
50.68 15232.6 5489.87
50.75 15246.8 5479.11
50.82 15261 5468.31
50.89 15275.2 5457.48
50.96 15289.4 5446.6
51.03 15303.6 5435.69
51.1 15317.8 5424.74
51.17 15332 5413.75
51.24 15346.1 5402.73
51.31 15360.2 5391.66
51.38 15374.4 5380.56
51.45 15388.5 5369.42
51.52 15402.6 5358.24
51.59 15416.6 5347.02
51.66 15430.7 5335.77
51.73 15444.8 5324.47
51.8 15458.8 5313.14
51.87 15472.9 5301.78
51.94 15486.9 5290.37
52.01 15500.9 5278.93
52.08 15514.9 5267.44
52.15 15528.9 5255.92
52.22 15542.8 5244.37
52.29 15556.8 5232.77
52.36 15570.7 5221.14
52.43 15584.7 5209.47
52.5 15598.6 5197.76
52.57 15612.5 5186.02
52.64 15626.4 5174.24
52.71 15640.3 5162.42
52.78 15654.1 5150.56
52.85 15668 5138.67
52.92 15681.8 5126.74
52.99 15695.7 5114.77
53.06 15709.5 5102.76
53.13 15723.3 5090.72
53.2 15737.1 5078.64
53.27 15750.9 5066.52
53.34 15764.6 5054.37
53.41 15778.4 5042.18
53.48 15792.1 5029.95
53.55 15805.9 5017.69
53.62 15819.6 5005.39
53.69 15833.3 4993.05
53.76 15847 4980.67
53.83 15860.6 4968.26
53.9 15874.3 4955.82
53.97 15888 4943.33
54.04 15901.6 4930.81
54.11 15915.2 4918.25
54.18 15928.9 4905.66
54.25 15942.5 4893.03
54.32 15956 4880.36
54.39 15969.6 4867.66
54.46 15983.2 4854.92
54.53 15996.7 4842.15
54.6 16010.3 4829.34
54.67 16023.8 4816.49
54.74 16037.3 4803.61
54.81 16050.8 4790.69
54.88 16064.3 4777.73
54.95 16077.8 4764.74
55.02 16091.3 4751.71
55.09 16104.7 4738.65
55.16 16118.1 4725.55
55.23 16131.6 4712.42
55.3 16145 4699.24
55.37 16158.4 4686.04
55.44 16171.8 4672.8
55.51 16185.2 4659.52
55.58 16198.5 4646.21
55.65 16211.9 4632.86
55.72 16225.2 4619.47
55.79 16238.5 4606.05
55.86 16251.8 4592.6
55.93 16265.1 4579.11
56 16278.4 4565.58
56.07 16291.7 4552.02
56.14 16305 4538.43
56.21 16318.2 4524.8
56.28 16331.5 4511.13
56.35 16344.7 4497.43
56.42 16357.9 4483.69
56.49 16371.1 4469.92
56.56 16384.3 4456.11
56.63 16397.5 4442.27
56.7 16410.6 4428.4
56.77 16423.8 4414.49
56.84 16436.9 4400.54
56.91 16450 4386.56
56.98 16463.1 4372.55
57.05 16476.2 4358.5
57.12 16489.3 4344.41
57.19 16502.4 4330.29
57.26 16515.5 4316.14
57.33 16528.5 4301.95
57.4 16541.5 4287.73
57.47 16554.6 4273.48
57.54 16567.6 4259.19
57.61 16580.6 4244.86
57.68 16593.6 4230.5
57.75 16606.5 4216.11
57.82 16619.5 4201.68
57.89 16632.4 4187.22
57.96 16645.4 4172.72
58.03 16658.3 4158.19
58.1 16671.2 4143.63
58.17 16684.1 4129.03
58.24 16697 4114.4
58.31 16709.9 4099.74
58.38 16722.7 4085.04
58.45 16735.6 4070.31
58.52 16748.4 4055.54
58.59 16761.2 4040.74
58.66 16774 4025.91
58.73 16786.8 4011.04
58.8 16799.6 3996.14
58.87 16812.4 3981.21
58.94 16825.2 3966.24
59.01 16837.9 3951.24
59.08 16850.6 3936.21
59.15 16863.4 3921.14
59.22 16876.1 3906.04
59.29 16888.8 3890.91
59.36 16901.5 3875.74
59.43 16914.1 3860.54
59.5 16926.8 3845.31
59.57 16939.4 3830.04
59.64 16952.1 3814.74
59.71 16964.7 3799.41
59.78 16977.3 3784.05
59.85 16989.9 3768.65
59.92 17002.5 3753.22
59.99 17015.1 3737.76
60.06 17027.6 3722.26
60.13 17040.2 3706.73
60.2 17052.7 3691.17
60.27 17065.2 3675.58
60.34 17077.7 3659.96
60.41 17090.2 3644.3
60.48 17102.7 3628.61
60.55 17115.2 3612.88
60.62 17127.6 3597.13
60.69 17140.1 3581.34
60.76 17152.5 3565.52
60.83 17164.9 3549.67
60.9 17177.3 3533.79
60.97 17189.7 3517.87
61.04 17202.1 3501.92
61.11 17214.5 3485.95
61.18 17226.9 3469.93
61.25 17239.2 3453.89
61.32 17251.5 3437.81
61.39 17263.9 3421.71
61.46 17276.2 3405.57
61.53 17288.5 3389.4
61.6 17300.7 3373.2
61.67 17313 3356.96
61.74 17325.3 3340.7
61.81 17337.5 3324.4
61.88 17349.8 3308.07
61.95 17362 3291.71
62.02 17374.2 3275.32
62.09 17386.4 3258.9
62.16 17398.6 3242.45
62.23 17410.7 3225.96
62.3 17422.9 3209.45
62.37 17435 3192.9
62.44 17447.2 3176.32
62.51 17459.3 3159.71
62.58 17471.4 3143.07
62.65 17483.5 3126.4
62.72 17495.6 3109.7
62.79 17507.7 3092.96
62.86 17519.7 3076.2
62.93 17531.8 3059.41
63 17543.8 3042.58
63.07 17555.8 3025.73
63.14 17567.8 3008.84
63.21 17579.8 2991.92
63.28 17591.8 2974.97
63.35 17603.8 2958
63.42 17615.8 2940.99
63.49 17627.7 2923.95
63.56 17639.6 2906.88
63.63 17651.6 2889.78
63.7 17663.5 2872.65
63.77 17675.4 2855.49
63.84 17687.3 2838.3
63.91 17699.1 2821.08
63.98 17711 2803.83
64.05 17722.8 2786.55
64.12 17734.7 2769.24
64.19 17746.5 2751.9
64.26 17758.3 2734.53
64.33 17770.1 2717.13
64.4 17781.9 2699.7
64.47 17793.7 2682.24
64.54 17805.4 2664.75
64.61 17817.2 2647.23
64.68 17828.9 2629.68
64.75 17840.6 2612.11
64.82 17852.3 2594.5
64.89 17864 2576.86
64.96 17875.7 2559.2
65.03 17887.4 2541.5
65.1 17899.1 2523.77
65.17 17910.7 2506.02
65.24 17922.4 2488.24
65.31 17934 2470.42
65.38 17945.6 2452.58
65.45 17957.2 2434.71
65.52 17968.8 2416.81
65.59 17980.4 2398.88
65.66 17991.9 2380.93
65.73 18003.5 2362.94
65.8 18015 2344.92
65.87 18026.5 2326.88
65.94 18038 2308.81
66.01 18049.6 2290.7
66.08 18061 2272.57
66.15 18072.5 2254.42
66.22 18084 2236.23
66.29 18095.4 2218.01
66.36 18106.9 2199.77
66.43 18118.3 2181.49
66.5 18129.7 2163.19
66.57 18141.1 2144.86
66.64 18152.5 2126.51
66.71 18163.9 2108.12
66.78 18175.3 2089.7
66.85 18186.6 2071.26
66.92 18198 2052.79
66.99 18209.3 2034.29
67.06 18220.6 2015.77
67.13 18231.9 1997.21
67.2 18243.2 1978.63
67.27 18254.5 1960.02
67.34 18265.7 1941.38
67.41 18277 1922.71
67.48 18288.2 1904.02
67.55 18299.5 1885.3
67.62 18310.7 1866.55
67.69 18321.9 1847.77
67.76 18333.1 1828.97
67.83 18344.3 1810.14
67.9 18355.4 1791.28
67.97 18366.6 1772.39
68.04 18377.7 1753.48
68.11 18388.9 1734.54
68.18 18400 1715.57
68.25 18411.1 1696.57
68.32 18422.2 1677.55
68.39 18433.3 1658.5
68.46 18444.4 1639.42
68.53 18455.4 1620.32
68.6 18466.5 1601.19
68.67 18477.5 1582.03
68.74 18488.5 1562.85
68.81 18499.5 1543.63
68.88 18510.5 1524.4
68.95 18521.5 1505.13
69.02 18532.5 1485.84
69.09 18543.5 1466.52
69.16 18554.4 1447.17
69.23 18565.3 1427.8
69.3 18576.3 1408.4
69.37 18587.2 1388.98
69.44 18598.1 1369.53
69.51 18609 1350.05
69.58 18619.9 1330.55
69.65 18630.7 1311.02
69.72 18641.6 1291.46
69.79 18652.4 1271.88
69.86 18663.2 1252.27
69.93 18674.1 1232.63
70 18684.9 1212.97
70.07 18695.7 1193.29
70.14 18706.4 1173.57
70.21 18717.2 1153.83
70.28 18728 1134.07
70.35 18738.7 1114.28
70.42 18749.4 1094.46
70.49 18760.2 1074.62
70.56 18770.9 1054.75
70.63 18781.6 1034.86
70.7 18792.2 1014.94
70.77 18802.9 994.995
70.84 18813.6 975.025
70.91 18824.2 955.029
70.98 18834.8 935.008
71.05 18845.5 914.962
71.12 18856.1 894.89
71.19 18866.7 874.793
71.26 18877.3 854.671
71.33 18887.8 834.523
71.4 18898.4 814.351
71.47 18909 794.153
71.54 18919.5 773.93
71.61 18930 753.682
71.68 18940.5 733.41
71.75 18951 713.112
71.82 18961.5 692.789
71.89 18972 672.442
71.96 18982.5 652.07
72.03 18992.9 631.673
72.1 19003.4 611.251
72.17 19013.8 590.805
72.24 19024.2 570.334
72.31 19034.6 549.839
72.38 19045 529.319
72.45 19055.4 508.775
72.52 19065.8 488.206
72.59 19076.1 467.613
72.66 19086.5 446.995
72.73 19096.8 426.353
72.8 19107.1 405.687
72.87 19117.5 384.997
72.94 19127.8 364.283
73.01 19138 343.544
73.08 19148.3 322.782
73.15 19158.6 301.995
73.22 19168.8 281.184
73.29 19179.1 260.35
73.36 19189.3 239.492
73.43 19199.5 218.609
73.5 19209.7 197.703
73.57 19219.9 176.774
73.64 19230.1 155.82
73.71 19240.3 134.843
73.78 19250.4 113.842
73.85 19260.6 92.8179
73.92 19270.7 71.77
73.99 19280.8 50.6987
74.06 19290.9 29.6039
74.13 19301 8.48574
74.1581 19305.1 1.33771e-16
