0.01 0.353553 0.352572
0.02 0.707107 0.704164
0.03 1.06066 1.05477
0.04 1.41421 1.4044
0.05 1.76777 1.75305
0.06 2.12132 2.10072
0.07 2.47487 2.44741
0.08 2.82843 2.79311
0.09 3.18198 3.13784
0.1 3.53553 3.48158
0.11 3.88909 3.82434
0.12 4.24264 4.16612
0.13 4.59619 4.50692
0.14 4.94975 4.84674
0.15 5.3033 5.18558
0.16 5.65685 5.52344
0.17 6.01041 5.86031
0.18 6.36396 6.19621
0.19 6.71751 6.53112
0.2 7.07107 6.86506
0.21 7.42462 7.19801
0.22 7.77817 7.52998
0.23 8.13173 7.86097
0.24 8.48528 8.19098
0.25 8.83883 8.52001
0.26 9.19239 8.84806
0.27 9.54594 9.17512
0.28 9.89949 9.50121
0.29 10.253 9.82631
0.3 10.6066 10.1504
0.31 10.9602 10.4736
0.32 11.3137 10.7957
0.33 11.6673 11.1169
0.34 12.0208 11.4371
0.35 12.3744 11.7563
0.36 12.7279 12.0746
0.37 13.0815 12.3918
0.38 13.435 12.7081
0.39 13.7886 13.0234
0.4 14.1421 13.3377
0.41 14.4957 13.651
0.42 14.8492 13.9634
0.43 15.2028 14.2748
0.44 15.5563 14.5852
0.45 15.9099 14.8946
0.46 16.2635 15.203
0.47 16.617 15.5104
0.48 16.9706 15.8169
0.49 17.3241 16.1224
0.5 17.6777 16.4269
0.51 18.0312 16.7304
0.52 18.3848 17.033
0.53 18.7383 17.3345
0.54 19.0919 17.6351
0.55 19.4454 17.9347
0.56 19.799 18.2333
0.57 20.1525 18.531
0.58 20.5061 18.8276
0.59 20.8597 19.1233
0.6 21.2132 19.418
0.61 21.5668 19.7117
0.62 21.9203 20.0044
0.63 22.2739 20.2962
0.64 22.6274 20.5869
0.65 22.981 20.8767
0.66 23.3345 21.1655
0.67 23.6881 21.4534
0.68 24.0416 21.7402
0.69 24.3952 22.0261
0.7 24.7487 22.311
0.71 25.1023 22.5949
0.72 25.4558 22.8778
0.73 25.8094 23.1597
0.74 26.163 23.4407
0.75 26.5165 23.7207
0.76 26.8701 23.9997
0.77 27.2236 24.2777
0.78 27.5772 24.5547
0.79 27.9307 24.8308
0.8 28.2843 25.1058
0.81 28.6378 25.3799
0.82 28.9914 25.653
0.83 29.3449 25.9252
0.84 29.6985 26.1963
0.85 30.052 26.4665
0.86 30.4056 26.7357
0.87 30.7591 27.0039
0.88 31.1127 27.2711
0.89 31.4663 27.5373
0.9 31.8198 27.8026
0.91 32.1734 28.0669
0.92 32.5269 28.3302
0.93 32.8805 28.5925
0.94 33.234 28.8539
0.95 33.5876 29.1142
0.96 33.9411 29.3736
0.97 34.2947 29.632
0.98 34.6482 29.8894
0.99 35.0018 30.1458
1 35.3553 30.4013
1.01 35.7089 30.6558
1.02 36.0624 30.9093
1.03 36.416 31.1618
1.04 36.7696 31.4133
1.05 37.1231 31.6638
1.06 37.4767 31.9134
1.07 37.8302 32.162
1.08 38.1838 32.4096
1.09 38.5373 32.6562
1.1 38.8909 32.9019
1.11 39.2444 33.1465
1.12 39.598 33.3902
1.13 39.9515 33.6329
1.14 40.3051 33.8746
1.15 40.6586 34.1154
1.16 41.0122 34.3551
1.17 41.3657 34.5939
1.18 41.7193 34.8317
1.19 42.0729 35.0685
1.2 42.4264 35.3043
1.21 42.78 35.5392
1.22 43.1335 35.7731
1.23 43.4871 36.006
1.24 43.8406 36.2379
1.25 44.1942 36.4688
1.26 44.5477 36.6987
1.27 44.9013 36.9277
1.28 45.2548 37.1557
1.29 45.6084 37.3827
1.3 45.9619 37.6087
1.31 46.3155 37.8338
1.32 46.669 38.0578
1.33 47.0226 38.2809
1.34 47.3762 38.503
1.35 47.7297 38.7241
1.36 48.0833 38.9443
1.37 48.4368 39.1634
1.38 48.7904 39.3816
1.39 49.1439 39.5988
1.4 49.4975 39.815
1.41 49.851 40.0302
1.42 50.2046 40.2445
1.43 50.5581 40.4578
1.44 50.9117 40.67
1.45 51.2652 40.8814
1.46 51.6188 41.0917
1.47 51.9723 41.301
1.48 52.3259 41.5094
1.49 52.6795 41.7168
1.5 53.033 41.9232
1.51 53.3866 42.1286
1.52 53.7401 42.333
1.53 54.0937 42.5365
1.54 54.4472 42.739
1.55 54.8008 42.9405
1.56 55.1543 43.141
1.57 55.5079 43.3405
1.58 55.8614 43.5391
1.59 56.215 43.7367
1.6 56.5685 43.9333
1.61 56.9221 44.1289
1.62 57.2756 44.3235
1.63 57.6292 44.5172
1.64 57.9828 44.7098
1.65 58.3363 44.9015
1.66 58.6899 45.0922
1.67 59.0434 45.2819
1.68 59.397 45.4707
1.69 59.7505 45.6585
1.7 60.1041 45.8452
1.71 60.4576 46.031
1.72 60.8112 46.2159
1.73 61.1647 46.3997
1.74 61.5183 46.5826
1.75 61.8718 46.7644
1.76 62.2254 46.9453
1.77 62.579 47.1253
1.78 62.9325 47.3042
1.79 63.2861 47.4821
1.8 63.6396 47.6591
1.81 63.9932 47.8351
1.82 64.3467 48.0101
1.83 64.7003 48.1842
1.84 65.0538 48.3572
1.85 65.4074 48.5293
1.86 65.7609 48.7004
1.87 66.1145 48.8705
1.88 66.468 49.0396
1.89 66.8216 49.2077
1.9 67.1751 49.3749
1.91 67.5287 49.5411
1.92 67.8823 49.7063
1.93 68.2358 49.8705
1.94 68.5894 50.0337
1.95 68.9429 50.196
1.96 69.2965 50.3573
1.97 69.65 50.5176
1.98 70.0036 50.6769
1.99 70.3571 50.8352
2 70.7107 50.9926
2.01 71.0642 51.149
2.02 71.4178 51.3043
2.03 71.7713 51.4588
2.04 72.1249 51.6122
2.05 72.4784 51.7646
2.06 72.832 51.9161
2.07 73.1856 52.0666
2.08 73.5391 52.2161
2.09 73.8927 52.3646
2.1 74.2462 52.5122
2.11 74.5998 52.6587
2.12 74.9533 52.8043
2.13 75.3069 52.9489
2.14 75.6604 53.0925
2.15 76.014 53.2352
2.16 76.3675 53.3768
2.17 76.7211 53.5175
2.18 77.0746 53.6572
2.19 77.4282 53.7959
2.2 77.7817 53.9336
2.21 78.1353 54.0704
2.22 78.4889 54.2062
2.23 78.8424 54.341
2.24 79.196 54.4748
2.25 79.5495 54.6076
2.26 79.9031 54.7394
2.27 80.2566 54.8703
2.28 80.6102 55.0002
2.29 80.9637 55.1291
2.3 81.3173 55.257
2.31 81.6708 55.384
2.32 82.0244 55.5099
2.33 82.3779 55.6349
2.34 82.7315 55.7589
2.35 83.085 55.8819
2.36 83.4386 56.004
2.37 83.7922 56.125
2.38 84.1457 56.2451
2.39 84.4993 56.3642
2.4 84.8528 56.4823
2.41 85.2064 56.5994
2.42 85.5599 56.7156
2.43 85.9135 56.8307
2.44 86.267 56.9449
2.45 86.6206 57.0581
2.46 86.9741 57.1704
2.47 87.3277 57.2816
2.48 87.6812 57.3919
2.49 88.0348 57.5012
2.5 88.3883 57.6095
2.51 88.7419 57.7168
2.52 89.0955 57.8231
2.53 89.449 57.9285
2.54 89.8026 58.0329
2.55 90.1561 58.1363
2.56 90.5097 58.2387
2.57 90.8632 58.3401
2.58 91.2168 58.4406
2.59 91.5703 58.5401
2.6 91.9239 58.6386
2.61 92.2774 58.7361
2.62 92.631 58.8326
2.63 92.9845 58.9281
2.64 93.3381 59.0227
2.65 93.6916 59.1163
2.66 94.0452 59.2089
2.67 94.3988 59.3005
2.68 94.7523 59.3912
2.69 95.1059 59.4808
2.7 95.4594 59.5695
2.71 95.813 59.6572
2.72 96.1665 59.744
2.73 96.5201 59.8297
2.74 96.8736 59.9145
2.75 97.2272 59.9982
2.76 97.5807 60.081
2.77 97.9343 60.1628
2.78 98.2878 60.2437
2.79 98.6414 60.3235
2.8 98.9949 60.4024
2.81 99.3485 60.4803
2.82 99.7021 60.5572
2.83 100.056 60.6331
2.84 100.409 60.7081
2.85 100.763 60.7821
2.86 101.116 60.855
2.87 101.47 60.9271
2.88 101.823 60.9981
2.89 102.177 61.0681
2.9 102.53 61.1372
2.91 102.884 61.2053
2.92 103.238 61.2724
2.93 103.591 61.3385
2.94 103.945 61.4036
2.95 104.298 61.4678
2.96 104.652 61.531
2.97 105.005 61.5932
2.98 105.359 61.6544
2.99 105.712 61.7146
3 106.066 61.7739
3.01 106.42 61.8321
3.02 106.773 61.8894
3.03 107.127 61.9457
3.04 107.48 62.0011
3.05 107.834 62.0554
3.06 108.187 62.1088
3.07 108.541 62.1612
3.08 108.894 62.2126
3.09 109.248 62.263
3.1 109.602 62.3124
3.11 109.955 62.3609
3.12 110.309 62.4084
3.13 110.662 62.4549
3.14 111.016 62.5004
3.15 111.369 62.5449
3.16 111.723 62.5885
3.17 112.076 62.6311
3.18 112.43 62.6727
3.19 112.784 62.7133
3.2 113.137 62.7529
3.21 113.491 62.7916
3.22 113.844 62.8292
3.23 114.198 62.8659
3.24 114.551 62.9016
3.25 114.905 62.9364
3.26 115.258 62.9701
3.27 115.612 63.0029
3.28 115.966 63.0347
3.29 116.319 63.0655
3.3 116.673 63.0953
3.31 117.026 63.1241
3.32 117.38 63.152
3.33 117.733 63.1789
3.34 118.087 63.2048
3.35 118.44 63.2297
3.36 118.794 63.2536
3.37 119.147 63.2766
3.38 119.501 63.2986
3.39 119.855 63.3196
3.4 120.208 63.3396
3.41 120.562 63.3586
3.42 120.915 63.3767
3.43 121.269 63.3937
3.44 121.622 63.4098
3.45 121.976 63.4249
3.46 122.329 63.4391
3.47 122.683 63.4522
3.48 123.037 63.4644
3.49 123.39 63.4756
3.5 123.744 63.4858
3.51 124.097 63.495
3.52 124.451 63.5032
3.53 124.804 63.5105
3.54 125.158 63.5168
3.55 125.511 63.5221
3.56 125.865 63.5264
3.57 126.219 63.5297
3.58 126.572 63.5321
3.59 126.926 63.5334
3.6 127.279 63.5338
3.61 127.633 63.5333
3.62 127.986 63.5317
3.63 128.34 63.5291
3.64 128.693 63.5256
3.65 129.047 63.5211
3.66 129.401 63.5156
3.67 129.754 63.5091
3.68 130.108 63.5017
3.69 130.461 63.4932
3.7 130.815 63.4838
3.71 131.168 63.4734
3.72 131.522 63.462
3.73 131.875 63.4497
3.74 132.229 63.4363
3.75 132.583 63.422
3.76 132.936 63.4067
3.77 133.29 63.3904
3.78 133.643 63.3732
3.79 133.997 63.3549
3.8 134.35 63.3357
3.81 134.704 63.3155
3.82 135.057 63.2943
3.83 135.411 63.2721
3.84 135.765 63.249
3.85 136.118 63.2249
3.86 136.472 63.1997
3.87 136.825 63.1736
3.88 137.179 63.1466
3.89 137.532 63.1185
3.9 137.886 63.0895
3.91 138.239 63.0595
3.92 138.593 63.0285
3.93 138.946 62.9965
3.94 139.3 62.9635
3.95 139.654 62.9296
3.96 140.007 62.8947
3.97 140.361 62.8588
3.98 140.714 62.8219
3.99 141.068 62.784
4 141.421 62.7452
4.01 141.775 62.7053
4.02 142.128 62.6645
4.03 142.482 62.6227
4.04 142.836 62.58
4.05 143.189 62.5362
4.06 143.543 62.4915
4.07 143.896 62.4458
4.08 144.25 62.3991
4.09 144.603 62.3514
4.1 144.957 62.3027
4.11 145.31 62.2531
4.12 145.664 62.2025
4.13 146.018 62.1509
4.14 146.371 62.0983
4.15 146.725 62.0447
4.16 147.078 61.9902
4.17 147.432 61.9347
4.18 147.785 61.8782
4.19 148.139 61.8207
4.2 148.492 61.7622
4.21 148.846 61.7028
4.22 149.2 61.6423
4.23 149.553 61.5809
4.24 149.907 61.5185
4.25 150.26 61.4552
4.26 150.614 61.3908
4.27 150.967 61.3255
4.28 151.321 61.2592
4.29 151.674 61.1919
4.3 152.028 61.1236
4.31 152.382 61.0543
4.32 152.735 60.9841
4.33 153.089 60.9129
4.34 153.442 60.8407
4.35 153.796 60.7675
4.36 154.149 60.6933
4.37 154.503 60.6182
4.38 154.856 60.5421
4.39 155.21 60.465
4.4 155.563 60.3869
4.41 155.917 60.3078
4.42 156.271 60.2278
4.43 156.624 60.1467
4.44 156.978 60.0647
4.45 157.331 59.9817
4.46 157.685 59.8978
4.47 158.038 59.8128
4.48 158.392 59.7269
4.49 158.745 59.6399
4.5 159.099 59.5521
4.51 159.453 59.4632
4.52 159.806 59.3733
4.53 160.16 59.2825
4.54 160.513 59.1907
4.55 160.867 59.0979
4.56 161.22 59.0041
4.57 161.574 58.9093
4.58 161.927 58.8136
4.59 162.281 58.7168
4.6 162.635 58.6191
4.61 162.988 58.5204
4.62 163.342 58.4208
4.63 163.695 58.3201
4.64 164.049 58.2185
4.65 164.402 58.1159
4.66 164.756 58.0123
4.67 165.109 57.9077
4.68 165.463 57.8022
4.69 165.817 57.6956
4.7 166.17 57.5881
4.71 166.524 57.4796
4.72 166.877 57.3701
4.73 167.231 57.2597
4.74 167.584 57.1482
4.75 167.938 57.0358
4.76 168.291 56.9224
4.77 168.645 56.808
4.78 168.999 56.6927
4.79 169.352 56.5763
4.8 169.706 56.459
4.81 170.059 56.3407
4.82 170.413 56.2214
4.83 170.766 56.1011
4.84 171.12 55.9799
4.85 171.473 55.8576
4.86 171.827 55.7344
4.87 172.181 55.6102
4.88 172.534 55.4851
4.89 172.888 55.3589
4.9 173.241 55.2318
4.91 173.595 55.1036
4.92 173.948 54.9746
4.93 174.302 54.8445
4.94 174.655 54.7134
4.95 175.009 54.5814
4.96 175.362 54.4483
4.97 175.716 54.3143
4.98 176.07 54.1794
4.99 176.423 54.0434
5 176.777 53.9064
5.01 177.13 53.7685
5.02 177.484 53.6296
5.03 177.837 53.4897
5.04 178.191 53.3488
5.05 178.544 53.207
5.06 178.898 53.0642
5.07 179.252 52.9204
5.08 179.605 52.7756
5.09 179.959 52.6298
5.1 180.312 52.483
5.11 180.666 52.3353
5.12 181.019 52.1866
5.13 181.373 52.0369
5.14 181.726 51.8862
5.15 182.08 51.7345
5.16 182.434 51.5819
5.17 182.787 51.4283
5.18 183.141 51.2737
5.19 183.494 51.1181
5.2 183.848 50.9615
5.21 184.201 50.804
5.22 184.555 50.6454
5.23 184.908 50.4859
5.24 185.262 50.3254
5.25 185.616 50.164
5.26 185.969 50.0015
5.27 186.323 49.8381
5.28 186.676 49.6737
5.29 187.03 49.5083
5.3 187.383 49.3419
5.31 187.737 49.1745
5.32 188.09 49.0062
5.33 188.444 48.8369
5.34 188.798 48.6666
5.35 189.151 48.4953
5.36 189.505 48.323
5.37 189.858 48.1498
5.38 190.212 47.9756
5.39 190.565 47.8003
5.4 190.919 47.6242
5.41 191.272 47.447
5.42 191.626 47.2688
5.43 191.979 47.0897
5.44 192.333 46.9096
5.45 192.687 46.7285
5.46 193.04 46.5464
5.47 193.394 46.3634
5.48 193.747 46.1794
5.49 194.101 45.9943
5.5 194.454 45.8083
5.51 194.808 45.6214
5.52 195.161 45.4334
5.53 195.515 45.2445
5.54 195.869 45.0545
5.55 196.222 44.8636
5.56 196.576 44.6718
5.57 196.929 44.4789
5.58 197.283 44.2851
5.59 197.636 44.0902
5.6 197.99 43.8944
5.61 198.343 43.6976
5.62 198.697 43.4999
5.63 199.051 43.3011
5.64 199.404 43.1014
5.65 199.758 42.9007
5.66 200.111 42.699
5.67 200.465 42.4963
5.68 200.818 42.2926
5.69 201.172 42.088
5.7 201.525 41.8824
5.71 201.879 41.6758
5.72 202.233 41.4682
5.73 202.586 41.2597
5.74 202.94 41.0501
5.75 203.293 40.8396
5.76 203.647 40.6281
5.77 204 40.4156
5.78 204.354 40.2021
5.79 204.707 39.9877
5.8 205.061 39.7723
5.81 205.415 39.5559
5.82 205.768 39.3385
5.83 206.122 39.1201
5.84 206.475 38.9008
5.85 206.829 38.6804
5.86 207.182 38.4591
5.87 207.536 38.2368
5.88 207.889 38.0135
5.89 208.243 37.7893
5.9 208.597 37.5641
5.91 208.95 37.3378
5.92 209.304 37.1106
5.93 209.657 36.8825
5.94 210.011 36.6533
5.95 210.364 36.4232
5.96 210.718 36.192
5.97 211.071 35.9599
5.98 211.425 35.7268
5.99 211.778 35.4928
6 212.132 35.2577
6.01 212.486 35.0217
6.02 212.839 34.7847
6.03 213.193 34.5467
6.04 213.546 34.3077
6.05 213.9 34.0678
6.06 214.253 33.8269
6.07 214.607 33.5849
6.08 214.96 33.342
6.09 215.314 33.0982
6.1 215.668 32.8533
6.11 216.021 32.6075
6.12 216.375 32.3607
6.13 216.728 32.1129
6.14 217.082 31.8641
6.15 217.435 31.6143
6.16 217.789 31.3636
6.17 218.142 31.1118
6.18 218.496 30.8591
6.19 218.85 30.6055
6.2 219.203 30.3508
6.21 219.557 30.0951
6.22 219.91 29.8385
6.23 220.264 29.5809
6.24 220.617 29.3223
6.25 220.971 29.0627
6.26 221.324 28.8022
6.27 221.678 28.5407
6.28 222.032 28.2781
6.29 222.385 28.0146
6.3 222.739 27.7502
6.31 223.092 27.4847
6.32 223.446 27.2183
6.33 223.799 26.9509
6.34 224.153 26.6825
6.35 224.506 26.4131
6.36 224.86 26.1427
6.37 225.214 25.8714
6.38 225.567 25.599
6.39 225.921 25.3257
6.4 226.274 25.0514
6.41 226.628 24.7762
6.42 226.981 24.4999
6.43 227.335 24.2227
6.44 227.688 23.9445
6.45 228.042 23.6653
6.46 228.395 23.3851
6.47 228.749 23.104
6.48 229.103 22.8218
6.49 229.456 22.5387
6.5 229.81 22.2546
6.51 230.163 21.9696
6.52 230.517 21.6835
6.53 230.87 21.3965
6.54 231.224 21.1084
6.55 231.577 20.8194
6.56 231.931 20.5294
6.57 232.285 20.2385
6.58 232.638 19.9465
6.59 232.992 19.6536
6.6 233.345 19.3597
6.61 233.699 19.0648
6.62 234.052 18.769
6.63 234.406 18.4721
6.64 234.759 18.1743
6.65 235.113 17.8755
6.66 235.467 17.5757
6.67 235.82 17.2749
6.68 236.174 16.9731
6.69 236.527 16.6704
6.7 236.881 16.3667
6.71 237.234 16.062
6.72 237.588 15.7563
6.73 237.941 15.4497
6.74 238.295 15.142
6.75 238.649 14.8334
6.76 239.002 14.5238
6.77 239.356 14.2132
6.78 239.709 13.9016
6.79 240.063 13.5891
6.8 240.416 13.2756
6.81 240.77 12.9611
6.82 241.123 12.6456
6.83 241.477 12.3291
6.84 241.831 12.0116
6.85 242.184 11.6932
6.86 242.538 11.3738
6.87 242.891 11.0534
6.88 243.245 10.732
6.89 243.598 10.4097
6.9 243.952 10.0863
6.91 244.305 9.76203
6.92 244.659 9.43673
6.93 245.012 9.11045
6.94 245.366 8.78319
6.95 245.72 8.45495
6.96 246.073 8.12572
6.97 246.427 7.79552
6.98 246.78 7.46434
6.99 247.134 7.13217
7 247.487 6.79902
7.01 247.841 6.4649
7.02 248.194 6.12979
7.03 248.548 5.7937
7.04 248.902 5.45663
7.05 249.255 5.11858
7.06 249.609 4.77954
7.07 249.962 4.43953
7.08 250.316 4.09853
7.09 250.669 3.75656
7.1 251.023 3.4136
7.11 251.376 3.06966
7.12 251.73 2.72475
7.13 252.084 2.37885
7.14 252.437 2.03197
7.15 252.791 1.6841
7.16 253.144 1.33526
7.17 253.498 0.985438
7.18 253.851 0.634633
7.19 254.205 0.282848
7.19802 254.488 -8.76245e-18
