0.07 4.94975 4.94975
0.14 9.86485 9.81678
0.21 14.7459 14.6021
0.28 19.5937 19.3066
0.35 24.4087 23.9313
0.42 29.1915 28.477
0.49 33.9428 32.9446
0.56 38.6631 37.3351
0.63 43.353 41.6492
0.7 48.0129 45.8877
0.77 52.6436 50.0514
0.84 57.2454 54.1412
0.91 61.8188 58.1577
0.98 66.3644 62.1017
1.05 70.8827 65.9739
1.12 75.3741 69.775
1.19 79.839 73.5056
1.26 84.278 77.1665
1.33 88.6915 80.7582
1.4 93.0798 84.2814
1.47 97.4434 87.7368
1.54 101.783 91.1248
1.61 106.098 94.4461
1.68 110.39 97.7013
1.75 114.659 100.891
1.82 118.905 104.015
1.89 123.129 107.075
1.96 127.33 110.071
2.03 131.51 113.004
2.1 135.669 115.873
2.17 139.807 118.68
2.24 143.924 121.424
2.31 148.02 124.107
2.38 152.097 126.729
2.45 156.153 129.29
2.52 160.191 131.791
2.59 164.209 134.232
2.66 168.208 136.613
2.73 172.189 138.935
2.8 176.151 141.198
2.87 180.095 143.403
2.94 184.021 145.55
3.01 187.93 147.639
3.08 191.822 149.671
3.15 195.696 151.646
3.22 199.554 153.564
3.29 203.395 155.426
3.36 207.219 157.232
3.43 211.027 158.982
3.5 214.82 160.677
3.57 218.597 162.316
3.64 222.358 163.901
3.71 226.103 165.431
3.78 229.834 166.907
3.85 233.55 168.329
3.92 237.25 169.698
3.99 240.937 171.012
4.06 244.608 172.274
4.13 248.266 173.483
4.2 251.909 174.639
4.27 255.539 175.742
4.34 259.155 176.793
4.41 262.757 177.792
4.48 266.345 178.74
4.55 269.921 179.635
4.62 273.483 180.48
4.69 277.032 181.273
4.76 280.568 182.015
4.83 284.092 182.707
4.9 287.603 183.348
4.97 291.101 183.938
5.04 294.587 184.479
5.11 298.06 184.969
5.18 301.522 185.41
5.25 304.971 185.801
5.32 308.408 186.143
5.39 311.834 186.435
5.46 315.248 186.678
5.53 318.65 186.873
5.6 322.04 187.019
5.67 325.419 187.116
5.74 328.786 187.164
5.81 332.142 187.165
5.88 335.487 187.117
5.95 338.821 187.022
6.02 342.144 186.879
6.09 345.455 186.688
6.16 348.756 186.45
6.23 352.045 186.164
6.3 355.324 185.831
6.37 358.592 185.452
6.44 361.849 185.025
6.51 365.096 184.552
6.58 368.331 184.033
6.65 371.557 183.467
6.72 374.771 182.854
6.79 377.976 182.196
6.86 381.169 181.492
6.93 384.352 180.742
7 387.525 179.946
7.07 390.688 179.105
7.14 393.84 178.219
7.21 396.982 177.287
7.28 400.113 176.311
7.35 403.234 175.289
7.42 406.345 174.223
7.49 409.446 173.112
7.56 412.536 171.957
7.63 415.617 170.758
7.7 418.687 169.515
7.77 421.747 168.227
7.84 424.797 166.896
7.91 427.836 165.521
7.98 430.866 164.103
8.05 433.885 162.641
8.12 436.894 161.136
8.19 439.894 159.588
8.26 442.883 157.998
8.33 445.861 156.364
8.4 448.83 154.688
8.47 451.789 152.97
8.54 454.737 151.21
8.61 457.676 149.407
8.68 460.604 147.563
8.75 463.522 145.677
8.82 466.43 143.75
8.89 469.328 141.781
8.96 472.216 139.771
9.03 475.093 137.72
9.1 477.961 135.628
9.17 480.818 133.495
9.24 483.665 131.322
9.31 486.502 129.109
9.38 489.328 126.856
9.45 492.145 124.562
9.52 494.951 122.229
9.59 497.747 119.857
9.66 500.532 117.445
9.73 503.308 114.994
9.8 506.073 112.504
9.87 508.828 109.975
9.94 511.572 107.407
10.01 514.306 104.801
10.08 517.03 102.157
10.15 519.744 99.475
10.22 522.447 96.755
10.29 525.14 93.9973
10.36 527.822 91.2022
10.43 530.494 88.3698
10.5 533.156 85.5005
10.57 535.807 82.5942
10.64 538.448 79.6514
10.71 541.078 76.6721
10.78 543.698 73.6565
10.85 546.308 70.605
10.92 548.907 67.5176
10.99 551.495 64.3946
11.06 554.073 61.2362
11.13 556.641 58.0427
11.2 559.198 54.8141
11.27 561.744 51.5508
11.34 564.28 48.2529
11.41 566.805 44.9207
11.48 569.32 41.5543
11.55 571.824 38.154
11.62 574.318 34.72
11.69 576.801 31.2525
11.76 579.273 27.7517
11.83 581.735 24.2178
11.9 584.186 20.6511
11.97 586.627 17.0518
12.04 589.057 13.42
12.11 591.476 9.7561
12.18 593.885 6.06017
12.25 596.283 2.33248
12.2934 597.765 5.47228e-17
