0.07 4.94975 4.94975
0.14 9.89257 9.8445
0.21 14.8285 14.6844
0.28 19.7576 19.4695
0.35 24.68 24.1999
0.42 29.5956 28.8759
0.49 34.5045 33.4974
0.56 39.4069 38.0646
0.63 44.3026 42.5777
0.7 49.1919 47.0366
0.77 54.0747 51.4416
0.84 58.951 55.7927
0.91 63.821 60.0901
0.98 68.6846 64.3338
1.05 73.542 68.524
1.12 78.3932 72.6607
1.19 83.2381 76.7441
1.26 88.0769 80.7742
1.33 92.9097 84.7512
1.4 97.7363 88.6751
1.47 102.557 92.5461
1.54 107.372 96.3643
1.61 112.181 100.13
1.68 116.983 103.842
1.75 121.781 107.502
1.82 126.572 111.11
1.89 131.357 114.665
1.96 136.137 118.168
2.03 140.911 121.619
2.1 145.68 125.018
2.17 150.443 128.364
2.24 155.2 131.659
2.31 159.952 134.901
2.38 164.699 138.092
2.45 169.44 141.231
2.52 174.175 144.319
2.59 178.906 147.355
2.66 183.631 150.339
2.73 188.35 153.273
2.8 193.065 156.154
2.87 197.774 158.985
2.94 202.478 161.764
3.01 207.177 164.492
3.08 211.871 167.17
3.15 216.559 169.796
3.22 221.243 172.371
3.29 225.922 174.896
3.36 230.595 177.369
3.43 235.264 179.792
3.5 239.928 182.165
3.57 244.587 184.487
3.64 249.241 186.758
3.71 253.89 188.979
3.78 258.535 191.15
3.85 263.175 193.27
3.92 267.81 195.34
3.99 272.44 197.36
4.06 277.066 199.33
4.13 281.687 201.25
4.2 286.303 203.12
4.27 290.915 204.939
4.34 295.522 206.709
4.41 300.125 208.43
4.48 304.723 210.1
4.55 309.316 211.721
4.62 313.905 213.292
4.69 318.49 214.813
4.76 323.07 216.285
4.83 327.646 217.708
4.9 332.218 219.081
4.97 336.785 220.404
5.04 341.347 221.678
5.11 345.906 222.903
5.18 350.46 224.079
5.25 355.01 225.206
5.32 359.555 226.283
5.39 364.097 227.312
5.46 368.634 228.291
5.53 373.167 229.222
5.6 377.696 230.103
5.67 382.22 230.936
5.74 386.74 231.719
5.81 391.257 232.454
5.88 395.769 233.141
5.95 400.277 233.778
6.02 404.78 234.367
6.09 409.28 234.907
6.16 413.776 235.399
6.23 418.268 235.842
6.3 422.755 236.237
6.37 427.239 236.583
6.44 431.718 236.881
6.51 436.194 237.131
6.58 440.665 237.332
6.65 445.132 237.485
6.72 449.596 237.59
6.79 454.055 237.647
6.86 458.511 237.655
6.93 462.962 237.616
7 467.41 237.528
7.07 471.854 237.393
7.14 476.293 237.209
7.21 480.729 236.978
7.28 485.161 236.699
7.35 489.588 236.372
7.42 494.012 235.997
7.49 498.432 235.574
7.56 502.848 235.104
7.63 507.26 234.586
7.7 511.669 234.021
7.77 516.073 233.407
7.84 520.473 232.747
7.91 524.87 232.039
7.98 529.262 231.283
8.05 533.651 230.48
8.12 538.036 229.63
8.19 542.416 228.732
8.26 546.793 227.787
8.33 551.166 226.795
8.4 555.535 225.756
8.47 559.9 224.67
8.54 564.262 223.536
8.61 568.619 222.356
8.68 572.972 221.128
8.75 577.321 219.854
8.82 581.667 218.532
8.89 586.008 217.164
8.96 590.346 215.749
9.03 594.679 214.287
9.1 599.009 212.778
9.17 603.335 211.223
9.24 607.656 209.621
9.31 611.974 207.972
9.38 616.288 206.277
9.45 620.597 204.536
9.52 624.903 202.748
9.59 629.205 200.913
9.66 633.502 199.033
9.73 637.796 197.105
9.8 642.086 195.132
9.87 646.371 193.113
9.94 650.653 191.047
10.01 654.93 188.935
10.08 659.203 186.777
10.15 663.472 184.573
10.22 667.738 182.324
10.29 671.999 180.028
10.36 676.255 177.686
10.43 680.508 175.299
10.5 684.757 172.866
10.57 689.001 170.387
10.64 693.241 167.863
10.71 697.477 165.293
10.78 701.709 162.677
10.85 705.937 160.016
10.92 710.16 157.31
10.99 714.38 154.558
11.06 718.595 151.761
11.13 722.805 148.919
11.2 727.012 146.031
11.27 731.214 143.099
11.34 735.412 140.121
11.41 739.605 137.098
11.48 743.794 134.031
11.55 747.979 130.918
11.62 752.16 127.761
11.69 756.336 124.559
11.76 760.507 121.312
11.83 764.674 118.021
11.9 768.837 114.685
11.97 772.996 111.304
12.04 777.15 107.879
12.11 781.299 104.41
12.18 785.444 100.896
12.25 789.585 97.3384
12.32 793.72 93.7363
12.39 797.852 90.0901
12.46 801.979 86.3999
12.53 806.101 82.6657
12.6 810.219 78.8875
12.67 814.332 75.0656
12.74 818.44 71.1998
12.81 822.544 67.2903
12.88 826.643 63.3372
12.95 830.738 59.3406
13.02 834.828 55.3004
13.09 838.913 51.2168
13.16 842.993 47.0899
13.23 847.069 42.9197
13.3 851.14 38.7063
13.37 855.206 34.4497
13.44 859.267 30.1501
13.51 863.324 25.8075
13.58 867.376 21.422
13.65 871.423 16.9937
13.72 875.465 12.5226
13.79 879.502 8.00881
13.86 883.534 3.45244
13.9125 886.557 -1.93651e-16
