0.07 4.94975 4.94975
0.14 9.88217 9.8341
0.21 14.7975 14.6534
0.28 19.6959 19.4081
0.35 24.5775 24.0985
0.42 29.4427 28.7249
0.49 34.2915 33.2878
0.56 39.1242 37.7873
0.63 43.9409 42.224
0.7 48.7418 46.598
0.77 53.5272 50.9098
0.84 58.2971 55.1596
0.91 63.0518 59.3478
0.98 67.7914 63.4747
1.05 72.5162 67.5405
1.12 77.2262 71.5455
1.19 81.9217 75.4902
1.26 86.6027 79.3746
1.33 91.2696 83.1992
1.4 95.9223 86.9641
1.47 100.561 90.6698
1.54 105.186 94.3163
1.61 109.798 97.9041
1.68 114.396 101.433
1.75 118.98 104.904
1.82 123.552 108.317
1.89 128.11 111.672
1.96 132.656 114.97
2.03 137.188 118.21
2.1 141.708 121.393
2.17 146.216 124.519
2.24 150.711 127.589
2.31 155.194 130.602
2.38 159.665 133.559
2.45 164.124 136.459
2.52 168.571 139.305
2.59 173.007 142.094
2.66 177.43 144.828
2.73 181.843 147.507
2.8 186.243 150.131
2.87 190.633 152.701
2.94 195.011 155.215
3.01 199.379 157.675
3.08 203.735 160.081
3.15 208.081 162.433
3.22 212.416 164.731
3.29 216.74 166.976
3.36 221.053 169.167
3.43 225.357 171.304
3.5 229.649 173.388
3.57 233.932 175.419
3.64 238.205 177.398
3.71 242.467 179.323
3.78 246.719 181.196
3.85 250.962 183.017
3.92 255.195 184.785
3.99 259.418 186.501
4.06 263.631 188.166
4.13 267.835 189.778
4.2 272.03 191.339
4.27 276.215 192.848
4.34 280.391 194.305
4.41 284.557 195.712
4.48 288.714 197.067
4.55 292.863 198.371
4.62 297.002 199.624
4.69 301.132 200.827
4.76 305.254 201.979
4.83 309.366 203.08
4.9 313.47 204.131
4.97 317.565 205.132
5.04 321.652 206.082
5.11 325.73 206.983
5.18 329.799 207.833
5.25 333.86 208.634
5.32 337.913 209.384
5.39 341.957 210.086
5.46 345.993 210.737
5.53 350.02 211.34
5.6 354.04 211.893
5.67 358.051 212.397
5.74 362.054 212.851
5.81 366.049 213.257
5.88 370.037 213.614
5.95 374.016 213.922
6.02 377.987 214.182
6.09 381.95 214.392
6.16 385.906 214.555
6.23 389.853 214.669
6.3 393.793 214.734
6.37 397.725 214.752
6.44 401.649 214.721
6.51 405.566 214.643
6.58 409.475 214.516
6.65 413.376 214.342
6.72 417.27 214.12
6.79 421.156 213.85
6.86 425.034 213.532
6.93 428.905 213.168
7 432.769 212.756
7.07 436.625 212.296
7.14 440.473 211.79
7.21 444.314 211.236
7.28 448.148 210.635
7.35 451.974 209.988
7.42 455.792 209.294
7.49 459.604 208.553
7.56 463.408 207.765
7.63 467.204 206.931
7.7 470.993 206.05
7.77 474.775 205.123
7.84 478.549 204.15
7.91 482.316 203.13
7.98 486.076 202.065
8.05 489.828 200.953
8.12 493.573 199.796
8.19 497.311 198.592
8.26 501.041 197.343
8.33 504.764 196.049
8.4 508.48 194.709
8.47 512.188 193.323
8.54 515.889 191.893
8.61 519.582 190.416
8.68 523.269 188.895
8.75 526.948 187.329
8.82 530.619 185.718
8.89 534.283 184.062
8.96 537.94 182.361
9.03 541.589 180.616
9.1 545.232 178.826
9.17 548.866 176.992
9.24 552.493 175.113
9.31 556.113 173.19
9.38 559.726 171.223
9.45 563.331 169.212
9.52 566.928 167.157
9.59 570.518 165.058
9.66 574.101 162.916
9.73 577.676 160.729
9.8 581.244 158.5
9.87 584.804 156.227
9.94 588.357 153.911
10.01 591.902 151.551
10.08 595.44 149.149
10.15 598.97 146.703
10.22 602.492 144.215
10.29 606.007 141.684
10.36 609.514 139.111
10.43 613.014 136.495
10.5 616.506 133.837
10.57 619.99 131.136
10.64 623.466 128.393
10.71 626.935 125.609
10.78 630.397 122.782
10.85 633.85 119.914
10.92 637.296 117.004
10.99 640.734 114.053
11.06 644.164 111.06
11.13 647.586 108.026
11.2 651.001 104.951
11.27 654.407 101.834
11.34 657.806 98.6772
11.41 661.197 95.4794
11.48 664.58 92.241
11.55 667.955 88.9621
11.62 671.322 85.6428
11.69 674.682 82.2833
11.76 678.033 78.8837
11.83 681.376 75.4442
11.9 684.711 71.9648
11.97 688.038 68.4458
12.04 691.358 64.8872
12.11 694.669 61.2892
12.18 697.972 57.6519
12.25 701.266 53.9755
12.32 704.553 50.2601
12.39 707.832 46.5058
12.46 711.102 42.7128
12.53 714.364 38.8813
12.6 717.618 35.0113
12.67 720.864 31.1031
12.74 724.101 27.1567
12.81 727.331 23.1723
12.88 730.552 19.15
12.95 733.764 15.0901
13.02 736.969 10.9926
13.09 740.165 6.85765
13.16 743.352 2.68547
13.2047 745.381 1.91106e-16
