0.07 4.94975 4.94975
0.14 9.89603 9.84796
0.21 14.8389 14.6947
0.28 19.7783 19.49
0.35 24.7143 24.2339
0.42 29.6469 28.9266
0.49 34.5762 33.5679
0.56 39.5022 38.1581
0.63 44.4248 42.6971
0.7 49.3441 47.1849
0.77 54.2602 51.6218
0.84 59.173 56.0076
0.91 64.0825 60.3424
0.98 68.9889 64.6264
1.05 73.892 68.8595
1.12 78.792 73.0418
1.19 83.6888 77.1733
1.26 88.5825 81.2541
1.33 93.4731 85.2842
1.4 98.3605 89.2637
1.47 103.245 93.1927
1.54 108.126 97.0711
1.61 113.005 100.899
1.68 117.88 104.676
1.75 122.752 108.404
1.82 127.621 112.08
1.89 132.488 115.707
1.96 137.351 119.283
2.03 142.211 122.809
2.1 147.069 126.284
2.17 151.923 129.71
2.24 156.775 133.085
2.31 161.624 136.411
2.38 166.47 139.686
2.45 171.313 142.912
2.52 176.153 146.087
2.59 180.991 149.213
2.66 185.826 152.288
2.73 190.658 155.314
2.8 195.487 158.29
2.87 200.313 161.216
2.94 205.137 164.093
3.01 209.958 166.92
3.08 214.776 169.697
3.15 219.592 172.425
3.22 224.405 175.103
3.29 229.215 177.731
3.36 234.023 180.31
3.43 238.828 182.84
3.5 243.631 185.32
3.57 248.431 187.751
3.64 253.228 190.132
3.71 258.023 192.464
3.78 262.815 194.746
3.85 267.604 196.98
3.92 272.391 199.164
3.99 277.176 201.299
4.06 281.958 203.384
4.13 286.738 205.421
4.2 291.515 207.408
4.27 296.289 209.347
4.34 301.062 211.236
4.41 305.831 213.076
4.48 310.599 214.867
4.55 315.363 216.61
4.62 320.126 218.303
4.69 324.886 219.947
4.76 329.643 221.543
4.83 334.399 223.089
4.9 339.152 224.587
4.97 343.902 226.036
5.04 348.65 227.436
5.11 353.396 228.787
5.18 358.139 230.09
5.25 362.881 231.344
5.32 367.619 232.549
5.39 372.356 233.706
5.46 377.09 234.814
5.53 381.822 235.873
5.6 386.551 236.884
5.67 391.279 237.846
5.74 396.004 238.76
5.81 400.726 239.625
5.88 405.447 240.441
5.95 410.165 241.21
6.02 414.881 241.929
6.09 419.595 242.601
6.16 424.306 243.224
6.23 429.015 243.798
6.3 433.722 244.325
6.37 438.427 244.803
6.44 443.129 245.232
6.51 447.83 245.614
6.58 452.528 245.947
6.65 457.224 246.232
6.72 461.917 246.468
6.79 466.609 246.657
6.86 471.298 246.797
6.93 475.985 246.889
7 480.67 246.934
7.07 485.353 246.93
7.14 490.033 246.878
7.21 494.711 246.777
7.28 499.387 246.629
7.35 504.061 246.433
7.42 508.733 246.189
7.49 513.402 245.897
7.56 518.07 245.557
7.63 522.735 245.169
7.7 527.398 244.734
7.77 532.059 244.25
7.84 536.717 243.718
7.91 541.374 243.139
7.98 546.028 242.512
8.05 550.68 241.837
8.12 555.33 241.115
8.19 559.978 240.344
8.26 564.623 239.526
8.33 569.266 238.66
8.4 573.907 237.747
8.47 578.546 236.786
8.54 583.183 235.777
8.61 587.817 234.721
8.68 592.45 233.617
8.75 597.08 232.466
8.82 601.708 231.267
8.89 606.333 230.021
8.96 610.957 228.727
9.03 615.578 227.386
9.1 620.197 225.997
9.17 624.814 224.561
9.24 629.428 223.077
9.31 634.041 221.546
9.38 638.651 219.968
9.45 643.259 218.343
9.52 647.864 216.67
9.59 652.468 214.95
9.66 657.069 213.183
9.73 661.667 211.368
9.8 666.264 209.507
9.87 670.858 207.598
9.94 675.45 205.642
10.01 680.04 203.639
10.08 684.627 201.589
10.15 689.212 199.492
10.22 693.795 197.348
10.29 698.375 195.157
10.36 702.953 192.919
10.43 707.529 190.634
10.5 712.103 188.303
10.57 716.674 185.924
10.64 721.242 183.498
10.71 725.809 181.026
10.78 730.373 178.507
10.85 734.934 175.941
10.92 739.494 173.328
10.99 744.051 170.669
11.06 748.605 167.963
11.13 753.157 165.21
11.2 757.707 162.411
11.27 762.254 159.565
11.34 766.798 156.673
11.41 771.341 153.734
11.48 775.88 150.749
11.55 780.418 147.717
11.62 784.953 144.639
11.69 789.485 141.514
11.76 794.015 138.344
11.83 798.542 135.126
11.9 803.067 131.863
11.97 807.59 128.553
12.04 812.109 125.197
12.11 816.627 121.795
12.18 821.141 118.347
12.25 825.654 114.852
12.32 830.163 111.312
12.39 834.67 107.725
12.46 839.174 104.093
12.53 843.676 100.414
12.6 848.175 96.6897
12.67 852.672 92.9194
12.74 857.166 89.1032
12.81 861.657 85.2412
12.88 866.146 81.3334
12.95 870.632 77.3799
13.02 875.115 73.3807
13.09 879.595 69.3358
13.16 884.073 65.2453
13.23 888.548 61.1092
13.3 893.021 56.9275
13.37 897.49 52.7004
13.44 901.957 48.4277
13.51 906.421 44.1097
13.58 910.883 39.7462
13.65 915.341 35.3374
13.72 919.797 30.8833
13.79 924.25 26.384
13.86 928.7 21.8394
13.93 933.148 17.2496
14 937.592 12.6147
14.07 942.034 7.93474
14.14 946.473 3.2097
14.1871 949.458 1.76457e-16
