0.07 4.94975 4.94975
0.14 9.89949 9.85143
0.21 14.8492 14.705
0.28 19.799 19.5106
0.35 24.7487 24.268
0.42 29.6985 28.9774
0.49 34.6482 33.6388
0.56 39.598 38.252
0.63 44.5477 42.8172
0.7 49.4975 47.3344
0.77 54.4472 51.8034
0.84 59.397 56.2244
0.91 64.3467 60.5973
0.98 69.2965 64.9222
1.05 74.2462 69.199
1.12 79.196 73.4277
1.19 84.1457 77.6083
1.26 89.0955 81.7409
1.33 94.0452 85.8254
1.4 98.9949 89.8618
1.47 103.945 93.8502
1.54 108.894 97.7905
1.61 113.844 101.683
1.68 118.794 105.527
1.75 123.744 109.323
1.82 128.693 113.071
1.89 133.643 116.771
1.96 138.593 120.423
2.03 143.543 124.027
2.1 148.492 127.582
2.17 153.442 131.09
2.24 158.392 134.55
2.31 163.342 137.961
2.38 168.291 141.325
2.45 173.241 144.64
2.52 178.191 147.907
2.59 183.141 151.127
2.66 188.09 154.298
2.73 193.04 157.421
2.8 197.99 160.496
2.87 202.94 163.523
2.94 207.889 166.502
3.01 212.839 169.433
3.08 217.789 172.316
3.15 222.739 175.15
3.22 227.688 177.937
3.29 232.638 180.676
3.36 237.588 183.366
3.43 242.538 186.008
3.5 247.487 188.603
3.57 252.437 191.149
3.64 257.387 193.647
3.71 262.337 196.098
3.78 267.286 198.5
3.85 272.236 200.854
3.92 277.186 203.16
3.99 282.136 205.417
4.06 287.085 207.627
4.13 292.035 209.789
4.2 296.985 211.903
4.27 301.935 213.968
4.34 306.884 215.986
4.41 311.834 217.955
4.48 316.784 219.877
4.55 321.734 221.75
4.62 326.683 223.575
4.69 331.633 225.353
4.76 336.583 227.082
4.83 341.533 228.763
4.9 346.482 230.396
4.97 351.432 231.981
5.04 356.382 233.517
5.11 361.332 235.006
5.18 366.281 236.447
5.25 371.231 237.84
5.32 376.181 239.184
5.39 381.131 240.481
5.46 386.08 241.729
5.53 391.03 242.929
5.6 395.98 244.082
5.67 400.93 245.186
5.74 405.879 246.242
5.81 410.829 247.25
5.88 415.779 248.21
5.95 420.729 249.122
6.02 425.678 249.986
6.09 430.628 250.802
6.16 435.578 251.57
6.23 440.528 252.289
6.3 445.477 252.961
6.37 450.427 253.584
6.44 455.377 254.16
6.51 460.327 254.687
6.58 465.276 255.167
6.65 470.226 255.598
6.72 475.176 255.981
6.79 480.126 256.316
6.86 485.075 256.603
6.93 490.025 256.842
7 494.975 257.033
7.07 499.924 257.176
7.14 504.874 257.271
7.21 509.824 257.318
7.28 514.774 257.316
7.35 519.723 257.267
7.42 524.673 257.169
7.49 529.623 257.024
7.56 534.573 256.83
7.63 539.522 256.588
7.7 544.472 256.299
7.77 549.422 255.961
7.84 554.372 255.575
7.91 559.321 255.141
7.98 564.271 254.659
8.05 569.221 254.129
8.12 574.171 253.55
8.19 579.12 252.924
8.26 584.07 252.25
8.33 589.02 251.527
8.4 593.97 250.757
8.47 598.919 249.939
8.54 603.869 249.072
8.61 608.819 248.157
8.68 613.769 247.194
8.75 618.718 246.184
8.82 623.668 245.125
8.89 628.618 244.018
8.96 633.568 242.863
9.03 638.517 241.66
9.1 643.467 240.409
9.17 648.417 239.109
9.24 653.367 237.762
9.31 658.316 236.367
9.38 663.266 234.923
9.45 668.216 233.432
9.52 673.166 231.892
9.59 678.115 230.305
9.66 683.065 228.669
9.73 688.015 226.985
9.8 692.965 225.253
9.87 697.914 223.473
9.94 702.864 221.645
10.01 707.814 219.769
10.08 712.764 217.845
10.15 717.713 215.873
10.22 722.663 213.853
10.29 727.613 211.784
10.36 732.563 209.668
10.43 737.512 207.504
10.5 742.462 205.291
10.57 747.412 203.03
10.64 752.362 200.722
10.71 757.311 198.365
10.78 762.261 195.96
10.85 767.211 193.507
10.92 772.161 191.006
10.99 777.11 188.457
11.06 782.06 185.86
11.13 787.01 183.215
11.2 791.96 180.522
11.27 796.909 177.781
11.34 801.859 174.991
11.41 806.809 172.154
11.48 811.759 169.268
11.55 816.708 166.335
11.62 821.658 163.353
11.69 826.608 160.323
11.76 831.558 157.246
11.83 836.507 154.12
11.9 841.457 150.946
11.97 846.407 147.724
12.04 851.357 144.454
12.11 856.306 141.136
12.18 861.256 137.77
12.25 866.206 134.355
12.32 871.156 130.893
12.39 876.105 127.383
12.46 881.055 123.824
12.53 886.005 120.218
12.6 890.955 116.563
12.67 895.904 112.86
12.74 900.854 109.11
12.81 905.804 105.311
12.88 910.754 101.464
12.95 915.703 97.5689
13.02 920.653 93.6259
13.09 925.603 89.6348
13.16 930.553 85.5956
13.23 935.502 81.5084
13.3 940.452 77.3731
13.37 945.402 73.1898
13.44 950.352 68.9583
13.51 955.301 64.6788
13.58 960.251 60.3513
13.65 965.201 55.9756
13.72 970.151 51.5519
13.79 975.1 47.0801
13.86 980.05 42.5603
13.93 985 37.9924
14 989.949 33.3764
14.07 994.899 28.7123
14.14 999.849 24.0002
14.21 1004.8 19.24
14.28 1009.75 14.4318
14.35 1014.7 9.57544
14.42 1019.65 4.67104
14.486 1024.32 8.37045e-17
