15 391.845
16 408.106
17 428.124
18 443.131
19 457.566
20 471.431
21 484.73
22 497.465
23 505.837
24 517.53
25 528.661
26 539.231
27 545.752
28 555.28
29 564.248
30 569.382
31 577.304
32 581.525
33 585.315
34 591.694
35 594.559
36 596.986
37 598.973
38 603.291
39 604.332
40 604.923
41 605.064
42 604.749
43 601.488
44 600.311
45 598.671
46 596.563
47 593.985
48 588.715
49 585.242
50 579.172
51 574.791
52 567.909
53 562.606
54 554.898
55 546.796
56 540.111
57 531.164
58 521.813
59 512.055
60 501.887
61 491.307
62 480.312
63 468.898
64 455.647
65 443.44
