15 321.9
16 334.383
17 342.989
18 354.441
19 365.344
20 372.685
21 382.618
22 389.171
23 395.369
24 403.945
25 409.377
26 414.462
27 419.2
28 423.594
29 430.047
30 433.694
31 436.999
32 439.962
33 440.405
34 442.738
35 444.728
36 446.375
37 447.677
38 446.708
39 447.372
40 447.691
41 445.872
42 445.545
43 443.164
44 442.185
45 439.236
46 436.017
47 434.073
48 430.273
49 426.197
50 423.272
51 418.603
52 413.653
53 408.418
54 402.898
55 397.088
56 390.988
57 384.595
58 376.768
59 369.817
60 362.567
61 355.014
62 346.155
63 338.027
64 329.59
65 319.943
