15 520.634
16 551.764
17 582.39
18 612.48
19 635.388
20 664.363
21 692.717
22 720.422
23 741.006
24 767.378
25 793.019
26 811.611
27 835.764
28 852.927
29 875.494
30 891.14
31 912.026
32 926.069
33 939.311
34 951.735
35 969.057
36 979.72
37 989.509
38 998.41
39 1006.4
40 1013.48
41 1019.61
42 1019.59
43 1023.9
44 1027.22
45 1024.6
46 1026.01
47 1026.41
48 1021.09
49 1014.92
50 1012.39
51 1004.4
52 995.525
53 985.773
54 975.136
55 963.608
56 951.187
57 937.868
58 919.94
59 904.922
60 889
61 868.779
62 851.152
63 829.441
64 807.041
65 783.957
