-4 -4 0
-4 -3.875 0
-4 -3.75 0
-4 -3.625 0
-4 -3.5 0
-4 -3.375 0
-4 -3.25 0
-4 -3.125 0
-4 -3 0
-4 -2.875 0
-4 -2.75 0
-4 -2.625 0
-4 -2.5 0
-4 -2.375 0
-4 -2.25 0
-4 -2.125 0
-4 -2 0
-4 -1.875 0
-4 -1.75 0
-4 -1.625 0
-4 -1.5 0
-4 -1.375 0
-4 -1.25 0
-4 -1.125 0
-4 -1 0
-4 -0.875 0
-4 -0.75 0
-4 -0.625 0
-4 -0.5 0
-4 -0.375 0
-4 -0.25 0
-4 -0.125 0
-4 0 0
-4 0.125 0
-4 0.25 0
-4 0.375 0
-4 0.5 0
-4 0.625 0
-4 0.75 0
-4 0.875 0
-4 1 0
-4 1.125 0
-4 1.25 0
-4 1.375 0
-4 1.5 0
-4 1.625 0
-4 1.75 0
-4 1.875 0
-4 2 0
-4 2.125 0
-4 2.25 0
-4 2.375 0
-4 2.5 0
-4 2.625 0
-4 2.75 0
-4 2.875 0
-4 3 0
-4 3.125 0
-4 3.25 0
-4 3.375 0
-4 3.5 0
-4 3.625 0
-4 3.75 0
-4 3.875 0
-4 4 0

-3.875 -4 0
-3.875 -3.875 -3.3515e-07
-3.875 -3.75 -7.33381e-07
-3.875 -3.625 -1.25871e-06
-3.875 -3.5 -1.984e-06
-3.875 -3.375 -2.99681e-06
-3.875 -3.25 -4.40362e-06
-3.875 -3.125 -6.33228e-06
-3.875 -3 -8.93236e-06
-3.875 -2.875 -1.23725e-05
-3.875 -2.75 -1.6834e-05
-3.875 -2.625 -2.24998e-05
-3.875 -2.5 -2.95386e-05
-3.875 -2.375 -3.80839e-05
-3.875 -2.25 -4.82079e-05
-3.875 -2.125 -5.98943e-05
-3.875 -2 -7.30088e-05
-3.875 -1.875 -8.7275e-05
-3.875 -1.75 -0.000102256
-3.875 -1.625 -0.00011735
-3.875 -1.5 -0.000131797
-3.875 -1.375 -0.000144713
-3.875 -1.25 -0.000155133
-3.875 -1.125 -0.00016208
-3.875 -1 -0.000164647
-3.875 -0.875 -0.000162078
-3.875 -0.75 -0.00015386
-3.875 -0.625 -0.00013979
-3.875 -0.5 -0.000120026
-3.875 -0.375 -9.51093e-05
-3.875 -0.25 -6.5947e-05
-3.875 -0.125 -3.37601e-05
-3.875 0 8.32474e-21
-3.875 0.125 3.37601e-05
-3.875 0.25 6.5947e-05
-3.875 0.375 9.51093e-05
-3.875 0.5 0.000120026
-3.875 0.625 0.00013979
-3.875 0.75 0.00015386
-3.875 0.875 0.000162078
-3.875 1 0.000164647
-3.875 1.125 0.00016208
-3.875 1.25 0.000155133
-3.875 1.375 0.000144713
-3.875 1.5 0.000131797
-3.875 1.625 0.00011735
-3.875 1.75 0.000102256
-3.875 1.875 8.7275e-05
-3.875 2 7.30088e-05
-3.875 2.125 5.98943e-05
-3.875 2.25 4.82079e-05
-3.875 2.375 3.80839e-05
-3.875 2.5 2.95386e-05
-3.875 2.625 2.24998e-05
-3.875 2.75 1.6834e-05
-3.875 2.875 1.23725e-05
-3.875 3 8.93236e-06
-3.875 3.125 6.33228e-06
-3.875 3.25 4.40362e-06
-3.875 3.375 2.99681e-06
-3.875 3.5 1.984e-06
-3.875 3.625 1.25871e-06
-3.875 3.75 7.33381e-07
-3.875 3.875 3.3515e-07
-3.875 4 0

-3.75 -4 0
-3.75 -3.875 -7.43697e-07
-3.75 -3.75 -1.62737e-06
-3.75 -3.625 -2.79307e-06
-3.75 -3.5 -4.40248e-06
-3.75 -3.375 -6.64992e-06
-3.75 -3.25 -9.77162e-06
-3.75 -3.125 -1.40513e-05
-3.75 -3 -1.98209e-05
-3.75 -2.875 -2.74545e-05
-3.75 -2.75 -3.73545e-05
-3.75 -2.625 -4.9927e-05
-3.75 -2.5 -6.55462e-05
-3.75 -2.375 -8.4508e-05
-3.75 -2.25 -0.000106973
-3.75 -2.125 -0.000132905
-3.75 -2 -0.000162006
-3.75 -1.875 -0.000193663
-3.75 -1.75 -0.000226906
-3.75 -1.625 -0.000260399
-3.75 -1.5 -0.000292457
-3.75 -1.375 -0.000321117
-3.75 -1.25 -0.000344239
-3.75 -1.125 -0.000359656
-3.75 -1 -0.000365351
-3.75 -0.875 -0.000359652
-3.75 -0.75 -0.000341416
-3.75 -0.625 -0.000310193
-3.75 -0.5 -0.000266337
-3.75 -0.375 -0.000211047
-3.75 -0.25 -0.000146336
-3.75 -0.125 -7.49136e-05
-3.75 0 2.4721e-20
-3.75 0.125 7.49136e-05
-3.75 0.25 0.000146336
-3.75 0.375 0.000211047
-3.75 0.5 0.000266337
-3.75 0.625 0.000310193
-3.75 0.75 0.000341416
-3.75 0.875 0.000359652
-3.75 1 0.000365351
-3.75 1.125 0.000359656
-3.75 1.25 0.000344239
-3.75 1.375 0.000321117
-3.75 1.5 0.000292457
-3.75 1.625 0.000260399
-3.75 1.75 0.000226906
-3.75 1.875 0.000193663
-3.75 2 0.000162006
-3.75 2.125 0.000132905
-3.75 2.25 0.000106973
-3.75 2.375 8.4508e-05
-3.75 2.5 6.55462e-05
-3.75 2.625 4.9927e-05
-3.75 2.75 3.73545e-05
-3.75 2.875 2.74545e-05
-3.75 3 1.98209e-05
-3.75 3.125 1.40513e-05
-3.75 3.25 9.77162e-06
-3.75 3.375 6.64992e-06
-3.75 3.5 4.40248e-06
-3.75 3.625 2.79307e-06
-3.75 3.75 1.62737e-06
-3.75 3.875 7.43697e-07
-3.75 4 0

-3.625 -4 0
-3.625 -3.875 -1.30404e-06
-3.625 -3.75 -2.85352e-06
-3.625 -3.625 -4.89751e-06
-3.625 -3.5 -7.71955e-06
-3.625 -3.375 -1.16603e-05
-3.625 -3.25 -1.71341e-05
-3.625 -3.125 -2.46383e-05
-3.625 -3 -3.4755e-05
-3.625 -2.875 -4.81402e-05
-3.625 -2.75 -6.54994e-05
-3.625 -2.625 -8.75446e-05
-3.625 -2.5 -0.000114932
-3.625 -2.375 -0.000148181
-3.625 -2.25 -0.000187573
-3.625 -2.125 -0.000233043
-3.625 -2 -0.000284071
-3.625 -1.875 -0.000339579
-3.625 -1.75 -0.000397869
-3.625 -1.625 -0.000456597
-3.625 -1.5 -0.00051281
-3.625 -1.375 -0.000563064
-3.625 -1.25 -0.000603607
-3.625 -1.125 -0.00063064
-3.625 -1 -0.000640626
-3.625 -0.875 -0.000630632
-3.625 -0.75 -0.000598656
-3.625 -0.625 -0.000543909
-3.625 -0.5 -0.000467009
-3.625 -0.375 -0.000370062
-3.625 -0.25 -0.000256594
-3.625 -0.125 -0.000131357
-3.625 0 3.054e-20
-3.625 0.125 0.000131357
-3.625 0.25 0.000256594
-3.625 0.375 0.000370062
-3.625 0.5 0.000467009
-3.625 0.625 0.000543909
-3.625 0.75 0.000598656
-3.625 0.875 0.000630632
-3.625 1 0.000640626
-3.625 1.125 0.00063064
-3.625 1.25 0.000603607
-3.625 1.375 0.000563064
-3.625 1.5 0.00051281
-3.625 1.625 0.000456597
-3.625 1.75 0.000397869
-3.625 1.875 0.000339579
-3.625 2 0.000284071
-3.625 2.125 0.000233043
-3.625 2.25 0.000187573
-3.625 2.375 0.000148181
-3.625 2.5 0.000114932
-3.625 2.625 8.75446e-05
-3.625 2.75 6.54994e-05
-3.625 2.875 4.81402e-05
-3.625 3 3.4755e-05
-3.625 3.125 2.46383e-05
-3.625 3.25 1.71341e-05
-3.625 3.375 1.16603e-05
-3.625 3.5 7.71955e-06
-3.625 3.625 4.89751e-06
-3.625 3.75 2.85352e-06
-3.625 3.875 1.30404e-06
-3.625 4 0

-3.5 -4 0
-3.5 -3.875 -2.11176e-06
-3.5 -3.75 -4.62098e-06
-3.5 -3.625 -7.93102e-06
-3.5 -3.5 -1.2501e-05
-3.5 -3.375 -1.88827e-05
-3.5 -3.25 -2.77469e-05
-3.5 -3.125 -3.98993e-05
-3.5 -3 -5.62822e-05
-3.5 -2.875 -7.79582e-05
-3.5 -2.75 -0.00010607
-3.5 -2.625 -0.00014177
-3.5 -2.5 -0.000186121
-3.5 -2.375 -0.000239964
-3.5 -2.25 -0.000303755
-3.5 -2.125 -0.00037739
-3.5 -2 -0.000460023
-3.5 -1.875 -0.000549914
-3.5 -1.75 -0.000644309
-3.5 -1.625 -0.000739412
-3.5 -1.5 -0.000830444
-3.5 -1.375 -0.000911825
-3.5 -1.25 -0.000977481
-3.5 -1.125 -0.00102126
-3.5 -1 -0.00103743
-3.5 -0.875 -0.00102125
-3.5 -0.75 -0.000969463
-3.5 -0.625 -0.000880805
-3.5 -0.5 -0.000756274
-3.5 -0.375 -0.000599277
-3.5 -0.25 -0.000415527
-3.5 -0.125 -0.00021272
-3.5 0 6.27394e-20
-3.5 0.125 0.00021272
-3.5 0.25 0.000415527
-3.5 0.375 0.000599277
-3.5 0.5 0.000756274
-3.5 0.625 0.000880805
-3.5 0.75 0.000969463
-3.5 0.875 0.00102125
-3.5 1 0.00103743
-3.5 1.125 0.00102126
-3.5 1.25 0.000977481
-3.5 1.375 0.000911825
-3.5 1.5 0.000830444
-3.5 1.625 0.000739412
-3.5 1.75 0.000644309
-3.5 1.875 0.000549914
-3.5 2 0.000460023
-3.5 2.125 0.00037739
-3.5 2.25 0.000303755
-3.5 2.375 0.000239964
-3.5 2.5 0.000186121
-3.5 2.625 0.00014177
-3.5 2.75 0.00010607
-3.5 2.875 7.79582e-05
-3.5 3 5.62822e-05
-3.5 3.125 3.98993e-05
-3.5 3.25 2.77469e-05
-3.5 3.375 1.88827e-05
-3.5 3.5 1.2501e-05
-3.5 3.625 7.93102e-06
-3.5 3.75 4.62098e-06
-3.5 3.875 2.11176e-06
-3.5 4 0

-3.375 -4 0
-3.375 -3.875 -3.29069e-06
-3.375 -3.75 -7.20076e-06
-3.375 -3.625 -1.23587e-05
-3.375 -3.5 -1.948e-05
-3.375 -3.375 -2.94244e-05
-3.375 -3.25 -4.32373e-05
-3.375 -3.125 -6.21739e-05
-3.375 -3 -8.7703e-05
-3.375 -2.875 -0.00012148
-3.375 -2.75 -0.000165285
-3.375 -2.625 -0.000220916
-3.375 -2.5 -0.000290027
-3.375 -2.375 -0.000373929
-3.375 -2.25 -0.000473333
-3.375 -2.125 -0.000588076
-3.375 -2 -0.000716842
-3.375 -1.875 -0.000856916
-3.375 -1.75 -0.00100401
-3.375 -1.625 -0.00115221
-3.375 -1.5 -0.00129406
-3.375 -1.375 -0.00142087
-3.375 -1.25 -0.00152318
-3.375 -1.125 -0.0015914
-3.375 -1 -0.0016166
-3.375 -0.875 -0.00159138
-3.375 -0.75 -0.00151069
-3.375 -0.625 -0.00137254
-3.375 -0.5 -0.00117848
-3.375 -0.375 -0.000933838
-3.375 -0.25 -0.000647505
-3.375 -0.125 -0.000331476
-3.375 0 9.14299e-20
-3.375 0.125 0.000331476
-3.375 0.25 0.000647505
-3.375 0.375 0.000933838
-3.375 0.5 0.00117848
-3.375 0.625 0.00137254
-3.375 0.75 0.00151069
-3.375 0.875 0.00159138
-3.375 1 0.0016166
-3.375 1.125 0.0015914
-3.375 1.25 0.00152318
-3.375 1.375 0.00142087
-3.375 1.5 0.00129406
-3.375 1.625 0.00115221
-3.375 1.75 0.00100401
-3.375 1.875 0.000856916
-3.375 2 0.000716842
-3.375 2.125 0.000588076
-3.375 2.25 0.000473333
-3.375 2.375 0.000373929
-3.375 2.5 0.000290027
-3.375 2.625 0.000220916
-3.375 2.75 0.000165285
-3.375 2.875 0.00012148
-3.375 3 8.7703e-05
-3.375 3.125 6.21739e-05
-3.375 3.25 4.32373e-05
-3.375 3.375 2.94244e-05
-3.375 3.5 1.948e-05
-3.375 3.625 1.23587e-05
-3.375 3.75 7.20076e-06
-3.375 3.875 3.29069e-06
-3.375 4 0

-3.25 -4 0
-3.25 -3.875 -5.00391e-06
-3.25 -3.75 -1.09496e-05
-3.25 -3.625 -1.87929e-05
-3.25 -3.5 -2.96218e-05
-3.25 -3.375 -4.47435e-05
-3.25 -3.25 -6.57476e-05
-3.25 -3.125 -9.45432e-05
-3.25 -3 -0.000133363
-3.25 -2.875 -0.000184726
-3.25 -2.75 -0.000251337
-3.25 -2.625 -0.00033593
-3.25 -2.5 -0.000441022
-3.25 -2.375 -0.000568605
-3.25 -2.25 -0.000719761
-3.25 -2.125 -0.000894242
-3.25 -2 -0.00109005
-3.25 -1.875 -0.00130305
-3.25 -1.75 -0.00152672
-3.25 -1.625 -0.00175207
-3.25 -1.5 -0.00196778
-3.25 -1.375 -0.00216061
-3.25 -1.25 -0.00231619
-3.25 -1.125 -0.00241992
-3.25 -1 -0.00245824
-3.25 -0.875 -0.00241989
-3.25 -0.75 -0.00229719
-3.25 -0.625 -0.00208711
-3.25 -0.5 -0.00179203
-3.25 -0.375 -0.00142002
-3.25 -0.25 -0.000984612
-3.25 -0.125 -0.00050405
-3.25 0 1.32131e-19
-3.25 0.125 0.00050405
-3.25 0.25 0.000984612
-3.25 0.375 0.00142002
-3.25 0.5 0.00179203
-3.25 0.625 0.00208711
-3.25 0.75 0.00229719
-3.25 0.875 0.00241989
-3.25 1 0.00245824
-3.25 1.125 0.00241992
-3.25 1.25 0.00231619
-3.25 1.375 0.00216061
-3.25 1.5 0.00196778
-3.25 1.625 0.00175207
-3.25 1.75 0.00152672
-3.25 1.875 0.00130305
-3.25 2 0.00109005
-3.25 2.125 0.000894242
-3.25 2.25 0.000719761
-3.25 2.375 0.000568605
-3.25 2.5 0.000441022
-3.25 2.625 0.00033593
-3.25 2.75 0.000251337
-3.25 2.875 0.000184726
-3.25 3 0.000133363
-3.25 3.125 9.45432e-05
-3.25 3.25 6.57476e-05
-3.25 3.375 4.47435e-05
-3.25 3.5 2.96218e-05
-3.25 3.625 1.87929e-05
-3.25 3.75 1.09496e-05
-3.25 3.875 5.00391e-06
-3.25 4 0

-3.125 -4 0
-3.125 -3.875 -7.4648e-06
-3.125 -3.75 -1.63346e-05
-3.125 -3.625 -2.80352e-05
-3.125 -3.5 -4.41896e-05
-3.125 -3.375 -6.67481e-05
-3.125 -3.25 -9.8082e-05
-3.125 -3.125 -0.000141039
-3.125 -3 -0.000198951
-3.125 -2.875 -0.000275573
-3.125 -2.75 -0.000374943
-3.125 -2.625 -0.000501138
-3.125 -2.5 -0.000657915
-3.125 -2.375 -0.000848243
-3.125 -2.25 -0.00107374
-3.125 -2.125 -0.00133403
-3.125 -2 -0.00162613
-3.125 -1.875 -0.00194388
-3.125 -1.75 -0.00227756
-3.125 -1.625 -0.00261373
-3.125 -1.5 -0.00293552
-3.125 -1.375 -0.00322319
-3.125 -1.25 -0.00345528
-3.125 -1.125 -0.00361002
-3.125 -1 -0.00366719
-3.125 -0.875 -0.00360998
-3.125 -0.75 -0.00342694
-3.125 -0.625 -0.00311354
-3.125 -0.5 -0.00267334
-3.125 -0.375 -0.00211837
-3.125 -0.25 -0.00146884
-3.125 -0.125 -0.000751939
-3.125 0 1.70656e-19
-3.125 0.125 0.000751939
-3.125 0.25 0.00146884
-3.125 0.375 0.00211837
-3.125 0.5 0.00267334
-3.125 0.625 0.00311354
-3.125 0.75 0.00342694
-3.125 0.875 0.00360998
-3.125 1 0.00366719
-3.125 1.125 0.00361002
-3.125 1.25 0.00345528
-3.125 1.375 0.00322319
-3.125 1.5 0.00293552
-3.125 1.625 0.00261373
-3.125 1.75 0.00227756
-3.125 1.875 0.00194388
-3.125 2 0.00162613
-3.125 2.125 0.00133403
-3.125 2.25 0.00107374
-3.125 2.375 0.000848243
-3.125 2.5 0.000657915
-3.125 2.625 0.000501138
-3.125 2.75 0.000374943
-3.125 2.875 0.000275573
-3.125 3 0.000198951
-3.125 3.125 0.000141039
-3.125 3.25 9.8082e-05
-3.125 3.375 6.67481e-05
-3.125 3.5 4.41896e-05
-3.125 3.625 2.80352e-05
-3.125 3.75 1.63346e-05
-3.125 3.875 7.4648e-06
-3.125 4 0

-3 -4 0
-3 -3.875 -1.09482e-05
-3 -3.75 -2.3957e-05
-3 -3.625 -4.11175e-05
-3 -3.5 -6.48101e-05
-3 -3.375 -9.78953e-05
-3 -3.25 -0.000143851
-3 -3.125 -0.000206853
-3 -3 -0.000291789
-3 -2.875 -0.000404165
-3 -2.75 -0.000549906
-3 -2.625 -0.000734988
-3 -2.5 -0.000964923
-3 -2.375 -0.00124406
-3 -2.25 -0.00157478
-3 -2.125 -0.00195653
-3 -2 -0.00238494
-3 -1.875 -0.00285097
-3 -1.75 -0.00334035
-3 -1.625 -0.0038334
-3 -1.5 -0.00430534
-3 -1.375 -0.00472725
-3 -1.25 -0.00506764
-3 -1.125 -0.00529459
-3 -1 -0.00537843
-3 -0.875 -0.00529453
-3 -0.75 -0.00502607
-3 -0.625 -0.00456644
-3 -0.5 -0.00392082
-3 -0.375 -0.00310688
-3 -0.25 -0.00215426
-3 -0.125 -0.00110282
-3 0 2.12044e-19
-3 0.125 0.00110282
-3 0.25 0.00215426
-3 0.375 0.00310688
-3 0.5 0.00392082
-3 0.625 0.00456644
-3 0.75 0.00502607
-3 0.875 0.00529453
-3 1 0.00537843
-3 1.125 0.00529459
-3 1.25 0.00506764
-3 1.375 0.00472725
-3 1.5 0.00430534
-3 1.625 0.0038334
-3 1.75 0.00334035
-3 1.875 0.00285097
-3 2 0.00238494
-3 2.125 0.00195653
-3 2.25 0.00157478
-3 2.375 0.00124406
-3 2.5 0.000964923
-3 2.625 0.000734988
-3 2.75 0.000549906
-3 2.875 0.000404165
-3 3 0.000291789
-3 3.125 0.000206853
-3 3.25 0.000143851
-3 3.375 9.78953e-05
-3 3.5 6.48101e-05
-3 3.625 4.11175e-05
-3 3.75 2.3957e-05
-3 3.875 1.09482e-05
-3 4 0

-2.875 -4 0
-2.875 -3.875 -1.58001e-05
-2.875 -3.75 -3.45741e-05
-2.875 -3.625 -5.93397e-05
-2.875 -3.5 -9.35324e-05
-2.875 -3.375 -0.00014128
-2.875 -3.25 -0.000207602
-2.875 -3.125 -0.000298525
-2.875 -3 -0.000421102
-2.875 -2.875 -0.000583282
-2.875 -2.75 -0.000793611
-2.875 -2.625 -0.00106072
-2.875 -2.5 -0.00139255
-2.875 -2.375 -0.0017954
-2.875 -2.25 -0.00227269
-2.875 -2.125 -0.00282362
-2.875 -2 -0.00344189
-2.875 -1.875 -0.00411445
-2.875 -1.75 -0.00482071
-2.875 -1.625 -0.00553227
-2.875 -1.5 -0.00621336
-2.875 -1.375 -0.00682226
-2.875 -1.25 -0.00731349
-2.875 -1.125 -0.00764103
-2.875 -1 -0.00776203
-2.875 -0.875 -0.00764094
-2.875 -0.75 -0.0072535
-2.875 -0.625 -0.00659017
-2.875 -0.5 -0.00565843
-2.875 -0.375 -0.00448378
-2.875 -0.25 -0.00310897
-2.875 -0.125 -0.00159157
-2.875 0 3.31966e-19
-2.875 0.125 0.00159157
-2.875 0.25 0.00310897
-2.875 0.375 0.00448378
-2.875 0.5 0.00565843
-2.875 0.625 0.00659017
-2.875 0.75 0.0072535
-2.875 0.875 0.00764094
-2.875 1 0.00776203
-2.875 1.125 0.00764103
-2.875 1.25 0.00731349
-2.875 1.375 0.00682226
-2.875 1.5 0.00621336
-2.875 1.625 0.00553227
-2.875 1.75 0.00482071
-2.875 1.875 0.00411445
-2.875 2 0.00344189
-2.875 2.125 0.00282362
-2.875 2.25 0.00227269
-2.875 2.375 0.0017954
-2.875 2.5 0.00139255
-2.875 2.625 0.00106072
-2.875 2.75 0.000793611
-2.875 2.875 0.000583282
-2.875 3 0.000421102
-2.875 3.125 0.000298525
-2.875 3.25 0.000207602
-2.875 3.375 0.00014128
-2.875 3.5 9.35324e-05
-2.875 3.625 5.93397e-05
-2.875 3.75 3.45741e-05
-2.875 3.875 1.58001e-05
-2.875 4 0

-2.75 -4 0
-2.75 -3.875 -2.24459e-05
-2.75 -3.75 -4.91166e-05
-2.75 -3.625 -8.42991e-05
-2.75 -3.5 -0.000132874
-2.75 -3.375 -0.000200705
-2.75 -3.25 -0.000294923
-2.75 -3.125 -0.000424091
-2.75 -3 -0.000598225
-2.75 -2.875 -0.00082862
-2.75 -2.75 -0.00112742
-2.75 -2.625 -0.00150687
-2.75 -2.5 -0.00197829
-2.75 -2.375 -0.00255058
-2.75 -2.25 -0.00322862
-2.75 -2.125 -0.00401129
-2.75 -2 -0.00488961
-2.75 -1.875 -0.00584505
-2.75 -1.75 -0.00684838
-2.75 -1.625 -0.00785923
-2.75 -1.5 -0.00882681
-2.75 -1.375 -0.00969182
-2.75 -1.25 -0.0103897
-2.75 -1.125 -0.010855
-2.75 -1 -0.0110269
-2.75 -0.875 -0.0108548
-2.75 -0.75 -0.0103045
-2.75 -0.625 -0.00936211
-2.75 -0.5 -0.00803847
-2.75 -0.375 -0.00636974
-2.75 -0.25 -0.00441666
-2.75 -0.125 -0.00226101
-2.75 0 5.03398e-19
-2.75 0.125 0.00226101
-2.75 0.25 0.00441666
-2.75 0.375 0.00636974
-2.75 0.5 0.00803847
-2.75 0.625 0.00936211
-2.75 0.75 0.0103045
-2.75 0.875 0.0108548
-2.75 1 0.0110269
-2.75 1.125 0.010855
-2.75 1.25 0.0103897
-2.75 1.375 0.00969182
-2.75 1.5 0.00882681
-2.75 1.625 0.00785923
-2.75 1.75 0.00684838
-2.75 1.875 0.00584505
-2.75 2 0.00488961
-2.75 2.125 0.00401129
-2.75 2.25 0.00322862
-2.75 2.375 0.00255058
-2.75 2.5 0.00197829
-2.75 2.625 0.00150687
-2.75 2.75 0.00112742
-2.75 2.875 0.00082862
-2.75 3 0.000598225
-2.75 3.125 0.000424091
-2.75 3.25 0.000294923
-2.75 3.375 0.000200705
-2.75 3.5 0.000132874
-2.75 3.625 8.42991e-05
-2.75 3.75 4.91166e-05
-2.75 3.875 2.24459e-05
-2.75 4 0

-2.625 -4 0
-2.625 -3.875 -3.13935e-05
-2.625 -3.75 -6.86959e-05
-2.625 -3.625 -0.000117903
-2.625 -3.5 -0.000185841
-2.625 -3.375 -0.000280712
-2.625 -3.25 -0.000412487
-2.625 -3.125 -0.000593145
-2.625 -3 -0.000836695
-2.625 -2.875 -0.00115893
-2.625 -2.75 -0.00157684
-2.625 -2.625 -0.00210756
-2.625 -2.5 -0.00276689
-2.625 -2.375 -0.00356732
-2.625 -2.25 -0.00451564
-2.625 -2.125 -0.0056103
-2.625 -2 -0.00683874
-2.625 -1.875 -0.00817506
-2.625 -1.75 -0.00957835
-2.625 -1.625 -0.0109922
-2.625 -1.5 -0.0123454
-2.625 -1.375 -0.0135553
-2.625 -1.25 -0.0145313
-2.625 -1.125 -0.0151821
-2.625 -1 -0.0154225
-2.625 -0.875 -0.0151819
-2.625 -0.75 -0.0144121
-2.625 -0.625 -0.0130941
-2.625 -0.5 -0.0112428
-2.625 -0.375 -0.0089089
-2.625 -0.25 -0.00617726
-2.625 -0.125 -0.00316231
-2.625 0 7.12511e-19
-2.625 0.125 0.00316231
-2.625 0.25 0.00617726
-2.625 0.375 0.0089089
-2.625 0.5 0.0112428
-2.625 0.625 0.0130941
-2.625 0.75 0.0144121
-2.625 0.875 0.0151819
-2.625 1 0.0154225
-2.625 1.125 0.0151821
-2.625 1.25 0.0145313
-2.625 1.375 0.0135553
-2.625 1.5 0.0123454
-2.625 1.625 0.0109922
-2.625 1.75 0.00957835
-2.625 1.875 0.00817506
-2.625 2 0.00683874
-2.625 2.125 0.0056103
-2.625 2.25 0.00451564
-2.625 2.375 0.00356732
-2.625 2.5 0.00276689
-2.625 2.625 0.00210756
-2.625 2.75 0.00157684
-2.625 2.875 0.00115893
-2.625 3 0.000836695
-2.625 3.125 0.000593145
-2.625 3.25 0.000412487
-2.625 3.375 0.000280712
-2.625 3.5 0.000185841
-2.625 3.625 0.000117903
-2.625 3.75 6.86959e-05
-2.625 3.875 3.13935e-05
-2.625 4 0

-2.5 -4 0
-2.5 -3.875 -4.32309e-05
-2.5 -3.75 -9.45987e-05
-2.5 -3.625 -0.00016236
-2.5 -3.5 -0.000255915
-2.5 -3.375 -0.000386558
-2.5 -3.25 -0.000568022
-2.5 -3.125 -0.000816799
-2.5 -3 -0.00115218
-2.5 -2.875 -0.00159592
-2.5 -2.75 -0.00217141
-2.5 -2.625 -0.00290224
-2.5 -2.5 -0.00381018
-2.5 -2.375 -0.00491243
-2.5 -2.25 -0.00621833
-2.5 -2.125 -0.00772575
-2.5 -2 -0.00941739
-2.5 -1.875 -0.0112576
-2.5 -1.75 -0.01319
-2.5 -1.625 -0.0151369
-2.5 -1.5 -0.0170005
-2.5 -1.375 -0.0186665
-2.5 -1.25 -0.0200105
-2.5 -1.125 -0.0209067
-2.5 -1 -0.0212378
-2.5 -0.875 -0.0209065
-2.5 -0.75 -0.0198464
-2.5 -0.625 -0.0180314
-2.5 -0.5 -0.0154821
-2.5 -0.375 -0.0122681
-2.5 -0.25 -0.00850649
-2.5 -0.125 -0.00435471
-2.5 0 1.23996e-18
-2.5 0.125 0.00435471
-2.5 0.25 0.00850649
-2.5 0.375 0.0122681
-2.5 0.5 0.0154821
-2.5 0.625 0.0180314
-2.5 0.75 0.0198464
-2.5 0.875 0.0209065
-2.5 1 0.0212378
-2.5 1.125 0.0209067
-2.5 1.25 0.0200105
-2.5 1.375 0.0186665
-2.5 1.5 0.0170005
-2.5 1.625 0.0151369
-2.5 1.75 0.01319
-2.5 1.875 0.0112576
-2.5 2 0.00941739
-2.5 2.125 0.00772575
-2.5 2.25 0.00621833
-2.5 2.375 0.00491243
-2.5 2.5 0.00381018
-2.5 2.625 0.00290224
-2.5 2.75 0.00217141
-2.5 2.875 0.00159592
-2.5 3 0.00115218
-2.5 3.125 0.000816799
-2.5 3.25 0.000568022
-2.5 3.375 0.000386558
-2.5 3.5 0.000255915
-2.5 3.625 0.00016236
-2.5 3.75 9.45987e-05
-2.5 3.875 4.32309e-05
-2.5 4 0

-2.375 -4 0
-2.375 -3.875 -5.8615e-05
-2.375 -3.75 -0.000128263
-2.375 -3.625 -0.000220138
-2.375 -3.5 -0.000346985
-2.375 -3.375 -0.000524118
-2.375 -3.25 -0.000770158
-2.375 -3.125 -0.00110746
-2.375 -3 -0.0015622
-2.375 -2.875 -0.00216385
-2.375 -2.75 -0.00294412
-2.375 -2.625 -0.00393503
-2.375 -2.5 -0.00516607
-2.375 -2.375 -0.00666056
-2.375 -2.25 -0.00843118
-2.375 -2.125 -0.010475
-2.375 -2 -0.0127687
-2.375 -1.875 -0.0152637
-2.375 -1.75 -0.0178838
-2.375 -1.625 -0.0205235
-2.375 -1.5 -0.0230502
-2.375 -1.375 -0.0253091
-2.375 -1.25 -0.0271315
-2.375 -1.125 -0.0283466
-2.375 -1 -0.0287954
-2.375 -0.875 -0.0283462
-2.375 -0.75 -0.0269089
-2.375 -0.625 -0.0244481
-2.375 -0.5 -0.0209916
-2.375 -0.375 -0.0166339
-2.375 -0.25 -0.0115336
-2.375 -0.125 -0.00590437
-2.375 0 1.83147e-18
-2.375 0.125 0.00590437
-2.375 0.25 0.0115336
-2.375 0.375 0.0166339
-2.375 0.5 0.0209916
-2.375 0.625 0.0244481
-2.375 0.75 0.0269089
-2.375 0.875 0.0283462
-2.375 1 0.0287954
-2.375 1.125 0.0283466
-2.375 1.25 0.0271315
-2.375 1.375 0.0253091
-2.375 1.5 0.0230502
-2.375 1.625 0.0205235
-2.375 1.75 0.0178838
-2.375 1.875 0.0152637
-2.375 2 0.0127687
-2.375 2.125 0.010475
-2.375 2.25 0.00843118
-2.375 2.375 0.00666056
-2.375 2.5 0.00516607
-2.375 2.625 0.00393503
-2.375 2.75 0.00294412
-2.375 2.875 0.00216385
-2.375 3 0.0015622
-2.375 3.125 0.00110746
-2.375 3.25 0.000770158
-2.375 3.375 0.000524118
-2.375 3.5 0.000346985
-2.375 3.625 0.000220138
-2.375 3.75 0.000128263
-2.375 3.875 5.8615e-05
-2.375 4 0

-2.25 -4 0
-2.25 -3.875 -7.82499e-05
-2.25 -3.75 -0.000171228
-2.25 -3.625 -0.000293879
-2.25 -3.5 -0.000463218
-2.25 -3.375 -0.000699688
-2.25 -3.25 -0.00102815
-2.25 -3.125 -0.00147844
-2.25 -3 -0.0020855
-2.25 -2.875 -0.0028887
-2.25 -2.75 -0.00393035
-2.25 -2.625 -0.00525319
-2.25 -2.5 -0.0068966
-2.25 -2.375 -0.00889172
-2.25 -2.25 -0.0112555
-2.25 -2.125 -0.013984
-2.25 -2 -0.0170459
-2.25 -1.875 -0.0203767
-2.25 -1.75 -0.0238745
-2.25 -1.625 -0.0273985
-2.25 -1.5 -0.0307716
-2.25 -1.375 -0.0337872
-2.25 -1.25 -0.03622
-2.25 -1.125 -0.0378421
-2.25 -1 -0.0384413
-2.25 -0.875 -0.0378417
-2.25 -0.75 -0.0359229
-2.25 -0.625 -0.0326377
-2.25 -0.5 -0.0280233
-2.25 -0.375 -0.0222059
-2.25 -0.25 -0.0153971
-2.25 -0.125 -0.00788221
-2.25 0 2.28316e-18
-2.25 0.125 0.00788221
-2.25 0.25 0.0153971
-2.25 0.375 0.0222059
-2.25 0.5 0.0280233
-2.25 0.625 0.0326377
-2.25 0.75 0.0359229
-2.25 0.875 0.0378417
-2.25 1 0.0384413
-2.25 1.125 0.0378421
-2.25 1.25 0.03622
-2.25 1.375 0.0337872
-2.25 1.5 0.0307716
-2.25 1.625 0.0273985
-2.25 1.75 0.0238745
-2.25 1.875 0.0203767
-2.25 2 0.0170459
-2.25 2.125 0.013984
-2.25 2.25 0.0112555
-2.25 2.375 0.00889172
-2.25 2.5 0.0068966
-2.25 2.625 0.00525319
-2.25 2.75 0.00393035
-2.25 2.875 0.0028887
-2.25 3 0.0020855
-2.25 3.125 0.00147844
-2.25 3.25 0.00102815
-2.25 3.375 0.000699688
-2.25 3.5 0.000463218
-2.25 3.625 0.000293879
-2.25 3.75 0.000171228
-2.25 3.875 7.82499e-05
-2.25 4 0

-2.125 -4 0
-2.125 -3.875 -0.000102853
-2.125 -3.75 -0.000225064
-2.125 -3.625 -0.000386279
-2.125 -3.5 -0.00060886
-2.125 -3.375 -0.000919679
-2.125 -3.25 -0.00135141
-2.125 -3.125 -0.00194329
-2.125 -3 -0.00274121
-2.125 -2.875 -0.00379694
-2.125 -2.75 -0.0051661
-2.125 -2.625 -0.00690486
-2.125 -2.5 -0.00906499
-2.125 -2.375 -0.0116874
-2.125 -2.25 -0.0147943
-2.125 -2.125 -0.0183807
-2.125 -2 -0.0224054
-2.125 -1.875 -0.0267835
-2.125 -1.75 -0.031381
-2.125 -1.625 -0.0360129
-2.125 -1.5 -0.0404466
-2.125 -1.375 -0.0444103
-2.125 -1.25 -0.047608
-2.125 -1.125 -0.0497402
-2.125 -1 -0.0505278
-2.125 -0.875 -0.0497396
-2.125 -0.75 -0.0472175
-2.125 -0.625 -0.0428995
-2.125 -0.5 -0.0368342
-2.125 -0.375 -0.0291877
-2.125 -0.25 -0.0202382
-2.125 -0.125 -0.0103605
-2.125 0 3.41119e-18
-2.125 0.125 0.0103605
-2.125 0.25 0.0202382
-2.125 0.375 0.0291877
-2.125 0.5 0.0368342
-2.125 0.625 0.0428995
-2.125 0.75 0.0472175
-2.125 0.875 0.0497396
-2.125 1 0.0505278
-2.125 1.125 0.0497402
-2.125 1.25 0.047608
-2.125 1.375 0.0444103
-2.125 1.5 0.0404466
-2.125 1.625 0.0360129
-2.125 1.75 0.031381
-2.125 1.875 0.0267835
-2.125 2 0.0224054
-2.125 2.125 0.0183807
-2.125 2.25 0.0147943
-2.125 2.375 0.0116874
-2.125 2.5 0.00906499
-2.125 2.625 0.00690486
-2.125 2.75 0.0051661
-2.125 2.875 0.00379694
-2.125 3 0.00274121
-2.125 3.125 0.00194329
-2.125 3.25 0.00135141
-2.125 3.375 0.000919679
-2.125 3.5 0.00060886
-2.125 3.625 0.000386279
-2.125 3.75 0.000225064
-2.125 3.875 0.000102853
-2.125 4 0

-2 -4 0
-2 -3.875 -0.000133107
-2 -3.75 -0.000291266
-2 -3.625 -0.000499902
-2 -3.5 -0.000787955
-2 -3.375 -0.0011902
-2 -3.25 -0.00174892
-2 -3.125 -0.0025149
-2 -3 -0.00354753
-2 -2.875 -0.0049138
-2 -2.75 -0.0066857
-2 -2.625 -0.00893591
-2 -2.5 -0.0117314
-2 -2.375 -0.0151252
-2 -2.25 -0.019146
-2 -2.125 -0.0237873
-2 -2 -0.0289958
-2 -1.875 -0.0346618
-2 -1.75 -0.0406116
-2 -1.625 -0.046606
-2 -1.5 -0.0523439
-2 -1.375 -0.0574735
-2 -1.25 -0.0616118
-2 -1.125 -0.0643711
-2 -1 -0.0653904
-2 -0.875 -0.0643703
-2 -0.75 -0.0611065
-2 -0.625 -0.0555182
-2 -0.5 -0.0476689
-2 -0.375 -0.0377732
-2 -0.25 -0.0261912
-2 -0.125 -0.013408
-2 0 4.6755e-18
-2 0.125 0.013408
-2 0.25 0.0261912
-2 0.375 0.0377732
-2 0.5 0.0476689
-2 0.625 0.0555182
-2 0.75 0.0611065
-2 0.875 0.0643703
-2 1 0.0653904
-2 1.125 0.0643711
-2 1.25 0.0616118
-2 1.375 0.0574735
-2 1.5 0.0523439
-2 1.625 0.046606
-2 1.75 0.0406116
-2 1.875 0.0346618
-2 2 0.0289958
-2 2.125 0.0237873
-2 2.25 0.019146
-2 2.375 0.0151252
-2 2.5 0.0117314
-2 2.625 0.00893591
-2 2.75 0.0066857
-2 2.875 0.0049138
-2 3 0.00354753
-2 3.125 0.0025149
-2 3.25 0.00174892
-2 3.375 0.0011902
-2 3.5 0.000787955
-2 3.625 0.000499902
-2 3.75 0.000291266
-2 3.875 0.000133107
-2 4 0

-1.875 -4 0
-1.875 -3.875 -0.000169601
-1.875 -3.75 -0.000371125
-1.875 -3.625 -0.000636964
-1.875 -3.5 -0.00100399
-1.875 -3.375 -0.00151653
-1.875 -3.25 -0.00222844
-1.875 -3.125 -0.00320443
-1.875 -3 -0.00452019
-1.875 -2.875 -0.00626105
-1.875 -2.75 -0.00851877
-1.875 -2.625 -0.0113859
-1.875 -2.5 -0.0149479
-1.875 -2.375 -0.0192722
-1.875 -2.25 -0.0243955
-1.875 -2.125 -0.0303093
-1.875 -2 -0.0369459
-1.875 -1.875 -0.0441652
-1.875 -1.75 -0.0517464
-1.875 -1.625 -0.0593844
-1.875 -1.5 -0.0666954
-1.875 -1.375 -0.0732314
-1.875 -1.25 -0.0785044
-1.875 -1.125 -0.0820202
-1.875 -1 -0.083319
-1.875 -0.875 -0.0820192
-1.875 -0.75 -0.0778605
-1.875 -0.625 -0.0707401
-1.875 -0.5 -0.0607387
-1.875 -0.375 -0.0481297
-1.875 -0.25 -0.0333723
-1.875 -0.125 -0.0170842
-1.875 0 6.43577e-18
-1.875 0.125 0.0170842
-1.875 0.25 0.0333723
-1.875 0.375 0.0481297
-1.875 0.5 0.0607387
-1.875 0.625 0.0707401
-1.875 0.75 0.0778605
-1.875 0.875 0.0820192
-1.875 1 0.083319
-1.875 1.125 0.0820202
-1.875 1.25 0.0785044
-1.875 1.375 0.0732314
-1.875 1.5 0.0666954
-1.875 1.625 0.0593844
-1.875 1.75 0.0517464
-1.875 1.875 0.0441652
-1.875 2 0.0369459
-1.875 2.125 0.0303093
-1.875 2.25 0.0243955
-1.875 2.375 0.0192722
-1.875 2.5 0.0149479
-1.875 2.625 0.0113859
-1.875 2.75 0.00851877
-1.875 2.875 0.00626105
-1.875 3 0.00452019
-1.875 3.125 0.00320443
-1.875 3.25 0.00222844
-1.875 3.375 0.00151653
-1.875 3.5 0.00100399
-1.875 3.625 0.000636964
-1.875 3.75 0.000371125
-1.875 3.875 0.000169601
-1.875 4 0

-1.75 -4 0
-1.75 -3.875 -0.000212765
-1.75 -3.75 -0.000465576
-1.75 -3.625 -0.000799071
-1.75 -3.5 -0.00125951
-1.75 -3.375 -0.00190248
-1.75 -3.25 -0.00279557
-1.75 -3.125 -0.00401995
-1.75 -3 -0.00567057
-1.75 -2.875 -0.00785449
-1.75 -2.75 -0.0106868
-1.75 -2.625 -0.0142836
-1.75 -2.5 -0.0187522
-1.75 -2.375 -0.024177
-1.75 -2.25 -0.0306041
-1.75 -2.125 -0.038023
-1.75 -2 -0.0463486
-1.75 -1.875 -0.0554052
-1.75 -1.75 -0.0649158
-1.75 -1.625 -0.0744977
-1.75 -1.5 -0.0836693
-1.75 -1.375 -0.0918687
-1.75 -1.25 -0.0984837
-1.75 -1.125 -0.102894
-1.75 -1 -0.104524
-1.75 -0.875 -0.102893
-1.75 -0.75 -0.0976759
-1.75 -0.625 -0.0887434
-1.75 -0.5 -0.0761966
-1.75 -0.375 -0.0603787
-1.75 -0.25 -0.0418655
-1.75 -0.125 -0.0214321
-1.75 0 7.76401e-18
-1.75 0.125 0.0214321
-1.75 0.25 0.0418655
-1.75 0.375 0.0603787
-1.75 0.5 0.0761966
-1.75 0.625 0.0887434
-1.75 0.75 0.0976759
-1.75 0.875 0.102893
-1.75 1 0.104524
-1.75 1.125 0.102894
-1.75 1.25 0.0984837
-1.75 1.375 0.0918687
-1.75 1.5 0.0836693
-1.75 1.625 0.0744977
-1.75 1.75 0.0649158
-1.75 1.875 0.0554052
-1.75 2 0.0463486
-1.75 2.125 0.038023
-1.75 2.25 0.0306041
-1.75 2.375 0.024177
-1.75 2.5 0.0187522
-1.75 2.625 0.0142836
-1.75 2.75 0.0106868
-1.75 2.875 0.00785449
-1.75 3 0.00567057
-1.75 3.125 0.00401995
-1.75 3.25 0.00279557
-1.75 3.375 0.00190248
-1.75 3.5 0.00125951
-1.75 3.625 0.000799071
-1.75 3.75 0.000465576
-1.75 3.875 0.000212765
-1.75 4 0

-1.625 -4 0
-1.625 -3.875 -0.000262788
-1.625 -3.75 -0.000575037
-1.625 -3.625 -0.000986939
-1.625 -3.5 -0.00155563
-1.625 -3.375 -0.00234977
-1.625 -3.25 -0.00345283
-1.625 -3.125 -0.00496508
-1.625 -3 -0.00700378
-1.625 -2.875 -0.00970115
-1.625 -2.75 -0.0131993
-1.625 -2.625 -0.0176419
-1.625 -2.5 -0.023161
-1.625 -2.375 -0.0298612
-1.625 -2.25 -0.0377994
-1.625 -2.125 -0.0469625
-1.625 -2 -0.0572455
-1.625 -1.875 -0.0684315
-1.625 -1.75 -0.0801781
-1.625 -1.625 -0.0920127
-1.625 -1.5 -0.103341
-1.625 -1.375 -0.113468
-1.625 -1.25 -0.121638
-1.625 -1.125 -0.127086
-1.625 -1 -0.129098
-1.625 -0.875 -0.127084
-1.625 -0.75 -0.12064
-1.625 -0.625 -0.109608
-1.625 -0.5 -0.0941111
-1.625 -0.375 -0.0745743
-1.625 -0.25 -0.0517084
-1.625 -0.125 -0.0264709
-1.625 0 9.41811e-18
-1.625 0.125 0.0264709
-1.625 0.25 0.0517084
-1.625 0.375 0.0745743
-1.625 0.5 0.0941111
-1.625 0.625 0.109608
-1.625 0.75 0.12064
-1.625 0.875 0.127084
-1.625 1 0.129098
-1.625 1.125 0.127086
-1.625 1.25 0.121638
-1.625 1.375 0.113468
-1.625 1.5 0.103341
-1.625 1.625 0.0920127
-1.625 1.75 0.0801781
-1.625 1.875 0.0684315
-1.625 2 0.0572455
-1.625 2.125 0.0469625
-1.625 2.25 0.0377994
-1.625 2.375 0.0298612
-1.625 2.5 0.023161
-1.625 2.625 0.0176419
-1.625 2.75 0.0131993
-1.625 2.875 0.00970115
-1.625 3 0.00700378
-1.625 3.125 0.00496508
-1.625 3.25 0.00345283
-1.625 3.375 0.00234977
-1.625 3.5 0.00155563
-1.625 3.625 0.000986939
-1.625 3.75 0.000575037
-1.625 3.875 0.000262788
-1.625 4 0

-1.5 -4 0
-1.5 -3.875 -0.000319551
-1.5 -3.75 -0.000699247
-1.5 -3.625 -0.00120012
-1.5 -3.5 -0.00189165
-1.5 -3.375 -0.00285733
-1.5 -3.25 -0.00419866
-1.5 -3.125 -0.00603755
-1.5 -3 -0.00851661
-1.5 -2.875 -0.0117966
-1.5 -2.75 -0.0160504
-1.5 -2.625 -0.0214525
-1.5 -2.5 -0.0281638
-1.5 -2.375 -0.0363113
-1.5 -2.25 -0.0459641
-1.5 -2.125 -0.0571065
-1.5 -2 -0.0696107
-1.5 -1.875 -0.0832129
-1.5 -1.75 -0.0974968
-1.5 -1.625 -0.111888
-1.5 -1.5 -0.125663
-1.5 -1.375 -0.137977
-1.5 -1.25 -0.147912
-1.5 -1.125 -0.154537
-1.5 -1 -0.156984
-1.5 -0.875 -0.154535
-1.5 -0.75 -0.146699
-1.5 -0.625 -0.133283
-1.5 -0.5 -0.114439
-1.5 -0.375 -0.0906825
-1.5 -0.25 -0.0628776
-1.5 -0.125 -0.0321887
-1.5 0 1.13911e-17
-1.5 0.125 0.0321887
-1.5 0.25 0.0628776
-1.5 0.375 0.0906825
-1.5 0.5 0.114439
-1.5 0.625 0.133283
-1.5 0.75 0.146699
-1.5 0.875 0.154535
-1.5 1 0.156984
-1.5 1.125 0.154537
-1.5 1.25 0.147912
-1.5 1.375 0.137977
-1.5 1.5 0.125663
-1.5 1.625 0.111888
-1.5 1.75 0.0974968
-1.5 1.875 0.0832129
-1.5 2 0.0696107
-1.5 2.125 0.0571065
-1.5 2.25 0.0459641
-1.5 2.375 0.0363113
-1.5 2.5 0.0281638
-1.5 2.625 0.0214525
-1.5 2.75 0.0160504
-1.5 2.875 0.0117966
-1.5 3 0.00851661
-1.5 3.125 0.00603755
-1.5 3.25 0.00419866
-1.5 3.375 0.00285733
-1.5 3.5 0.00189165
-1.5 3.625 0.00120012
-1.5 3.75 0.000699247
-1.5 3.875 0.000319551
-1.5 4 0

-1.375 -4 0
-1.375 -3.875 -0.000382559
-1.375 -3.75 -0.000837123
-1.375 -3.625 -0.00143676
-1.375 -3.5 -0.00226465
-1.375 -3.375 -0.00342073
-1.375 -3.25 -0.00502654
-1.375 -3.125 -0.00722802
-1.375 -3 -0.0101959
-1.375 -2.875 -0.0141227
-1.375 -2.75 -0.0192152
-1.375 -2.625 -0.0256825
-1.375 -2.5 -0.0337171
-1.375 -2.375 -0.0434711
-1.375 -2.25 -0.0550273
-1.375 -2.125 -0.0683667
-1.375 -2 -0.0833364
-1.375 -1.875 -0.0996207
-1.375 -1.75 -0.116721
-1.375 -1.625 -0.13395
-1.375 -1.5 -0.150441
-1.375 -1.375 -0.165183
-1.375 -1.25 -0.177077
-1.375 -1.125 -0.185008
-1.375 -1 -0.187937
-1.375 -0.875 -0.185006
-1.375 -0.75 -0.175625
-1.375 -0.625 -0.159564
-1.375 -0.5 -0.137004
-1.375 -0.375 -0.108563
-1.375 -0.25 -0.0752756
-1.375 -0.125 -0.0385357
-1.375 0 1.70072e-17
-1.375 0.125 0.0385357
-1.375 0.25 0.0752756
-1.375 0.375 0.108563
-1.375 0.5 0.137004
-1.375 0.625 0.159564
-1.375 0.75 0.175625
-1.375 0.875 0.185006
-1.375 1 0.187937
-1.375 1.125 0.185008
-1.375 1.25 0.177077
-1.375 1.375 0.165183
-1.375 1.5 0.150441
-1.375 1.625 0.13395
-1.375 1.75 0.116721
-1.375 1.875 0.0996207
-1.375 2 0.0833364
-1.375 2.125 0.0683667
-1.375 2.25 0.0550273
-1.375 2.375 0.0434711
-1.375 2.5 0.0337171
-1.375 2.625 0.0256825
-1.375 2.75 0.0192152
-1.375 2.875 0.0141227
-1.375 3 0.0101959
-1.375 3.125 0.00722802
-1.375 3.25 0.00502654
-1.375 3.375 0.00342073
-1.375 3.5 0.00226465
-1.375 3.625 0.00143676
-1.375 3.75 0.000837123
-1.375 3.875 0.000382559
-1.375 4 0

-1.25 -4 0
-1.25 -3.875 -0.000450897
-1.25 -3.75 -0.00098666
-1.25 -3.625 -0.00169341
-1.25 -3.5 -0.00266919
-1.25 -3.375 -0.00403179
-1.25 -3.25 -0.00592444
-1.25 -3.125 -0.00851918
-1.25 -3 -0.0120172
-1.25 -2.875 -0.0166454
-1.25 -2.75 -0.0226477
-1.25 -2.625 -0.0302703
-1.25 -2.5 -0.03974
-1.25 -2.375 -0.0512364
-1.25 -2.25 -0.0648569
-1.25 -2.125 -0.0805792
-1.25 -2 -0.098223
-1.25 -1.875 -0.117416
-1.25 -1.75 -0.137571
-1.25 -1.625 -0.157877
-1.25 -1.5 -0.177314
-1.25 -1.375 -0.19469
-1.25 -1.25 -0.208709
-1.25 -1.125 -0.218056
-1.25 -1 -0.221509
-1.25 -0.875 -0.218054
-1.25 -0.75 -0.206997
-1.25 -0.625 -0.188067
-1.25 -0.5 -0.161478
-1.25 -0.375 -0.127956
-1.25 -0.25 -0.0887223
-1.25 -0.125 -0.0454194
-1.25 0 1.84399e-17
-1.25 0.125 0.0454194
-1.25 0.25 0.0887223
-1.25 0.375 0.127956
-1.25 0.5 0.161478
-1.25 0.625 0.188067
-1.25 0.75 0.206997
-1.25 0.875 0.218054
-1.25 1 0.221509
-1.25 1.125 0.218056
-1.25 1.25 0.208709
-1.25 1.375 0.19469
-1.25 1.5 0.177314
-1.25 1.625 0.157877
-1.25 1.75 0.137571
-1.25 1.875 0.117416
-1.25 2 0.098223
-1.25 2.125 0.0805792
-1.25 2.25 0.0648569
-1.25 2.375 0.0512364
-1.25 2.5 0.03974
-1.25 2.625 0.0302703
-1.25 2.75 0.0226477
-1.25 2.875 0.0166454
-1.25 3 0.0120172
-1.25 3.125 0.00851918
-1.25 3.25 0.00592444
-1.25 3.375 0.00403179
-1.25 3.5 0.00266919
-1.25 3.625 0.00169341
-1.25 3.75 0.00098666
-1.25 3.875 0.000450897
-1.25 4 0

-1.125 -4 0
-1.125 -3.875 -0.000523203
-1.125 -3.75 -0.00114488
-1.125 -3.625 -0.00196497
-1.125 -3.5 -0.00309722
-1.125 -3.375 -0.00467833
-1.125 -3.25 -0.0068745
-1.125 -3.125 -0.00988534
-1.125 -3 -0.0139443
-1.125 -2.875 -0.0193147
-1.125 -2.75 -0.0262795
-1.125 -2.625 -0.0351245
-1.125 -2.5 -0.0461129
-1.125 -2.375 -0.0594528
-1.125 -2.25 -0.0752575
-1.125 -2.125 -0.0935011
-1.125 -2 -0.113974
-1.125 -1.875 -0.136245
-1.125 -1.75 -0.159632
-1.125 -1.625 -0.183195
-1.125 -1.5 -0.205749
-1.125 -1.375 -0.225912
-1.125 -1.25 -0.242178
-1.125 -1.125 -0.253024
-1.125 -1 -0.257031
-1.125 -0.875 -0.253021
-1.125 -0.75 -0.240192
-1.125 -0.625 -0.218226
-1.125 -0.5 -0.187373
-1.125 -0.375 -0.148475
-1.125 -0.25 -0.10295
-1.125 -0.125 -0.052703
-1.125 0 1.96484e-17
-1.125 0.125 0.052703
-1.125 0.25 0.10295
-1.125 0.375 0.148475
-1.125 0.5 0.187373
-1.125 0.625 0.218226
-1.125 0.75 0.240192
-1.125 0.875 0.253021
-1.125 1 0.257031
-1.125 1.125 0.253024
-1.125 1.25 0.242178
-1.125 1.375 0.225912
-1.125 1.5 0.205749
-1.125 1.625 0.183195
-1.125 1.75 0.159632
-1.125 1.875 0.136245
-1.125 2 0.113974
-1.125 2.125 0.0935011
-1.125 2.25 0.0752575
-1.125 2.375 0.0594528
-1.125 2.5 0.0461129
-1.125 2.625 0.0351245
-1.125 2.75 0.0262795
-1.125 2.875 0.0193147
-1.125 3 0.0139443
-1.125 3.125 0.00988534
-1.125 3.25 0.0068745
-1.125 3.375 0.00467833
-1.125 3.5 0.00309722
-1.125 3.625 0.00196497
-1.125 3.75 0.00114488
-1.125 3.875 0.000523203
-1.125 4 0

-1 -4 0
-1 -3.875 -0.000597689
-1 -3.75 -0.00130788
-1 -3.625 -0.00224471
-1 -3.5 -0.00353816
-1 -3.375 -0.00534437
-1 -3.25 -0.00785319
-1 -3.125 -0.0112927
-1 -3 -0.0159295
-1 -2.875 -0.0220645
-1 -2.75 -0.0300208
-1 -2.625 -0.040125
-1 -2.5 -0.0526777
-1 -2.375 -0.0679168
-1 -2.25 -0.0859716
-1 -2.125 -0.106812
-1 -2 -0.1302
-1 -1.875 -0.155642
-1 -1.75 -0.182359
-1 -1.625 -0.209275
-1 -1.5 -0.23504
-1 -1.375 -0.258073
-1 -1.25 -0.276656
-1 -1.125 -0.289046
-1 -1 -0.293623
-1 -0.875 -0.289043
-1 -0.75 -0.274387
-1 -0.625 -0.249294
-1 -0.5 -0.214048
-1 -0.375 -0.169613
-1 -0.25 -0.117607
-1 -0.125 -0.060206
-1 0 2.02882e-17
-1 0.125 0.060206
-1 0.25 0.117607
-1 0.375 0.169613
-1 0.5 0.214048
-1 0.625 0.249294
-1 0.75 0.274387
-1 0.875 0.289043
-1 1 0.293623
-1 1.125 0.289046
-1 1.25 0.276656
-1 1.375 0.258073
-1 1.5 0.23504
-1 1.625 0.209275
-1 1.75 0.182359
-1 1.875 0.155642
-1 2 0.1302
-1 2.125 0.106812
-1 2.25 0.0859716
-1 2.375 0.0679168
-1 2.5 0.0526777
-1 2.625 0.040125
-1 2.75 0.0300208
-1 2.875 0.0220645
-1 3 0.0159295
-1 3.125 0.0112927
-1 3.25 0.00785319
-1 3.375 0.00534437
-1 3.5 0.00353816
-1 3.625 0.00224471
-1 3.75 0.00130788
-1 3.875 0.000597689
-1 4 0

-0.875 -4 0
-0.875 -3.875 -0.000672184
-0.875 -3.75 -0.00147089
-0.875 -3.625 -0.00252449
-0.875 -3.5 -0.00397915
-0.875 -3.375 -0.00601048
-0.875 -3.25 -0.008832
-0.875 -3.125 -0.0127002
-0.875 -3 -0.0179149
-0.875 -2.875 -0.0248145
-0.875 -2.75 -0.0337626
-0.875 -2.625 -0.0451261
-0.875 -2.5 -0.0592434
-0.875 -2.375 -0.0763819
-0.875 -2.25 -0.0966869
-0.875 -2.125 -0.120125
-0.875 -2 -0.146428
-0.875 -1.875 -0.175041
-0.875 -1.75 -0.205087
-0.875 -1.625 -0.235359
-0.875 -1.5 -0.264335
-0.875 -1.375 -0.290239
-0.875 -1.25 -0.311138
-0.875 -1.125 -0.325072
-0.875 -1 -0.33022
-0.875 -0.875 -0.325068
-0.875 -0.75 -0.308586
-0.875 -0.625 -0.280365
-0.875 -0.5 -0.240727
-0.875 -0.375 -0.190753
-0.875 -0.25 -0.132265
-0.875 -0.125 -0.06771
-0.875 0 1.78058e-17
-0.875 0.125 0.06771
-0.875 0.25 0.132265
-0.875 0.375 0.190753
-0.875 0.5 0.240727
-0.875 0.625 0.280365
-0.875 0.75 0.308586
-0.875 0.875 0.325068
-0.875 1 0.33022
-0.875 1.125 0.325072
-0.875 1.25 0.311138
-0.875 1.375 0.290239
-0.875 1.5 0.264335
-0.875 1.625 0.235359
-0.875 1.75 0.205087
-0.875 1.875 0.175041
-0.875 2 0.146428
-0.875 2.125 0.120125
-0.875 2.25 0.0966869
-0.875 2.375 0.0763819
-0.875 2.5 0.0592434
-0.875 2.625 0.0451261
-0.875 2.75 0.0337626
-0.875 2.875 0.0248145
-0.875 3 0.0179149
-0.875 3.125 0.0127002
-0.875 3.25 0.008832
-0.875 3.375 0.00601048
-0.875 3.5 0.00397915
-0.875 3.625 0.00252449
-0.875 3.75 0.00147089
-0.875 3.875 0.000672184
-0.875 4 0

-0.75 -4 0
-0.75 -3.875 -0.000744228
-0.75 -3.75 -0.00162853
-0.75 -3.625 -0.00279506
-0.75 -3.5 -0.00440563
-0.75 -3.375 -0.00665467
-0.75 -3.25 -0.0097786
-0.75 -3.125 -0.0140613
-0.75 -3 -0.019835
-0.75 -2.875 -0.0274741
-0.75 -2.75 -0.0373812
-0.75 -2.625 -0.0499626
-0.75 -2.5 -0.065593
-0.75 -2.375 -0.0845683
-0.75 -2.25 -0.10705
-0.75 -2.125 -0.133
-0.75 -2 -0.162122
-0.75 -1.875 -0.193801
-0.75 -1.75 -0.227068
-0.75 -1.625 -0.260584
-0.75 -1.5 -0.292666
-0.75 -1.375 -0.321346
-0.75 -1.25 -0.344485
-0.75 -1.125 -0.359913
-0.75 -1 -0.365612
-0.75 -0.875 -0.359908
-0.75 -0.75 -0.341659
-0.75 -0.625 -0.310414
-0.75 -0.5 -0.266527
-0.75 -0.375 -0.211198
-0.75 -0.25 -0.146441
-0.75 -0.125 -0.074967
-0.75 0 1.71965e-17
-0.75 0.125 0.074967
-0.75 0.25 0.146441
-0.75 0.375 0.211198
-0.75 0.5 0.266527
-0.75 0.625 0.310414
-0.75 0.75 0.341659
-0.75 0.875 0.359908
-0.75 1 0.365612
-0.75 1.125 0.359913
-0.75 1.25 0.344485
-0.75 1.375 0.321346
-0.75 1.5 0.292666
-0.75 1.625 0.260584
-0.75 1.75 0.227068
-0.75 1.875 0.193801
-0.75 2 0.162122
-0.75 2.125 0.133
-0.75 2.25 0.10705
-0.75 2.375 0.0845683
-0.75 2.5 0.065593
-0.75 2.625 0.0499626
-0.75 2.75 0.0373812
-0.75 2.875 0.0274741
-0.75 3 0.019835
-0.75 3.125 0.0140613
-0.75 3.25 0.0097786
-0.75 3.375 0.00665467
-0.75 3.5 0.00440563
-0.75 3.625 0.00279506
-0.75 3.75 0.00162853
-0.75 3.875 0.000744228
-0.75 4 0

-0.625 -4 0
-0.625 -3.875 -0.000811195
-0.625 -3.75 -0.00177507
-0.625 -3.625 -0.00304657
-0.625 -3.5 -0.00480205
-0.625 -3.375 -0.00725347
-0.625 -3.25 -0.0106585
-0.625 -3.125 -0.0153266
-0.625 -3 -0.0216198
-0.625 -2.875 -0.0299463
-0.625 -2.75 -0.0407448
-0.625 -2.625 -0.0544583
-0.625 -2.5 -0.0714951
-0.625 -2.375 -0.0921779
-0.625 -2.25 -0.116682
-0.625 -2.125 -0.144968
-0.625 -2 -0.17671
-0.625 -1.875 -0.21124
-0.625 -1.75 -0.2475
-0.625 -1.625 -0.284032
-0.625 -1.5 -0.319001
-0.625 -1.375 -0.350262
-0.625 -1.25 -0.375482
-0.625 -1.125 -0.392298
-0.625 -1 -0.398511
-0.625 -0.875 -0.392294
-0.625 -0.75 -0.372403
-0.625 -0.625 -0.338346
-0.625 -0.5 -0.29051
-0.625 -0.375 -0.230202
-0.625 -0.25 -0.159618
-0.625 -0.125 -0.0817127
-0.625 0 1.25948e-17
-0.625 0.125 0.0817127
-0.625 0.25 0.159618
-0.625 0.375 0.230202
-0.625 0.5 0.29051
-0.625 0.625 0.338346
-0.625 0.75 0.372403
-0.625 0.875 0.392294
-0.625 1 0.398511
-0.625 1.125 0.392298
-0.625 1.25 0.375482
-0.625 1.375 0.350262
-0.625 1.5 0.319001
-0.625 1.625 0.284032
-0.625 1.75 0.2475
-0.625 1.875 0.21124
-0.625 2 0.17671
-0.625 2.125 0.144968
-0.625 2.25 0.116682
-0.625 2.375 0.0921779
-0.625 2.5 0.0714951
-0.625 2.625 0.0544583
-0.625 2.75 0.0407448
-0.625 2.875 0.0299463
-0.625 3 0.0216198
-0.625 3.125 0.0153266
-0.625 3.25 0.0106585
-0.625 3.375 0.00725347
-0.625 3.5 0.00480205
-0.625 3.625 0.00304657
-0.625 3.75 0.00177507
-0.625 3.875 0.000811195
-0.625 4 0

-0.5 -4 0
-0.5 -3.875 -0.00087045
-0.5 -3.75 -0.00190474
-0.5 -3.625 -0.00326911
-0.5 -3.5 -0.00515283
-0.5 -3.375 -0.00778332
-0.5 -3.25 -0.0114371
-0.5 -3.125 -0.0164462
-0.5 -3 -0.0231991
-0.5 -2.875 -0.0321338
-0.5 -2.75 -0.0437211
-0.5 -2.625 -0.0584364
-0.5 -2.5 -0.0767177
-0.5 -2.375 -0.0989113
-0.5 -2.25 -0.125206
-0.5 -2.125 -0.155557
-0.5 -2 -0.189618
-0.5 -1.875 -0.226671
-0.5 -1.75 -0.26558
-0.5 -1.625 -0.30478
-0.5 -1.5 -0.342303
-0.5 -1.375 -0.375848
-0.5 -1.25 -0.40291
-0.5 -1.125 -0.420955
-0.5 -1 -0.427621
-0.5 -0.875 -0.42095
-0.5 -0.75 -0.399606
-0.5 -0.625 -0.363062
-0.5 -0.5 -0.311731
-0.5 -0.375 -0.247018
-0.5 -0.25 -0.171277
-0.5 -0.125 -0.0876816
-0.5 0 1.23222e-17
-0.5 0.125 0.0876816
-0.5 0.25 0.171277
-0.5 0.375 0.247018
-0.5 0.5 0.311731
-0.5 0.625 0.363062
-0.5 0.75 0.399606
-0.5 0.875 0.42095
-0.5 1 0.427621
-0.5 1.125 0.420955
-0.5 1.25 0.40291
-0.5 1.375 0.375848
-0.5 1.5 0.342303
-0.5 1.625 0.30478
-0.5 1.75 0.26558
-0.5 1.875 0.226671
-0.5 2 0.189618
-0.5 2.125 0.155557
-0.5 2.25 0.125206
-0.5 2.375 0.0989113
-0.5 2.5 0.0767177
-0.5 2.625 0.0584364
-0.5 2.75 0.0437211
-0.5 2.875 0.0321338
-0.5 3 0.0231991
-0.5 3.125 0.0164462
-0.5 3.25 0.0114371
-0.5 3.375 0.00778332
-0.5 3.5 0.00515283
-0.5 3.625 0.00326911
-0.5 3.75 0.00190474
-0.5 3.875 0.00087045
-0.5 4 0

-0.375 -4 0
-0.375 -3.875 -0.000919519
-0.375 -3.75 -0.00201211
-0.375 -3.625 -0.00345339
-0.375 -3.5 -0.0054433
-0.375 -3.375 -0.00822207
-0.375 -3.25 -0.0120818
-0.375 -3.125 -0.0173733
-0.375 -3 -0.0245069
-0.375 -2.875 -0.0339452
-0.375 -2.75 -0.0461858
-0.375 -2.625 -0.0617305
-0.375 -2.5 -0.0810424
-0.375 -2.375 -0.104487
-0.375 -2.25 -0.132264
-0.375 -2.125 -0.164326
-0.375 -2 -0.200307
-0.375 -1.875 -0.239448
-0.375 -1.75 -0.280551
-0.375 -1.625 -0.321961
-0.375 -1.5 -0.361599
-0.375 -1.375 -0.397035
-0.375 -1.25 -0.425623
-0.375 -1.125 -0.444685
-0.375 -1 -0.451726
-0.375 -0.875 -0.444679
-0.375 -0.75 -0.422132
-0.375 -0.625 -0.383528
-0.375 -0.5 -0.329304
-0.375 -0.375 -0.260943
-0.375 -0.25 -0.180933
-0.375 -0.125 -0.0926244
-0.375 0 1.6466e-17
-0.375 0.125 0.0926244
-0.375 0.25 0.180933
-0.375 0.375 0.260943
-0.375 0.5 0.329304
-0.375 0.625 0.383528
-0.375 0.75 0.422132
-0.375 0.875 0.444679
-0.375 1 0.451726
-0.375 1.125 0.444685
-0.375 1.25 0.425623
-0.375 1.375 0.397035
-0.375 1.5 0.361599
-0.375 1.625 0.321961
-0.375 1.75 0.280551
-0.375 1.875 0.239448
-0.375 2 0.200307
-0.375 2.125 0.164326
-0.375 2.25 0.132264
-0.375 2.375 0.104487
-0.375 2.5 0.0810424
-0.375 2.625 0.0617305
-0.375 2.75 0.0461858
-0.375 2.875 0.0339452
-0.375 3 0.0245069
-0.375 3.125 0.0173733
-0.375 3.25 0.0120818
-0.375 3.375 0.00822207
-0.375 3.5 0.0054433
-0.375 3.625 0.00345339
-0.375 3.75 0.00201211
-0.375 3.875 0.000919519
-0.375 4 0

-0.25 -4 0
-0.25 -3.875 -0.000956255
-0.25 -3.75 -0.0020925
-0.25 -3.625 -0.00359136
-0.25 -3.5 -0.00566077
-0.25 -3.375 -0.00855056
-0.25 -3.25 -0.0125645
-0.25 -3.125 -0.0180674
-0.25 -3 -0.025486
-0.25 -2.875 -0.0353014
-0.25 -2.75 -0.0480309
-0.25 -2.625 -0.0641967
-0.25 -2.5 -0.0842801
-0.25 -2.375 -0.108662
-0.25 -2.25 -0.137548
-0.25 -2.125 -0.170891
-0.25 -2 -0.20831
-0.25 -1.875 -0.249015
-0.25 -1.75 -0.291759
-0.25 -1.625 -0.334824
-0.25 -1.5 -0.376045
-0.25 -1.375 -0.412897
-0.25 -1.25 -0.442627
-0.25 -1.125 -0.462451
-0.25 -1 -0.469774
-0.25 -0.875 -0.462445
-0.25 -0.75 -0.438997
-0.25 -0.625 -0.39885
-0.25 -0.5 -0.34246
-0.25 -0.375 -0.271367
-0.25 -0.25 -0.188161
-0.25 -0.125 -0.0963248
-0.25 0 1.69786e-17
-0.25 0.125 0.0963248
-0.25 0.25 0.188161
-0.25 0.375 0.271367
-0.25 0.5 0.34246
-0.25 0.625 0.39885
-0.25 0.75 0.438997
-0.25 0.875 0.462445
-0.25 1 0.469774
-0.25 1.125 0.462451
-0.25 1.25 0.442627
-0.25 1.375 0.412897
-0.25 1.5 0.376045
-0.25 1.625 0.334824
-0.25 1.75 0.291759
-0.25 1.875 0.249015
-0.25 2 0.20831
-0.25 2.125 0.170891
-0.25 2.25 0.137548
-0.25 2.375 0.108662
-0.25 2.5 0.0842801
-0.25 2.625 0.0641967
-0.25 2.75 0.0480309
-0.25 2.875 0.0353014
-0.25 3 0.025486
-0.25 3.125 0.0180674
-0.25 3.25 0.0125645
-0.25 3.375 0.00855056
-0.25 3.5 0.00566077
-0.25 3.625 0.00359136
-0.25 3.75 0.0020925
-0.25 3.875 0.000956255
-0.25 4 0

-0.125 -4 0
-0.125 -3.875 -0.000978998
-0.125 -3.75 -0.00214226
-0.125 -3.625 -0.00367678
-0.125 -3.5 -0.00579541
-0.125 -3.375 -0.00875392
-0.125 -3.25 -0.0128633
-0.125 -3.125 -0.0184971
-0.125 -3 -0.0260921
-0.125 -2.875 -0.036141
-0.125 -2.75 -0.0491733
-0.125 -2.625 -0.0657236
-0.125 -2.5 -0.0862846
-0.125 -2.375 -0.111246
-0.125 -2.25 -0.140819
-0.125 -2.125 -0.174956
-0.125 -2 -0.213264
-0.125 -1.875 -0.254937
-0.125 -1.75 -0.298698
-0.125 -1.625 -0.342787
-0.125 -1.5 -0.384989
-0.125 -1.375 -0.422717
-0.125 -1.25 -0.453155
-0.125 -1.125 -0.473449
-0.125 -1 -0.480946
-0.125 -0.875 -0.473444
-0.125 -0.75 -0.449438
-0.125 -0.625 -0.408337
-0.125 -0.5 -0.350605
-0.125 -0.375 -0.277822
-0.125 -0.25 -0.192636
-0.125 -0.125 -0.0986158
-0.125 0 1.68483e-17
-0.125 0.125 0.0986158
-0.125 0.25 0.192636
-0.125 0.375 0.277822
-0.125 0.5 0.350605
-0.125 0.625 0.408337
-0.125 0.75 0.449438
-0.125 0.875 0.473444
-0.125 1 0.480946
-0.125 1.125 0.473449
-0.125 1.25 0.453155
-0.125 1.375 0.422717
-0.125 1.5 0.384989
-0.125 1.625 0.342787
-0.125 1.75 0.298698
-0.125 1.875 0.254937
-0.125 2 0.213264
-0.125 2.125 0.174956
-0.125 2.25 0.140819
-0.125 2.375 0.111246
-0.125 2.5 0.0862846
-0.125 2.625 0.0657236
-0.125 2.75 0.0491733
-0.125 2.875 0.036141
-0.125 3 0.0260921
-0.125 3.125 0.0184971
-0.125 3.25 0.0128633
-0.125 3.375 0.00875392
-0.125 3.5 0.00579541
-0.125 3.625 0.00367678
-0.125 3.75 0.00214226
-0.125 3.875 0.000978998
-0.125 4 0

0 -4 0
0 -3.875 -0.000986699
0 -3.75 -0.00215911
0 -3.625 -0.0037057
0 -3.5 -0.00584099
0 -3.375 -0.00882278
0 -3.25 -0.0129645
0 -3.125 -0.0186426
0 -3 -0.0262973
0 -2.875 -0.0364253
0 -2.75 -0.0495601
0 -2.625 -0.0662406
0 -2.5 -0.0869633
0 -2.375 -0.112121
0 -2.25 -0.141927
0 -2.125 -0.176332
0 -2 -0.214942
0 -1.875 -0.256942
0 -1.75 -0.301048
0 -1.625 -0.345484
0 -1.5 -0.388017
0 -1.375 -0.426042
0 -1.25 -0.456719
0 -1.125 -0.477174
0 -1 -0.48473
0 -0.875 -0.477168
0 -0.75 -0.452973
0 -0.625 -0.411549
0 -0.5 -0.353363
0 -0.375 -0.280007
0 -0.25 -0.194152
0 -0.125 -0.0993915
0 0 1.67383e-17
0 0.125 0.0993915
0 0.25 0.194152
0 0.375 0.280007
0 0.5 0.353363
0 0.625 0.411549
0 0.75 0.452973
0 0.875 0.477168
0 1 0.48473
0 1.125 0.477174
0 1.25 0.456719
0 1.375 0.426042
0 1.5 0.388017
0 1.625 0.345484
0 1.75 0.301048
0 1.875 0.256942
0 2 0.214942
0 2.125 0.176332
0 2.25 0.141927
0 2.375 0.112121
0 2.5 0.0869633
0 2.625 0.0662406
0 2.75 0.0495601
0 2.875 0.0364253
0 3 0.0262973
0 3.125 0.0186426
0 3.25 0.0129645
0 3.375 0.00882278
0 3.5 0.00584099
0 3.625 0.0037057
0 3.75 0.00215911
0 3.875 0.000986699
0 4 0

0.125 -4 0
0.125 -3.875 -0.000978998
0.125 -3.75 -0.00214226
0.125 -3.625 -0.00367678
0.125 -3.5 -0.00579541
0.125 -3.375 -0.00875392
0.125 -3.25 -0.0128633
0.125 -3.125 -0.0184971
0.125 -3 -0.0260921
0.125 -2.875 -0.036141
0.125 -2.75 -0.0491733
0.125 -2.625 -0.0657236
0.125 -2.5 -0.0862846
0.125 -2.375 -0.111246
0.125 -2.25 -0.140819
0.125 -2.125 -0.174956
0.125 -2 -0.213264
0.125 -1.875 -0.254937
0.125 -1.75 -0.298698
0.125 -1.625 -0.342787
0.125 -1.5 -0.384989
0.125 -1.375 -0.422717
0.125 -1.25 -0.453155
0.125 -1.125 -0.473449
0.125 -1 -0.480946
0.125 -0.875 -0.473444
0.125 -0.75 -0.449438
0.125 -0.625 -0.408337
0.125 -0.5 -0.350605
0.125 -0.375 -0.277822
0.125 -0.25 -0.192636
0.125 -0.125 -0.0986158
0.125 0 1.58366e-17
0.125 0.125 0.0986158
0.125 0.25 0.192636
0.125 0.375 0.277822
0.125 0.5 0.350605
0.125 0.625 0.408337
0.125 0.75 0.449438
0.125 0.875 0.473444
0.125 1 0.480946
0.125 1.125 0.473449
0.125 1.25 0.453155
0.125 1.375 0.422717
0.125 1.5 0.384989
0.125 1.625 0.342787
0.125 1.75 0.298698
0.125 1.875 0.254937
0.125 2 0.213264
0.125 2.125 0.174956
0.125 2.25 0.140819
0.125 2.375 0.111246
0.125 2.5 0.0862846
0.125 2.625 0.0657236
0.125 2.75 0.0491733
0.125 2.875 0.036141
0.125 3 0.0260921
0.125 3.125 0.0184971
0.125 3.25 0.0128633
0.125 3.375 0.00875392
0.125 3.5 0.00579541
0.125 3.625 0.00367678
0.125 3.75 0.00214226
0.125 3.875 0.000978998
0.125 4 0

0.25 -4 0
0.25 -3.875 -0.000956255
0.25 -3.75 -0.0020925
0.25 -3.625 -0.00359136
0.25 -3.5 -0.00566077
0.25 -3.375 -0.00855056
0.25 -3.25 -0.0125645
0.25 -3.125 -0.0180674
0.25 -3 -0.025486
0.25 -2.875 -0.0353014
0.25 -2.75 -0.0480309
0.25 -2.625 -0.0641967
0.25 -2.5 -0.0842801
0.25 -2.375 -0.108662
0.25 -2.25 -0.137548
0.25 -2.125 -0.170891
0.25 -2 -0.20831
0.25 -1.875 -0.249015
0.25 -1.75 -0.291759
0.25 -1.625 -0.334824
0.25 -1.5 -0.376045
0.25 -1.375 -0.412897
0.25 -1.25 -0.442627
0.25 -1.125 -0.462451
0.25 -1 -0.469774
0.25 -0.875 -0.462445
0.25 -0.75 -0.438997
0.25 -0.625 -0.39885
0.25 -0.5 -0.34246
0.25 -0.375 -0.271367
0.25 -0.25 -0.188161
0.25 -0.125 -0.0963248
0.25 0 1.91187e-17
0.25 0.125 0.0963248
0.25 0.25 0.188161
0.25 0.375 0.271367
0.25 0.5 0.34246
0.25 0.625 0.39885
0.25 0.75 0.438997
0.25 0.875 0.462445
0.25 1 0.469774
0.25 1.125 0.462451
0.25 1.25 0.442627
0.25 1.375 0.412897
0.25 1.5 0.376045
0.25 1.625 0.334824
0.25 1.75 0.291759
0.25 1.875 0.249015
0.25 2 0.20831
0.25 2.125 0.170891
0.25 2.25 0.137548
0.25 2.375 0.108662
0.25 2.5 0.0842801
0.25 2.625 0.0641967
0.25 2.75 0.0480309
0.25 2.875 0.0353014
0.25 3 0.025486
0.25 3.125 0.0180674
0.25 3.25 0.0125645
0.25 3.375 0.00855056
0.25 3.5 0.00566077
0.25 3.625 0.00359136
0.25 3.75 0.0020925
0.25 3.875 0.000956255
0.25 4 0

0.375 -4 0
0.375 -3.875 -0.000919519
0.375 -3.75 -0.00201211
0.375 -3.625 -0.00345339
0.375 -3.5 -0.0054433
0.375 -3.375 -0.00822207
0.375 -3.25 -0.0120818
0.375 -3.125 -0.0173733
0.375 -3 -0.0245069
0.375 -2.875 -0.0339452
0.375 -2.75 -0.0461858
0.375 -2.625 -0.0617305
0.375 -2.5 -0.0810424
0.375 -2.375 -0.104487
0.375 -2.25 -0.132264
0.375 -2.125 -0.164326
0.375 -2 -0.200307
0.375 -1.875 -0.239448
0.375 -1.75 -0.280551
0.375 -1.625 -0.321961
0.375 -1.5 -0.361599
0.375 -1.375 -0.397035
0.375 -1.25 -0.425623
0.375 -1.125 -0.444685
0.375 -1 -0.451726
0.375 -0.875 -0.444679
0.375 -0.75 -0.422132
0.375 -0.625 -0.383528
0.375 -0.5 -0.329304
0.375 -0.375 -0.260943
0.375 -0.25 -0.180933
0.375 -0.125 -0.0926244
0.375 0 1.82858e-17
0.375 0.125 0.0926244
0.375 0.25 0.180933
0.375 0.375 0.260943
0.375 0.5 0.329304
0.375 0.625 0.383528
0.375 0.75 0.422132
0.375 0.875 0.444679
0.375 1 0.451726
0.375 1.125 0.444685
0.375 1.25 0.425623
0.375 1.375 0.397035
0.375 1.5 0.361599
0.375 1.625 0.321961
0.375 1.75 0.280551
0.375 1.875 0.239448
0.375 2 0.200307
0.375 2.125 0.164326
0.375 2.25 0.132264
0.375 2.375 0.104487
0.375 2.5 0.0810424
0.375 2.625 0.0617305
0.375 2.75 0.0461858
0.375 2.875 0.0339452
0.375 3 0.0245069
0.375 3.125 0.0173733
0.375 3.25 0.0120818
0.375 3.375 0.00822207
0.375 3.5 0.0054433
0.375 3.625 0.00345339
0.375 3.75 0.00201211
0.375 3.875 0.000919519
0.375 4 0

0.5 -4 0
0.5 -3.875 -0.00087045
0.5 -3.75 -0.00190474
0.5 -3.625 -0.00326911
0.5 -3.5 -0.00515283
0.5 -3.375 -0.00778332
0.5 -3.25 -0.0114371
0.5 -3.125 -0.0164462
0.5 -3 -0.0231991
0.5 -2.875 -0.0321338
0.5 -2.75 -0.0437211
0.5 -2.625 -0.0584364
0.5 -2.5 -0.0767177
0.5 -2.375 -0.0989113
0.5 -2.25 -0.125206
0.5 -2.125 -0.155557
0.5 -2 -0.189618
0.5 -1.875 -0.226671
0.5 -1.75 -0.26558
0.5 -1.625 -0.30478
0.5 -1.5 -0.342303
0.5 -1.375 -0.375848
0.5 -1.25 -0.40291
0.5 -1.125 -0.420955
0.5 -1 -0.427621
0.5 -0.875 -0.42095
0.5 -0.75 -0.399606
0.5 -0.625 -0.363062
0.5 -0.5 -0.311731
0.5 -0.375 -0.247018
0.5 -0.25 -0.171277
0.5 -0.125 -0.0876816
0.5 0 2.07595e-17
0.5 0.125 0.0876816
0.5 0.25 0.171277
0.5 0.375 0.247018
0.5 0.5 0.311731
0.5 0.625 0.363062
0.5 0.75 0.399606
0.5 0.875 0.42095
0.5 1 0.427621
0.5 1.125 0.420955
0.5 1.25 0.40291
0.5 1.375 0.375848
0.5 1.5 0.342303
0.5 1.625 0.30478
0.5 1.75 0.26558
0.5 1.875 0.226671
0.5 2 0.189618
0.5 2.125 0.155557
0.5 2.25 0.125206
0.5 2.375 0.0989113
0.5 2.5 0.0767177
0.5 2.625 0.0584364
0.5 2.75 0.0437211
0.5 2.875 0.0321338
0.5 3 0.0231991
0.5 3.125 0.0164462
0.5 3.25 0.0114371
0.5 3.375 0.00778332
0.5 3.5 0.00515283
0.5 3.625 0.00326911
0.5 3.75 0.00190474
0.5 3.875 0.00087045
0.5 4 0

0.625 -4 0
0.625 -3.875 -0.000811195
0.625 -3.75 -0.00177507
0.625 -3.625 -0.00304657
0.625 -3.5 -0.00480205
0.625 -3.375 -0.00725347
0.625 -3.25 -0.0106585
0.625 -3.125 -0.0153266
0.625 -3 -0.0216198
0.625 -2.875 -0.0299463
0.625 -2.75 -0.0407448
0.625 -2.625 -0.0544583
0.625 -2.5 -0.0714951
0.625 -2.375 -0.0921779
0.625 -2.25 -0.116682
0.625 -2.125 -0.144968
0.625 -2 -0.17671
0.625 -1.875 -0.21124
0.625 -1.75 -0.2475
0.625 -1.625 -0.284032
0.625 -1.5 -0.319001
0.625 -1.375 -0.350262
0.625 -1.25 -0.375482
0.625 -1.125 -0.392298
0.625 -1 -0.398511
0.625 -0.875 -0.392294
0.625 -0.75 -0.372403
0.625 -0.625 -0.338346
0.625 -0.5 -0.29051
0.625 -0.375 -0.230202
0.625 -0.25 -0.159618
0.625 -0.125 -0.0817127
0.625 0 1.65986e-17
0.625 0.125 0.0817127
0.625 0.25 0.159618
0.625 0.375 0.230202
0.625 0.5 0.29051
0.625 0.625 0.338346
0.625 0.75 0.372403
0.625 0.875 0.392294
0.625 1 0.398511
0.625 1.125 0.392298
0.625 1.25 0.375482
0.625 1.375 0.350262
0.625 1.5 0.319001
0.625 1.625 0.284032
0.625 1.75 0.2475
0.625 1.875 0.21124
0.625 2 0.17671
0.625 2.125 0.144968
0.625 2.25 0.116682
0.625 2.375 0.0921779
0.625 2.5 0.0714951
0.625 2.625 0.0544583
0.625 2.75 0.0407448
0.625 2.875 0.0299463
0.625 3 0.0216198
0.625 3.125 0.0153266
0.625 3.25 0.0106585
0.625 3.375 0.00725347
0.625 3.5 0.00480205
0.625 3.625 0.00304657
0.625 3.75 0.00177507
0.625 3.875 0.000811195
0.625 4 0

0.75 -4 0
0.75 -3.875 -0.000744228
0.75 -3.75 -0.00162853
0.75 -3.625 -0.00279506
0.75 -3.5 -0.00440563
0.75 -3.375 -0.00665467
0.75 -3.25 -0.0097786
0.75 -3.125 -0.0140613
0.75 -3 -0.019835
0.75 -2.875 -0.0274741
0.75 -2.75 -0.0373812
0.75 -2.625 -0.0499626
0.75 -2.5 -0.065593
0.75 -2.375 -0.0845683
0.75 -2.25 -0.10705
0.75 -2.125 -0.133
0.75 -2 -0.162122
0.75 -1.875 -0.193801
0.75 -1.75 -0.227068
0.75 -1.625 -0.260584
0.75 -1.5 -0.292666
0.75 -1.375 -0.321346
0.75 -1.25 -0.344485
0.75 -1.125 -0.359913
0.75 -1 -0.365612
0.75 -0.875 -0.359908
0.75 -0.75 -0.341659
0.75 -0.625 -0.310414
0.75 -0.5 -0.266527
0.75 -0.375 -0.211198
0.75 -0.25 -0.146441
0.75 -0.125 -0.074967
0.75 0 1.61357e-17
0.75 0.125 0.074967
0.75 0.25 0.146441
0.75 0.375 0.211198
0.75 0.5 0.266527
0.75 0.625 0.310414
0.75 0.75 0.341659
0.75 0.875 0.359908
0.75 1 0.365612
0.75 1.125 0.359913
0.75 1.25 0.344485
0.75 1.375 0.321346
0.75 1.5 0.292666
0.75 1.625 0.260584
0.75 1.75 0.227068
0.75 1.875 0.193801
0.75 2 0.162122
0.75 2.125 0.133
0.75 2.25 0.10705
0.75 2.375 0.0845683
0.75 2.5 0.065593
0.75 2.625 0.0499626
0.75 2.75 0.0373812
0.75 2.875 0.0274741
0.75 3 0.019835
0.75 3.125 0.0140613
0.75 3.25 0.0097786
0.75 3.375 0.00665467
0.75 3.5 0.00440563
0.75 3.625 0.00279506
0.75 3.75 0.00162853
0.75 3.875 0.000744228
0.75 4 0

0.875 -4 0
0.875 -3.875 -0.000672184
0.875 -3.75 -0.00147089
0.875 -3.625 -0.00252449
0.875 -3.5 -0.00397915
0.875 -3.375 -0.00601048
0.875 -3.25 -0.008832
0.875 -3.125 -0.0127002
0.875 -3 -0.0179149
0.875 -2.875 -0.0248145
0.875 -2.75 -0.0337626
0.875 -2.625 -0.0451261
0.875 -2.5 -0.0592434
0.875 -2.375 -0.0763819
0.875 -2.25 -0.0966869
0.875 -2.125 -0.120125
0.875 -2 -0.146428
0.875 -1.875 -0.175041
0.875 -1.75 -0.205087
0.875 -1.625 -0.235359
0.875 -1.5 -0.264335
0.875 -1.375 -0.290239
0.875 -1.25 -0.311138
0.875 -1.125 -0.325072
0.875 -1 -0.33022
0.875 -0.875 -0.325068
0.875 -0.75 -0.308586
0.875 -0.625 -0.280365
0.875 -0.5 -0.240727
0.875 -0.375 -0.190753
0.875 -0.25 -0.132265
0.875 -0.125 -0.06771
0.875 0 1.51714e-17
0.875 0.125 0.06771
0.875 0.25 0.132265
0.875 0.375 0.190753
0.875 0.5 0.240727
0.875 0.625 0.280365
0.875 0.75 0.308586
0.875 0.875 0.325068
0.875 1 0.33022
0.875 1.125 0.325072
0.875 1.25 0.311138
0.875 1.375 0.290239
0.875 1.5 0.264335
0.875 1.625 0.235359
0.875 1.75 0.205087
0.875 1.875 0.175041
0.875 2 0.146428
0.875 2.125 0.120125
0.875 2.25 0.0966869
0.875 2.375 0.0763819
0.875 2.5 0.0592434
0.875 2.625 0.0451261
0.875 2.75 0.0337626
0.875 2.875 0.0248145
0.875 3 0.0179149
0.875 3.125 0.0127002
0.875 3.25 0.008832
0.875 3.375 0.00601048
0.875 3.5 0.00397915
0.875 3.625 0.00252449
0.875 3.75 0.00147089
0.875 3.875 0.000672184
0.875 4 0

1 -4 0
1 -3.875 -0.000597689
1 -3.75 -0.00130788
1 -3.625 -0.00224471
1 -3.5 -0.00353816
1 -3.375 -0.00534437
1 -3.25 -0.00785319
1 -3.125 -0.0112927
1 -3 -0.0159295
1 -2.875 -0.0220645
1 -2.75 -0.0300208
1 -2.625 -0.040125
1 -2.5 -0.0526777
1 -2.375 -0.0679168
1 -2.25 -0.0859716
1 -2.125 -0.106812
1 -2 -0.1302
1 -1.875 -0.155642
1 -1.75 -0.182359
1 -1.625 -0.209275
1 -1.5 -0.23504
1 -1.375 -0.258073
1 -1.25 -0.276656
1 -1.125 -0.289046
1 -1 -0.293623
1 -0.875 -0.289043
1 -0.75 -0.274387
1 -0.625 -0.249294
1 -0.5 -0.214048
1 -0.375 -0.169613
1 -0.25 -0.117607
1 -0.125 -0.060206
1 0 1.4905e-17
1 0.125 0.060206
1 0.25 0.117607
1 0.375 0.169613
1 0.5 0.214048
1 0.625 0.249294
1 0.75 0.274387
1 0.875 0.289043
1 1 0.293623
1 1.125 0.289046
1 1.25 0.276656
1 1.375 0.258073
1 1.5 0.23504
1 1.625 0.209275
1 1.75 0.182359
1 1.875 0.155642
1 2 0.1302
1 2.125 0.106812
1 2.25 0.0859716
1 2.375 0.0679168
1 2.5 0.0526777
1 2.625 0.040125
1 2.75 0.0300208
1 2.875 0.0220645
1 3 0.0159295
1 3.125 0.0112927
1 3.25 0.00785319
1 3.375 0.00534437
1 3.5 0.00353816
1 3.625 0.00224471
1 3.75 0.00130788
1 3.875 0.000597689
1 4 0

1.125 -4 0
1.125 -3.875 -0.000523203
1.125 -3.75 -0.00114488
1.125 -3.625 -0.00196497
1.125 -3.5 -0.00309722
1.125 -3.375 -0.00467833
1.125 -3.25 -0.0068745
1.125 -3.125 -0.00988534
1.125 -3 -0.0139443
1.125 -2.875 -0.0193147
1.125 -2.75 -0.0262795
1.125 -2.625 -0.0351245
1.125 -2.5 -0.0461129
1.125 -2.375 -0.0594528
1.125 -2.25 -0.0752575
1.125 -2.125 -0.0935011
1.125 -2 -0.113974
1.125 -1.875 -0.136245
1.125 -1.75 -0.159632
1.125 -1.625 -0.183195
1.125 -1.5 -0.205749
1.125 -1.375 -0.225912
1.125 -1.25 -0.242178
1.125 -1.125 -0.253024
1.125 -1 -0.257031
1.125 -0.875 -0.253021
1.125 -0.75 -0.240192
1.125 -0.625 -0.218226
1.125 -0.5 -0.187373
1.125 -0.375 -0.148475
1.125 -0.25 -0.10295
1.125 -0.125 -0.052703
1.125 0 1.36527e-17
1.125 0.125 0.052703
1.125 0.25 0.10295
1.125 0.375 0.148475
1.125 0.5 0.187373
1.125 0.625 0.218226
1.125 0.75 0.240192
1.125 0.875 0.253021
1.125 1 0.257031
1.125 1.125 0.253024
1.125 1.25 0.242178
1.125 1.375 0.225912
1.125 1.5 0.205749
1.125 1.625 0.183195
1.125 1.75 0.159632
1.125 1.875 0.136245
1.125 2 0.113974
1.125 2.125 0.0935011
1.125 2.25 0.0752575
1.125 2.375 0.0594528
1.125 2.5 0.0461129
1.125 2.625 0.0351245
1.125 2.75 0.0262795
1.125 2.875 0.0193147
1.125 3 0.0139443
1.125 3.125 0.00988534
1.125 3.25 0.0068745
1.125 3.375 0.00467833
1.125 3.5 0.00309722
1.125 3.625 0.00196497
1.125 3.75 0.00114488
1.125 3.875 0.000523203
1.125 4 0

1.25 -4 0
1.25 -3.875 -0.000450897
1.25 -3.75 -0.00098666
1.25 -3.625 -0.00169341
1.25 -3.5 -0.00266919
1.25 -3.375 -0.00403179
1.25 -3.25 -0.00592444
1.25 -3.125 -0.00851918
1.25 -3 -0.0120172
1.25 -2.875 -0.0166454
1.25 -2.75 -0.0226477
1.25 -2.625 -0.0302703
1.25 -2.5 -0.03974
1.25 -2.375 -0.0512364
1.25 -2.25 -0.0648569
1.25 -2.125 -0.0805792
1.25 -2 -0.098223
1.25 -1.875 -0.117416
1.25 -1.75 -0.137571
1.25 -1.625 -0.157877
1.25 -1.5 -0.177314
1.25 -1.375 -0.19469
1.25 -1.25 -0.208709
1.25 -1.125 -0.218056
1.25 -1 -0.221509
1.25 -0.875 -0.218054
1.25 -0.75 -0.206997
1.25 -0.625 -0.188067
1.25 -0.5 -0.161478
1.25 -0.375 -0.127956
1.25 -0.25 -0.0887223
1.25 -0.125 -0.0454194
1.25 0 1.24193e-17
1.25 0.125 0.0454194
1.25 0.25 0.0887223
1.25 0.375 0.127956
1.25 0.5 0.161478
1.25 0.625 0.188067
1.25 0.75 0.206997
1.25 0.875 0.218054
1.25 1 0.221509
1.25 1.125 0.218056
1.25 1.25 0.208709
1.25 1.375 0.19469
1.25 1.5 0.177314
1.25 1.625 0.157877
1.25 1.75 0.137571
1.25 1.875 0.117416
1.25 2 0.098223
1.25 2.125 0.0805792
1.25 2.25 0.0648569
1.25 2.375 0.0512364
1.25 2.5 0.03974
1.25 2.625 0.0302703
1.25 2.75 0.0226477
1.25 2.875 0.0166454
1.25 3 0.0120172
1.25 3.125 0.00851918
1.25 3.25 0.00592444
1.25 3.375 0.00403179
1.25 3.5 0.00266919
1.25 3.625 0.00169341
1.25 3.75 0.00098666
1.25 3.875 0.000450897
1.25 4 0

1.375 -4 0
1.375 -3.875 -0.000382559
1.375 -3.75 -0.000837123
1.375 -3.625 -0.00143676
1.375 -3.5 -0.00226465
1.375 -3.375 -0.00342073
1.375 -3.25 -0.00502654
1.375 -3.125 -0.00722802
1.375 -3 -0.0101959
1.375 -2.875 -0.0141227
1.375 -2.75 -0.0192152
1.375 -2.625 -0.0256825
1.375 -2.5 -0.0337171
1.375 -2.375 -0.0434711
1.375 -2.25 -0.0550273
1.375 -2.125 -0.0683667
1.375 -2 -0.0833364
1.375 -1.875 -0.0996207
1.375 -1.75 -0.116721
1.375 -1.625 -0.13395
1.375 -1.5 -0.150441
1.375 -1.375 -0.165183
1.375 -1.25 -0.177077
1.375 -1.125 -0.185008
1.375 -1 -0.187937
1.375 -0.875 -0.185006
1.375 -0.75 -0.175625
1.375 -0.625 -0.159564
1.375 -0.5 -0.137004
1.375 -0.375 -0.108563
1.375 -0.25 -0.0752756
1.375 -0.125 -0.0385357
1.375 0 1.27906e-17
1.375 0.125 0.0385357
1.375 0.25 0.0752756
1.375 0.375 0.108563
1.375 0.5 0.137004
1.375 0.625 0.159564
1.375 0.75 0.175625
1.375 0.875 0.185006
1.375 1 0.187937
1.375 1.125 0.185008
1.375 1.25 0.177077
1.375 1.375 0.165183
1.375 1.5 0.150441
1.375 1.625 0.13395
1.375 1.75 0.116721
1.375 1.875 0.0996207
1.375 2 0.0833364
1.375 2.125 0.0683667
1.375 2.25 0.0550273
1.375 2.375 0.0434711
1.375 2.5 0.0337171
1.375 2.625 0.0256825
1.375 2.75 0.0192152
1.375 2.875 0.0141227
1.375 3 0.0101959
1.375 3.125 0.00722802
1.375 3.25 0.00502654
1.375 3.375 0.00342073
1.375 3.5 0.00226465
1.375 3.625 0.00143676
1.375 3.75 0.000837123
1.375 3.875 0.000382559
1.375 4 0

1.5 -4 0
1.5 -3.875 -0.000319551
1.5 -3.75 -0.000699247
1.5 -3.625 -0.00120012
1.5 -3.5 -0.00189165
1.5 -3.375 -0.00285733
1.5 -3.25 -0.00419866
1.5 -3.125 -0.00603755
1.5 -3 -0.00851661
1.5 -2.875 -0.0117966
1.5 -2.75 -0.0160504
1.5 -2.625 -0.0214525
1.5 -2.5 -0.0281638
1.5 -2.375 -0.0363113
1.5 -2.25 -0.0459641
1.5 -2.125 -0.0571065
1.5 -2 -0.0696107
1.5 -1.875 -0.0832129
1.5 -1.75 -0.0974968
1.5 -1.625 -0.111888
1.5 -1.5 -0.125663
1.5 -1.375 -0.137977
1.5 -1.25 -0.147912
1.5 -1.125 -0.154537
1.5 -1 -0.156984
1.5 -0.875 -0.154535
1.5 -0.75 -0.146699
1.5 -0.625 -0.133283
1.5 -0.5 -0.114439
1.5 -0.375 -0.0906825
1.5 -0.25 -0.0628776
1.5 -0.125 -0.0321887
1.5 0 1.27209e-17
1.5 0.125 0.0321887
1.5 0.25 0.0628776
1.5 0.375 0.0906825
1.5 0.5 0.114439
1.5 0.625 0.133283
1.5 0.75 0.146699
1.5 0.875 0.154535
1.5 1 0.156984
1.5 1.125 0.154537
1.5 1.25 0.147912
1.5 1.375 0.137977
1.5 1.5 0.125663
1.5 1.625 0.111888
1.5 1.75 0.0974968
1.5 1.875 0.0832129
1.5 2 0.0696107
1.5 2.125 0.0571065
1.5 2.25 0.0459641
1.5 2.375 0.0363113
1.5 2.5 0.0281638
1.5 2.625 0.0214525
1.5 2.75 0.0160504
1.5 2.875 0.0117966
1.5 3 0.00851661
1.5 3.125 0.00603755
1.5 3.25 0.00419866
1.5 3.375 0.00285733
1.5 3.5 0.00189165
1.5 3.625 0.00120012
1.5 3.75 0.000699247
1.5 3.875 0.000319551
1.5 4 0

1.625 -4 0
1.625 -3.875 -0.000262788
1.625 -3.75 -0.000575037
1.625 -3.625 -0.000986939
1.625 -3.5 -0.00155563
1.625 -3.375 -0.00234977
1.625 -3.25 -0.00345283
1.625 -3.125 -0.00496508
1.625 -3 -0.00700378
1.625 -2.875 -0.00970115
1.625 -2.75 -0.0131993
1.625 -2.625 -0.0176419
1.625 -2.5 -0.023161
1.625 -2.375 -0.0298612
1.625 -2.25 -0.0377994
1.625 -2.125 -0.0469625
1.625 -2 -0.0572455
1.625 -1.875 -0.0684315
1.625 -1.75 -0.0801781
1.625 -1.625 -0.0920127
1.625 -1.5 -0.103341
1.625 -1.375 -0.113468
1.625 -1.25 -0.121638
1.625 -1.125 -0.127086
1.625 -1 -0.129098
1.625 -0.875 -0.127084
1.625 -0.75 -0.12064
1.625 -0.625 -0.109608
1.625 -0.5 -0.0941111
1.625 -0.375 -0.0745743
1.625 -0.25 -0.0517084
1.625 -0.125 -0.0264709
1.625 0 1.05028e-17
1.625 0.125 0.0264709
1.625 0.25 0.0517084
1.625 0.375 0.0745743
1.625 0.5 0.0941111
1.625 0.625 0.109608
1.625 0.75 0.12064
1.625 0.875 0.127084
1.625 1 0.129098
1.625 1.125 0.127086
1.625 1.25 0.121638
1.625 1.375 0.113468
1.625 1.5 0.103341
1.625 1.625 0.0920127
1.625 1.75 0.0801781
1.625 1.875 0.0684315
1.625 2 0.0572455
1.625 2.125 0.0469625
1.625 2.25 0.0377994
1.625 2.375 0.0298612
1.625 2.5 0.023161
1.625 2.625 0.0176419
1.625 2.75 0.0131993
1.625 2.875 0.00970115
1.625 3 0.00700378
1.625 3.125 0.00496508
1.625 3.25 0.00345283
1.625 3.375 0.00234977
1.625 3.5 0.00155563
1.625 3.625 0.000986939
1.625 3.75 0.000575037
1.625 3.875 0.000262788
1.625 4 0

1.75 -4 0
1.75 -3.875 -0.000212765
1.75 -3.75 -0.000465576
1.75 -3.625 -0.000799071
1.75 -3.5 -0.00125951
1.75 -3.375 -0.00190248
1.75 -3.25 -0.00279557
1.75 -3.125 -0.00401995
1.75 -3 -0.00567057
1.75 -2.875 -0.00785449
1.75 -2.75 -0.0106868
1.75 -2.625 -0.0142836
1.75 -2.5 -0.0187522
1.75 -2.375 -0.024177
1.75 -2.25 -0.0306041
1.75 -2.125 -0.038023
1.75 -2 -0.0463486
1.75 -1.875 -0.0554052
1.75 -1.75 -0.0649158
1.75 -1.625 -0.0744977
1.75 -1.5 -0.0836693
1.75 -1.375 -0.0918687
1.75 -1.25 -0.0984837
1.75 -1.125 -0.102894
1.75 -1 -0.104524
1.75 -0.875 -0.102893
1.75 -0.75 -0.0976759
1.75 -0.625 -0.0887434
1.75 -0.5 -0.0761966
1.75 -0.375 -0.0603787
1.75 -0.25 -0.0418655
1.75 -0.125 -0.0214321
1.75 0 5.92471e-18
1.75 0.125 0.0214321
1.75 0.25 0.0418655
1.75 0.375 0.0603787
1.75 0.5 0.0761966
1.75 0.625 0.0887434
1.75 0.75 0.0976759
1.75 0.875 0.102893
1.75 1 0.104524
1.75 1.125 0.102894
1.75 1.25 0.0984837
1.75 1.375 0.0918687
1.75 1.5 0.0836693
1.75 1.625 0.0744977
1.75 1.75 0.0649158
1.75 1.875 0.0554052
1.75 2 0.0463486
1.75 2.125 0.038023
1.75 2.25 0.0306041
1.75 2.375 0.024177
1.75 2.5 0.0187522
1.75 2.625 0.0142836
1.75 2.75 0.0106868
1.75 2.875 0.00785449
1.75 3 0.00567057
1.75 3.125 0.00401995
1.75 3.25 0.00279557
1.75 3.375 0.00190248
1.75 3.5 0.00125951
1.75 3.625 0.000799071
1.75 3.75 0.000465576
1.75 3.875 0.000212765
1.75 4 0

1.875 -4 0
1.875 -3.875 -0.000169601
1.875 -3.75 -0.000371125
1.875 -3.625 -0.000636964
1.875 -3.5 -0.00100399
1.875 -3.375 -0.00151653
1.875 -3.25 -0.00222844
1.875 -3.125 -0.00320443
1.875 -3 -0.00452019
1.875 -2.875 -0.00626105
1.875 -2.75 -0.00851877
1.875 -2.625 -0.0113859
1.875 -2.5 -0.0149479
1.875 -2.375 -0.0192722
1.875 -2.25 -0.0243955
1.875 -2.125 -0.0303093
1.875 -2 -0.0369459
1.875 -1.875 -0.0441652
1.875 -1.75 -0.0517464
1.875 -1.625 -0.0593844
1.875 -1.5 -0.0666954
1.875 -1.375 -0.0732314
1.875 -1.25 -0.0785044
1.875 -1.125 -0.0820202
1.875 -1 -0.083319
1.875 -0.875 -0.0820192
1.875 -0.75 -0.0778605
1.875 -0.625 -0.0707401
1.875 -0.5 -0.0607387
1.875 -0.375 -0.0481297
1.875 -0.25 -0.0333723
1.875 -0.125 -0.0170842
1.875 0 5.7107e-18
1.875 0.125 0.0170842
1.875 0.25 0.0333723
1.875 0.375 0.0481297
1.875 0.5 0.0607387
1.875 0.625 0.0707401
1.875 0.75 0.0778605
1.875 0.875 0.0820192
1.875 1 0.083319
1.875 1.125 0.0820202
1.875 1.25 0.0785044
1.875 1.375 0.0732314
1.875 1.5 0.0666954
1.875 1.625 0.0593844
1.875 1.75 0.0517464
1.875 1.875 0.0441652
1.875 2 0.0369459
1.875 2.125 0.0303093
1.875 2.25 0.0243955
1.875 2.375 0.0192722
1.875 2.5 0.0149479
1.875 2.625 0.0113859
1.875 2.75 0.00851877
1.875 2.875 0.00626105
1.875 3 0.00452019
1.875 3.125 0.00320443
1.875 3.25 0.00222844
1.875 3.375 0.00151653
1.875 3.5 0.00100399
1.875 3.625 0.000636964
1.875 3.75 0.000371125
1.875 3.875 0.000169601
1.875 4 0

2 -4 0
2 -3.875 -0.000133107
2 -3.75 -0.000291266
2 -3.625 -0.000499902
2 -3.5 -0.000787955
2 -3.375 -0.0011902
2 -3.25 -0.00174892
2 -3.125 -0.0025149
2 -3 -0.00354753
2 -2.875 -0.0049138
2 -2.75 -0.0066857
2 -2.625 -0.00893591
2 -2.5 -0.0117314
2 -2.375 -0.0151252
2 -2.25 -0.019146
2 -2.125 -0.0237873
2 -2 -0.0289958
2 -1.875 -0.0346618
2 -1.75 -0.0406116
2 -1.625 -0.046606
2 -1.5 -0.0523439
2 -1.375 -0.0574735
2 -1.25 -0.0616118
2 -1.125 -0.0643711
2 -1 -0.0653904
2 -0.875 -0.0643703
2 -0.75 -0.0611065
2 -0.625 -0.0555182
2 -0.5 -0.0476689
2 -0.375 -0.0377732
2 -0.25 -0.0261912
2 -0.125 -0.013408
2 0 3.25998e-18
2 0.125 0.013408
2 0.25 0.0261912
2 0.375 0.0377732
2 0.5 0.0476689
2 0.625 0.0555182
2 0.75 0.0611065
2 0.875 0.0643703
2 1 0.0653904
2 1.125 0.0643711
2 1.25 0.0616118
2 1.375 0.0574735
2 1.5 0.0523439
2 1.625 0.046606
2 1.75 0.0406116
2 1.875 0.0346618
2 2 0.0289958
2 2.125 0.0237873
2 2.25 0.019146
2 2.375 0.0151252
2 2.5 0.0117314
2 2.625 0.00893591
2 2.75 0.0066857
2 2.875 0.0049138
2 3 0.00354753
2 3.125 0.0025149
2 3.25 0.00174892
2 3.375 0.0011902
2 3.5 0.000787955
2 3.625 0.000499902
2 3.75 0.000291266
2 3.875 0.000133107
2 4 0

2.125 -4 0
2.125 -3.875 -0.000102853
2.125 -3.75 -0.000225064
2.125 -3.625 -0.000386279
2.125 -3.5 -0.00060886
2.125 -3.375 -0.000919679
2.125 -3.25 -0.00135141
2.125 -3.125 -0.00194329
2.125 -3 -0.00274121
2.125 -2.875 -0.00379694
2.125 -2.75 -0.0051661
2.125 -2.625 -0.00690486
2.125 -2.5 -0.00906499
2.125 -2.375 -0.0116874
2.125 -2.25 -0.0147943
2.125 -2.125 -0.0183807
2.125 -2 -0.0224054
2.125 -1.875 -0.0267835
2.125 -1.75 -0.031381
2.125 -1.625 -0.0360129
2.125 -1.5 -0.0404466
2.125 -1.375 -0.0444103
2.125 -1.25 -0.047608
2.125 -1.125 -0.0497402
2.125 -1 -0.0505278
2.125 -0.875 -0.0497396
2.125 -0.75 -0.0472175
2.125 -0.625 -0.0428995
2.125 -0.5 -0.0368342
2.125 -0.375 -0.0291877
2.125 -0.25 -0.0202382
2.125 -0.125 -0.0103605
2.125 0 2.78295e-18
2.125 0.125 0.0103605
2.125 0.25 0.0202382
2.125 0.375 0.0291877
2.125 0.5 0.0368342
2.125 0.625 0.0428995
2.125 0.75 0.0472175
2.125 0.875 0.0497396
2.125 1 0.0505278
2.125 1.125 0.0497402
2.125 1.25 0.047608
2.125 1.375 0.0444103
2.125 1.5 0.0404466
2.125 1.625 0.0360129
2.125 1.75 0.031381
2.125 1.875 0.0267835
2.125 2 0.0224054
2.125 2.125 0.0183807
2.125 2.25 0.0147943
2.125 2.375 0.0116874
2.125 2.5 0.00906499
2.125 2.625 0.00690486
2.125 2.75 0.0051661
2.125 2.875 0.00379694
2.125 3 0.00274121
2.125 3.125 0.00194329
2.125 3.25 0.00135141
2.125 3.375 0.000919679
2.125 3.5 0.00060886
2.125 3.625 0.000386279
2.125 3.75 0.000225064
2.125 3.875 0.000102853
2.125 4 0

2.25 -4 0
2.25 -3.875 -7.82499e-05
2.25 -3.75 -0.000171228
2.25 -3.625 -0.000293879
2.25 -3.5 -0.000463218
2.25 -3.375 -0.000699688
2.25 -3.25 -0.00102815
2.25 -3.125 -0.00147844
2.25 -3 -0.0020855
2.25 -2.875 -0.0028887
2.25 -2.75 -0.00393035
2.25 -2.625 -0.00525319
2.25 -2.5 -0.0068966
2.25 -2.375 -0.00889172
2.25 -2.25 -0.0112555
2.25 -2.125 -0.013984
2.25 -2 -0.0170459
2.25 -1.875 -0.0203767
2.25 -1.75 -0.0238745
2.25 -1.625 -0.0273985
2.25 -1.5 -0.0307716
2.25 -1.375 -0.0337872
2.25 -1.25 -0.03622
2.25 -1.125 -0.0378421
2.25 -1 -0.0384413
2.25 -0.875 -0.0378417
2.25 -0.75 -0.0359229
2.25 -0.625 -0.0326377
2.25 -0.5 -0.0280233
2.25 -0.375 -0.0222059
2.25 -0.25 -0.0153971
2.25 -0.125 -0.00788221
2.25 0 2.59633e-18
2.25 0.125 0.00788221
2.25 0.25 0.0153971
2.25 0.375 0.0222059
2.25 0.5 0.0280233
2.25 0.625 0.0326377
2.25 0.75 0.0359229
2.25 0.875 0.0378417
2.25 1 0.0384413
2.25 1.125 0.0378421
2.25 1.25 0.03622
2.25 1.375 0.0337872
2.25 1.5 0.0307716
2.25 1.625 0.0273985
2.25 1.75 0.0238745
2.25 1.875 0.0203767
2.25 2 0.0170459
2.25 2.125 0.013984
2.25 2.25 0.0112555
2.25 2.375 0.00889172
2.25 2.5 0.0068966
2.25 2.625 0.00525319
2.25 2.75 0.00393035
2.25 2.875 0.0028887
2.25 3 0.0020855
2.25 3.125 0.00147844
2.25 3.25 0.00102815
2.25 3.375 0.000699688
2.25 3.5 0.000463218
2.25 3.625 0.000293879
2.25 3.75 0.000171228
2.25 3.875 7.82499e-05
2.25 4 0

2.375 -4 0
2.375 -3.875 -5.8615e-05
2.375 -3.75 -0.000128263
2.375 -3.625 -0.000220138
2.375 -3.5 -0.000346985
2.375 -3.375 -0.000524118
2.375 -3.25 -0.000770158
2.375 -3.125 -0.00110746
2.375 -3 -0.0015622
2.375 -2.875 -0.00216385
2.375 -2.75 -0.00294412
2.375 -2.625 -0.00393503
2.375 -2.5 -0.00516607
2.375 -2.375 -0.00666056
2.375 -2.25 -0.00843118
2.375 -2.125 -0.010475
2.375 -2 -0.0127687
2.375 -1.875 -0.0152637
2.375 -1.75 -0.0178838
2.375 -1.625 -0.0205235
2.375 -1.5 -0.0230502
2.375 -1.375 -0.0253091
2.375 -1.25 -0.0271315
2.375 -1.125 -0.0283466
2.375 -1 -0.0287954
2.375 -0.875 -0.0283462
2.375 -0.75 -0.0269089
2.375 -0.625 -0.0244481
2.375 -0.5 -0.0209916
2.375 -0.375 -0.0166339
2.375 -0.25 -0.0115336
2.375 -0.125 -0.00590437
2.375 0 1.40842e-18
2.375 0.125 0.00590437
2.375 0.25 0.0115336
2.375 0.375 0.0166339
2.375 0.5 0.0209916
2.375 0.625 0.0244481
2.375 0.75 0.0269089
2.375 0.875 0.0283462
2.375 1 0.0287954
2.375 1.125 0.0283466
2.375 1.25 0.0271315
2.375 1.375 0.0253091
2.375 1.5 0.0230502
2.375 1.625 0.0205235
2.375 1.75 0.0178838
2.375 1.875 0.0152637
2.375 2 0.0127687
2.375 2.125 0.010475
2.375 2.25 0.00843118
2.375 2.375 0.00666056
2.375 2.5 0.00516607
2.375 2.625 0.00393503
2.375 2.75 0.00294412
2.375 2.875 0.00216385
2.375 3 0.0015622
2.375 3.125 0.00110746
2.375 3.25 0.000770158
2.375 3.375 0.000524118
2.375 3.5 0.000346985
2.375 3.625 0.000220138
2.375 3.75 0.000128263
2.375 3.875 5.8615e-05
2.375 4 0

2.5 -4 0
2.5 -3.875 -4.32309e-05
2.5 -3.75 -9.45987e-05
2.5 -3.625 -0.00016236
2.5 -3.5 -0.000255915
2.5 -3.375 -0.000386558
2.5 -3.25 -0.000568022
2.5 -3.125 -0.000816799
2.5 -3 -0.00115218
2.5 -2.875 -0.00159592
2.5 -2.75 -0.00217141
2.5 -2.625 -0.00290224
2.5 -2.5 -0.00381018
2.5 -2.375 -0.00491243
2.5 -2.25 -0.00621833
2.5 -2.125 -0.00772575
2.5 -2 -0.00941739
2.5 -1.875 -0.0112576
2.5 -1.75 -0.01319
2.5 -1.625 -0.0151369
2.5 -1.5 -0.0170005
2.5 -1.375 -0.0186665
2.5 -1.25 -0.0200105
2.5 -1.125 -0.0209067
2.5 -1 -0.0212378
2.5 -0.875 -0.0209065
2.5 -0.75 -0.0198464
2.5 -0.625 -0.0180314
2.5 -0.5 -0.0154821
2.5 -0.375 -0.0122681
2.5 -0.25 -0.00850649
2.5 -0.125 -0.00435471
2.5 0 1.29998e-18
2.5 0.125 0.00435471
2.5 0.25 0.00850649
2.5 0.375 0.0122681
2.5 0.5 0.0154821
2.5 0.625 0.0180314
2.5 0.75 0.0198464
2.5 0.875 0.0209065
2.5 1 0.0212378
2.5 1.125 0.0209067
2.5 1.25 0.0200105
2.5 1.375 0.0186665
2.5 1.5 0.0170005
2.5 1.625 0.0151369
2.5 1.75 0.01319
2.5 1.875 0.0112576
2.5 2 0.00941739
2.5 2.125 0.00772575
2.5 2.25 0.00621833
2.5 2.375 0.00491243
2.5 2.5 0.00381018
2.5 2.625 0.00290224
2.5 2.75 0.00217141
2.5 2.875 0.00159592
2.5 3 0.00115218
2.5 3.125 0.000816799
2.5 3.25 0.000568022
2.5 3.375 0.000386558
2.5 3.5 0.000255915
2.5 3.625 0.00016236
2.5 3.75 9.45987e-05
2.5 3.875 4.32309e-05
2.5 4 0

2.625 -4 0
2.625 -3.875 -3.13935e-05
2.625 -3.75 -6.86959e-05
2.625 -3.625 -0.000117903
2.625 -3.5 -0.000185841
2.625 -3.375 -0.000280712
2.625 -3.25 -0.000412487
2.625 -3.125 -0.000593145
2.625 -3 -0.000836695
2.625 -2.875 -0.00115893
2.625 -2.75 -0.00157684
2.625 -2.625 -0.00210756
2.625 -2.5 -0.00276689
2.625 -2.375 -0.00356732
2.625 -2.25 -0.00451564
2.625 -2.125 -0.0056103
2.625 -2 -0.00683874
2.625 -1.875 -0.00817506
2.625 -1.75 -0.00957835
2.625 -1.625 -0.0109922
2.625 -1.5 -0.0123454
2.625 -1.375 -0.0135553
2.625 -1.25 -0.0145313
2.625 -1.125 -0.0151821
2.625 -1 -0.0154225
2.625 -0.875 -0.0151819
2.625 -0.75 -0.0144121
2.625 -0.625 -0.0130941
2.625 -0.5 -0.0112428
2.625 -0.375 -0.0089089
2.625 -0.25 -0.00617726
2.625 -0.125 -0.00316231
2.625 0 6.84168e-19
2.625 0.125 0.00316231
2.625 0.25 0.00617726
2.625 0.375 0.0089089
2.625 0.5 0.0112428
2.625 0.625 0.0130941
2.625 0.75 0.0144121
2.625 0.875 0.0151819
2.625 1 0.0154225
2.625 1.125 0.0151821
2.625 1.25 0.0145313
2.625 1.375 0.0135553
2.625 1.5 0.0123454
2.625 1.625 0.0109922
2.625 1.75 0.00957835
2.625 1.875 0.00817506
2.625 2 0.00683874
2.625 2.125 0.0056103
2.625 2.25 0.00451564
2.625 2.375 0.00356732
2.625 2.5 0.00276689
2.625 2.625 0.00210756
2.625 2.75 0.00157684
2.625 2.875 0.00115893
2.625 3 0.000836695
2.625 3.125 0.000593145
2.625 3.25 0.000412487
2.625 3.375 0.000280712
2.625 3.5 0.000185841
2.625 3.625 0.000117903
2.625 3.75 6.86959e-05
2.625 3.875 3.13935e-05
2.625 4 0

2.75 -4 0
2.75 -3.875 -2.24459e-05
2.75 -3.75 -4.91166e-05
2.75 -3.625 -8.42991e-05
2.75 -3.5 -0.000132874
2.75 -3.375 -0.000200705
2.75 -3.25 -0.000294923
2.75 -3.125 -0.000424091
2.75 -3 -0.000598225
2.75 -2.875 -0.00082862
2.75 -2.75 -0.00112742
2.75 -2.625 -0.00150687
2.75 -2.5 -0.00197829
2.75 -2.375 -0.00255058
2.75 -2.25 -0.00322862
2.75 -2.125 -0.00401129
2.75 -2 -0.00488961
2.75 -1.875 -0.00584505
2.75 -1.75 -0.00684838
2.75 -1.625 -0.00785923
2.75 -1.5 -0.00882681
2.75 -1.375 -0.00969182
2.75 -1.25 -0.0103897
2.75 -1.125 -0.010855
2.75 -1 -0.0110269
2.75 -0.875 -0.0108548
2.75 -0.75 -0.0103045
2.75 -0.625 -0.00936211
2.75 -0.5 -0.00803847
2.75 -0.375 -0.00636974
2.75 -0.25 -0.00441666
2.75 -0.125 -0.00226101
2.75 0 5.60808e-19
2.75 0.125 0.00226101
2.75 0.25 0.00441666
2.75 0.375 0.00636974
2.75 0.5 0.00803847
2.75 0.625 0.00936211
2.75 0.75 0.0103045
2.75 0.875 0.0108548
2.75 1 0.0110269
2.75 1.125 0.010855
2.75 1.25 0.0103897
2.75 1.375 0.00969182
2.75 1.5 0.00882681
2.75 1.625 0.00785923
2.75 1.75 0.00684838
2.75 1.875 0.00584505
2.75 2 0.00488961
2.75 2.125 0.00401129
2.75 2.25 0.00322862
2.75 2.375 0.00255058
2.75 2.5 0.00197829
2.75 2.625 0.00150687
2.75 2.75 0.00112742
2.75 2.875 0.00082862
2.75 3 0.000598225
2.75 3.125 0.000424091
2.75 3.25 0.000294923
2.75 3.375 0.000200705
2.75 3.5 0.000132874
2.75 3.625 8.42991e-05
2.75 3.75 4.91166e-05
2.75 3.875 2.24459e-05
2.75 4 0

2.875 -4 0
2.875 -3.875 -1.58001e-05
2.875 -3.75 -3.45741e-05
2.875 -3.625 -5.93397e-05
2.875 -3.5 -9.35324e-05
2.875 -3.375 -0.00014128
2.875 -3.25 -0.000207602
2.875 -3.125 -0.000298525
2.875 -3 -0.000421102
2.875 -2.875 -0.000583282
2.875 -2.75 -0.000793611
2.875 -2.625 -0.00106072
2.875 -2.5 -0.00139255
2.875 -2.375 -0.0017954
2.875 -2.25 -0.00227269
2.875 -2.125 -0.00282362
2.875 -2 -0.00344189
2.875 -1.875 -0.00411445
2.875 -1.75 -0.00482071
2.875 -1.625 -0.00553227
2.875 -1.5 -0.00621336
2.875 -1.375 -0.00682226
2.875 -1.25 -0.00731349
2.875 -1.125 -0.00764103
2.875 -1 -0.00776203
2.875 -0.875 -0.00764094
2.875 -0.75 -0.0072535
2.875 -0.625 -0.00659017
2.875 -0.5 -0.00565843
2.875 -0.375 -0.00448378
2.875 -0.25 -0.00310897
2.875 -0.125 -0.00159157
2.875 0 3.77135e-19
2.875 0.125 0.00159157
2.875 0.25 0.00310897
2.875 0.375 0.00448378
2.875 0.5 0.00565843
2.875 0.625 0.00659017
2.875 0.75 0.0072535
2.875 0.875 0.00764094
2.875 1 0.00776203
2.875 1.125 0.00764103
2.875 1.25 0.00731349
2.875 1.375 0.00682226
2.875 1.5 0.00621336
2.875 1.625 0.00553227
2.875 1.75 0.00482071
2.875 1.875 0.00411445
2.875 2 0.00344189
2.875 2.125 0.00282362
2.875 2.25 0.00227269
2.875 2.375 0.0017954
2.875 2.5 0.00139255
2.875 2.625 0.00106072
2.875 2.75 0.000793611
2.875 2.875 0.000583282
2.875 3 0.000421102
2.875 3.125 0.000298525
2.875 3.25 0.000207602
2.875 3.375 0.00014128
2.875 3.5 9.35324e-05
2.875 3.625 5.93397e-05
2.875 3.75 3.45741e-05
2.875 3.875 1.58001e-05
2.875 4 0

3 -4 0
3 -3.875 -1.09482e-05
3 -3.75 -2.3957e-05
3 -3.625 -4.11175e-05
3 -3.5 -6.48101e-05
3 -3.375 -9.78953e-05
3 -3.25 -0.000143851
3 -3.125 -0.000206853
3 -3 -0.000291789
3 -2.875 -0.000404165
3 -2.75 -0.000549906
3 -2.625 -0.000734988
3 -2.5 -0.000964923
3 -2.375 -0.00124406
3 -2.25 -0.00157478
3 -2.125 -0.00195653
3 -2 -0.00238494
3 -1.875 -0.00285097
3 -1.75 -0.00334035
3 -1.625 -0.0038334
3 -1.5 -0.00430534
3 -1.375 -0.00472725
3 -1.25 -0.00506764
3 -1.125 -0.00529459
3 -1 -0.00537843
3 -0.875 -0.00529453
3 -0.75 -0.00502607
3 -0.625 -0.00456644
3 -0.5 -0.00392082
3 -0.375 -0.00310688
3 -0.25 -0.00215426
3 -0.125 -0.00110282
3 0 2.62478e-19
3 0.125 0.00110282
3 0.25 0.00215426
3 0.375 0.00310688
3 0.5 0.00392082
3 0.625 0.00456644
3 0.75 0.00502607
3 0.875 0.00529453
3 1 0.00537843
3 1.125 0.00529459
3 1.25 0.00506764
3 1.375 0.00472725
3 1.5 0.00430534
3 1.625 0.0038334
3 1.75 0.00334035
3 1.875 0.00285097
3 2 0.00238494
3 2.125 0.00195653
3 2.25 0.00157478
3 2.375 0.00124406
3 2.5 0.000964923
3 2.625 0.000734988
3 2.75 0.000549906
3 2.875 0.000404165
3 3 0.000291789
3 3.125 0.000206853
3 3.25 0.000143851
3 3.375 9.78953e-05
3 3.5 6.48101e-05
3 3.625 4.11175e-05
3 3.75 2.3957e-05
3 3.875 1.09482e-05
3 4 0

3.125 -4 0
3.125 -3.875 -7.4648e-06
3.125 -3.75 -1.63346e-05
3.125 -3.625 -2.80352e-05
3.125 -3.5 -4.41896e-05
3.125 -3.375 -6.67481e-05
3.125 -3.25 -9.8082e-05
3.125 -3.125 -0.000141039
3.125 -3 -0.000198951
3.125 -2.875 -0.000275573
3.125 -2.75 -0.000374943
3.125 -2.625 -0.000501138
3.125 -2.5 -0.000657915
3.125 -2.375 -0.000848243
3.125 -2.25 -0.00107374
3.125 -2.125 -0.00133403
3.125 -2 -0.00162613
3.125 -1.875 -0.00194388
3.125 -1.75 -0.00227756
3.125 -1.625 -0.00261373
3.125 -1.5 -0.00293552
3.125 -1.375 -0.00322319
3.125 -1.25 -0.00345528
3.125 -1.125 -0.00361002
3.125 -1 -0.00366719
3.125 -0.875 -0.00360998
3.125 -0.75 -0.00342694
3.125 -0.625 -0.00311354
3.125 -0.5 -0.00267334
3.125 -0.375 -0.00211837
3.125 -0.25 -0.00146884
3.125 -0.125 -0.000751939
3.125 0 1.67223e-19
3.125 0.125 0.000751939
3.125 0.25 0.00146884
3.125 0.375 0.00211837
3.125 0.5 0.00267334
3.125 0.625 0.00311354
3.125 0.75 0.00342694
3.125 0.875 0.00360998
3.125 1 0.00366719
3.125 1.125 0.00361002
3.125 1.25 0.00345528
3.125 1.375 0.00322319
3.125 1.5 0.00293552
3.125 1.625 0.00261373
3.125 1.75 0.00227756
3.125 1.875 0.00194388
3.125 2 0.00162613
3.125 2.125 0.00133403
3.125 2.25 0.00107374
3.125 2.375 0.000848243
3.125 2.5 0.000657915
3.125 2.625 0.000501138
3.125 2.75 0.000374943
3.125 2.875 0.000275573
3.125 3 0.000198951
3.125 3.125 0.000141039
3.125 3.25 9.8082e-05
3.125 3.375 6.67481e-05
3.125 3.5 4.41896e-05
3.125 3.625 2.80352e-05
3.125 3.75 1.63346e-05
3.125 3.875 7.4648e-06
3.125 4 0

3.25 -4 0
3.25 -3.875 -5.00391e-06
3.25 -3.75 -1.09496e-05
3.25 -3.625 -1.87929e-05
3.25 -3.5 -2.96218e-05
3.25 -3.375 -4.47435e-05
3.25 -3.25 -6.57476e-05
3.25 -3.125 -9.45432e-05
3.25 -3 -0.000133363
3.25 -2.875 -0.000184726
3.25 -2.75 -0.000251337
3.25 -2.625 -0.00033593
3.25 -2.5 -0.000441022
3.25 -2.375 -0.000568605
3.25 -2.25 -0.000719761
3.25 -2.125 -0.000894242
3.25 -2 -0.00109005
3.25 -1.875 -0.00130305
3.25 -1.75 -0.00152672
3.25 -1.625 -0.00175207
3.25 -1.5 -0.00196778
3.25 -1.375 -0.00216061
3.25 -1.25 -0.00231619
3.25 -1.125 -0.00241992
3.25 -1 -0.00245824
3.25 -0.875 -0.00241989
3.25 -0.75 -0.00229719
3.25 -0.625 -0.00208711
3.25 -0.5 -0.00179203
3.25 -0.375 -0.00142002
3.25 -0.25 -0.000984612
3.25 -0.125 -0.00050405
3.25 0 1.27606e-19
3.25 0.125 0.00050405
3.25 0.25 0.000984612
3.25 0.375 0.00142002
3.25 0.5 0.00179203
3.25 0.625 0.00208711
3.25 0.75 0.00229719
3.25 0.875 0.00241989
3.25 1 0.00245824
3.25 1.125 0.00241992
3.25 1.25 0.00231619
3.25 1.375 0.00216061
3.25 1.5 0.00196778
3.25 1.625 0.00175207
3.25 1.75 0.00152672
3.25 1.875 0.00130305
3.25 2 0.00109005
3.25 2.125 0.000894242
3.25 2.25 0.000719761
3.25 2.375 0.000568605
3.25 2.5 0.000441022
3.25 2.625 0.00033593
3.25 2.75 0.000251337
3.25 2.875 0.000184726
3.25 3 0.000133363
3.25 3.125 9.45432e-05
3.25 3.25 6.57476e-05
3.25 3.375 4.47435e-05
3.25 3.5 2.96218e-05
3.25 3.625 1.87929e-05
3.25 3.75 1.09496e-05
3.25 3.875 5.00391e-06
3.25 4 0

3.375 -4 0
3.375 -3.875 -3.29069e-06
3.375 -3.75 -7.20076e-06
3.375 -3.625 -1.23587e-05
3.375 -3.5 -1.948e-05
3.375 -3.375 -2.94244e-05
3.375 -3.25 -4.32373e-05
3.375 -3.125 -6.21739e-05
3.375 -3 -8.7703e-05
3.375 -2.875 -0.00012148
3.375 -2.75 -0.000165285
3.375 -2.625 -0.000220916
3.375 -2.5 -0.000290027
3.375 -2.375 -0.000373929
3.375 -2.25 -0.000473333
3.375 -2.125 -0.000588076
3.375 -2 -0.000716842
3.375 -1.875 -0.000856916
3.375 -1.75 -0.00100401
3.375 -1.625 -0.00115221
3.375 -1.5 -0.00129406
3.375 -1.375 -0.00142087
3.375 -1.25 -0.00152318
3.375 -1.125 -0.0015914
3.375 -1 -0.0016166
3.375 -0.875 -0.00159138
3.375 -0.75 -0.00151069
3.375 -0.625 -0.00137254
3.375 -0.5 -0.00117848
3.375 -0.375 -0.000933838
3.375 -0.25 -0.000647505
3.375 -0.125 -0.000331476
3.375 0 8.34947e-20
3.375 0.125 0.000331476
3.375 0.25 0.000647505
3.375 0.375 0.000933838
3.375 0.5 0.00117848
3.375 0.625 0.00137254
3.375 0.75 0.00151069
3.375 0.875 0.00159138
3.375 1 0.0016166
3.375 1.125 0.0015914
3.375 1.25 0.00152318
3.375 1.375 0.00142087
3.375 1.5 0.00129406
3.375 1.625 0.00115221
3.375 1.75 0.00100401
3.375 1.875 0.000856916
3.375 2 0.000716842
3.375 2.125 0.000588076
3.375 2.25 0.000473333
3.375 2.375 0.000373929
3.375 2.5 0.000290027
3.375 2.625 0.000220916
3.375 2.75 0.000165285
3.375 2.875 0.00012148
3.375 3 8.7703e-05
3.375 3.125 6.21739e-05
3.375 3.25 4.32373e-05
3.375 3.375 2.94244e-05
3.375 3.5 1.948e-05
3.375 3.625 1.23587e-05
3.375 3.75 7.20076e-06
3.375 3.875 3.29069e-06
3.375 4 0

3.5 -4 0
3.5 -3.875 -2.11176e-06
3.5 -3.75 -4.62098e-06
3.5 -3.625 -7.93102e-06
3.5 -3.5 -1.2501e-05
3.5 -3.375 -1.88827e-05
3.5 -3.25 -2.77469e-05
3.5 -3.125 -3.98993e-05
3.5 -3 -5.62822e-05
3.5 -2.875 -7.79582e-05
3.5 -2.75 -0.00010607
3.5 -2.625 -0.00014177
3.5 -2.5 -0.000186121
3.5 -2.375 -0.000239964
3.5 -2.25 -0.000303755
3.5 -2.125 -0.00037739
3.5 -2 -0.000460023
3.5 -1.875 -0.000549914
3.5 -1.75 -0.000644309
3.5 -1.625 -0.000739412
3.5 -1.5 -0.000830444
3.5 -1.375 -0.000911825
3.5 -1.25 -0.000977481
3.5 -1.125 -0.00102126
3.5 -1 -0.00103743
3.5 -0.875 -0.00102125
3.5 -0.75 -0.000969463
3.5 -0.625 -0.000880805
3.5 -0.5 -0.000756274
3.5 -0.375 -0.000599277
3.5 -0.25 -0.000415527
3.5 -0.125 -0.00021272
3.5 0 6.66153e-20
3.5 0.125 0.00021272
3.5 0.25 0.000415527
3.5 0.375 0.000599277
3.5 0.5 0.000756274
3.5 0.625 0.000880805
3.5 0.75 0.000969463
3.5 0.875 0.00102125
3.5 1 0.00103743
3.5 1.125 0.00102126
3.5 1.25 0.000977481
3.5 1.375 0.000911825
3.5 1.5 0.000830444
3.5 1.625 0.000739412
3.5 1.75 0.000644309
3.5 1.875 0.000549914
3.5 2 0.000460023
3.5 2.125 0.00037739
3.5 2.25 0.000303755
3.5 2.375 0.000239964
3.5 2.5 0.000186121
3.5 2.625 0.00014177
3.5 2.75 0.00010607
3.5 2.875 7.79582e-05
3.5 3 5.62822e-05
3.5 3.125 3.98993e-05
3.5 3.25 2.77469e-05
3.5 3.375 1.88827e-05
3.5 3.5 1.2501e-05
3.5 3.625 7.93102e-06
3.5 3.75 4.62098e-06
3.5 3.875 2.11176e-06
3.5 4 0

3.625 -4 0
3.625 -3.875 -1.30404e-06
3.625 -3.75 -2.85352e-06
3.625 -3.625 -4.89751e-06
3.625 -3.5 -7.71955e-06
3.625 -3.375 -1.16603e-05
3.625 -3.25 -1.71341e-05
3.625 -3.125 -2.46383e-05
3.625 -3 -3.4755e-05
3.625 -2.875 -4.81402e-05
3.625 -2.75 -6.54994e-05
3.625 -2.625 -8.75446e-05
3.625 -2.5 -0.000114932
3.625 -2.375 -0.000148181
3.625 -2.25 -0.000187573
3.625 -2.125 -0.000233043
3.625 -2 -0.000284071
3.625 -1.875 -0.000339579
3.625 -1.75 -0.000397869
3.625 -1.625 -0.000456597
3.625 -1.5 -0.00051281
3.625 -1.375 -0.000563064
3.625 -1.25 -0.000603607
3.625 -1.125 -0.00063064
3.625 -1 -0.000640626
3.625 -0.875 -0.000630632
3.625 -0.75 -0.000598656
3.625 -0.625 -0.000543909
3.625 -0.5 -0.000467009
3.625 -0.375 -0.000370062
3.625 -0.25 -0.000256594
3.625 -0.125 -0.000131357
3.625 0 3.42751e-20
3.625 0.125 0.000131357
3.625 0.25 0.000256594
3.625 0.375 0.000370062
3.625 0.5 0.000467009
3.625 0.625 0.000543909
3.625 0.75 0.000598656
3.625 0.875 0.000630632
3.625 1 0.000640626
3.625 1.125 0.00063064
3.625 1.25 0.000603607
3.625 1.375 0.000563064
3.625 1.5 0.00051281
3.625 1.625 0.000456597
3.625 1.75 0.000397869
3.625 1.875 0.000339579
3.625 2 0.000284071
3.625 2.125 0.000233043
3.625 2.25 0.000187573
3.625 2.375 0.000148181
3.625 2.5 0.000114932
3.625 2.625 8.75446e-05
3.625 2.75 6.54994e-05
3.625 2.875 4.81402e-05
3.625 3 3.4755e-05
3.625 3.125 2.46383e-05
3.625 3.25 1.71341e-05
3.625 3.375 1.16603e-05
3.625 3.5 7.71955e-06
3.625 3.625 4.89751e-06
3.625 3.75 2.85352e-06
3.625 3.875 1.30404e-06
3.625 4 0

3.75 -4 0
3.75 -3.875 -7.43697e-07
3.75 -3.75 -1.62737e-06
3.75 -3.625 -2.79307e-06
3.75 -3.5 -4.40248e-06
3.75 -3.375 -6.64992e-06
3.75 -3.25 -9.77162e-06
3.75 -3.125 -1.40513e-05
3.75 -3 -1.98209e-05
3.75 -2.875 -2.74545e-05
3.75 -2.75 -3.73545e-05
3.75 -2.625 -4.9927e-05
3.75 -2.5 -6.55462e-05
3.75 -2.375 -8.4508e-05
3.75 -2.25 -0.000106973
3.75 -2.125 -0.000132905
3.75 -2 -0.000162006
3.75 -1.875 -0.000193663
3.75 -1.75 -0.000226906
3.75 -1.625 -0.000260399
3.75 -1.5 -0.000292457
3.75 -1.375 -0.000321117
3.75 -1.25 -0.000344239
3.75 -1.125 -0.000359656
3.75 -1 -0.000365351
3.75 -0.875 -0.000359652
3.75 -0.75 -0.000341416
3.75 -0.625 -0.000310193
3.75 -0.5 -0.000266337
3.75 -0.375 -0.000211047
3.75 -0.25 -0.000146336
3.75 -0.125 -7.49136e-05
3.75 0 1.66195e-20
3.75 0.125 7.49136e-05
3.75 0.25 0.000146336
3.75 0.375 0.000211047
3.75 0.5 0.000266337
3.75 0.625 0.000310193
3.75 0.75 0.000341416
3.75 0.875 0.000359652
3.75 1 0.000365351
3.75 1.125 0.000359656
3.75 1.25 0.000344239
3.75 1.375 0.000321117
3.75 1.5 0.000292457
3.75 1.625 0.000260399
3.75 1.75 0.000226906
3.75 1.875 0.000193663
3.75 2 0.000162006
3.75 2.125 0.000132905
3.75 2.25 0.000106973
3.75 2.375 8.4508e-05
3.75 2.5 6.55462e-05
3.75 2.625 4.9927e-05
3.75 2.75 3.73545e-05
3.75 2.875 2.74545e-05
3.75 3 1.98209e-05
3.75 3.125 1.40513e-05
3.75 3.25 9.77162e-06
3.75 3.375 6.64992e-06
3.75 3.5 4.40248e-06
3.75 3.625 2.79307e-06
3.75 3.75 1.62737e-06
3.75 3.875 7.43697e-07
3.75 4 0

3.875 -4 0
3.875 -3.875 -3.3515e-07
3.875 -3.75 -7.33381e-07
3.875 -3.625 -1.25871e-06
3.875 -3.5 -1.984e-06
3.875 -3.375 -2.99681e-06
3.875 -3.25 -4.40362e-06
3.875 -3.125 -6.33228e-06
3.875 -3 -8.93236e-06
3.875 -2.875 -1.23725e-05
3.875 -2.75 -1.6834e-05
3.875 -2.625 -2.24998e-05
3.875 -2.5 -2.95386e-05
3.875 -2.375 -3.80839e-05
3.875 -2.25 -4.82079e-05
3.875 -2.125 -5.98943e-05
3.875 -2 -7.30088e-05
3.875 -1.875 -8.7275e-05
3.875 -1.75 -0.000102256
3.875 -1.625 -0.00011735
3.875 -1.5 -0.000131797
3.875 -1.375 -0.000144713
3.875 -1.25 -0.000155133
3.875 -1.125 -0.00016208
3.875 -1 -0.000164647
3.875 -0.875 -0.000162078
3.875 -0.75 -0.00015386
3.875 -0.625 -0.00013979
3.875 -0.5 -0.000120026
3.875 -0.375 -9.51093e-05
3.875 -0.25 -6.5947e-05
3.875 -0.125 -3.37601e-05
3.875 0 6.49053e-21
3.875 0.125 3.37601e-05
3.875 0.25 6.5947e-05
3.875 0.375 9.51093e-05
3.875 0.5 0.000120026
3.875 0.625 0.00013979
3.875 0.75 0.00015386
3.875 0.875 0.000162078
3.875 1 0.000164647
3.875 1.125 0.00016208
3.875 1.25 0.000155133
3.875 1.375 0.000144713
3.875 1.5 0.000131797
3.875 1.625 0.00011735
3.875 1.75 0.000102256
3.875 1.875 8.7275e-05
3.875 2 7.30088e-05
3.875 2.125 5.98943e-05
3.875 2.25 4.82079e-05
3.875 2.375 3.80839e-05
3.875 2.5 2.95386e-05
3.875 2.625 2.24998e-05
3.875 2.75 1.6834e-05
3.875 2.875 1.23725e-05
3.875 3 8.93236e-06
3.875 3.125 6.33228e-06
3.875 3.25 4.40362e-06
3.875 3.375 2.99681e-06
3.875 3.5 1.984e-06
3.875 3.625 1.25871e-06
3.875 3.75 7.33381e-07
3.875 3.875 3.3515e-07
3.875 4 0

4 -4 0
4 -3.875 0
4 -3.75 0
4 -3.625 0
4 -3.5 0
4 -3.375 0
4 -3.25 0
4 -3.125 0
4 -3 0
4 -2.875 0
4 -2.75 0
4 -2.625 0
4 -2.5 0
4 -2.375 0
4 -2.25 0
4 -2.125 0
4 -2 0
4 -1.875 0
4 -1.75 0
4 -1.625 0
4 -1.5 0
4 -1.375 0
4 -1.25 0
4 -1.125 0
4 -1 0
4 -0.875 0
4 -0.75 0
4 -0.625 0
4 -0.5 0
4 -0.375 0
4 -0.25 0
4 -0.125 0
4 0 0
4 0.125 0
4 0.25 0
4 0.375 0
4 0.5 0
4 0.625 0
4 0.75 0
4 0.875 0
4 1 0
4 1.125 0
4 1.25 0
4 1.375 0
4 1.5 0
4 1.625 0
4 1.75 0
4 1.875 0
4 2 0
4 2.125 0
4 2.25 0
4 2.375 0
4 2.5 0
4 2.625 0
4 2.75 0
4 2.875 0
4 3 0
4 3.125 0
4 3.25 0
4 3.375 0
4 3.5 0
4 3.625 0
4 3.75 0
4 3.875 0
4 4 0

