-4 -4 0
-4 -3.875 0
-4 -3.75 0
-4 -3.625 0
-4 -3.5 0
-4 -3.375 0
-4 -3.25 0
-4 -3.125 0
-4 -3 0
-4 -2.875 0
-4 -2.75 0
-4 -2.625 0
-4 -2.5 0
-4 -2.375 0
-4 -2.25 0
-4 -2.125 0
-4 -2 0
-4 -1.875 0
-4 -1.75 0
-4 -1.625 0
-4 -1.5 0
-4 -1.375 0
-4 -1.25 0
-4 -1.125 0
-4 -1 0
-4 -0.875 0
-4 -0.75 0
-4 -0.625 0
-4 -0.5 0
-4 -0.375 0
-4 -0.25 0
-4 -0.125 0
-4 0 0
-4 0.125 0
-4 0.25 0
-4 0.375 0
-4 0.5 0
-4 0.625 0
-4 0.75 0
-4 0.875 0
-4 1 0
-4 1.125 0
-4 1.25 0
-4 1.375 0
-4 1.5 0
-4 1.625 0
-4 1.75 0
-4 1.875 0
-4 2 0
-4 2.125 0
-4 2.25 0
-4 2.375 0
-4 2.5 0
-4 2.625 0
-4 2.75 0
-4 2.875 0
-4 3 0
-4 3.125 0
-4 3.25 0
-4 3.375 0
-4 3.5 0
-4 3.625 0
-4 3.75 0
-4 3.875 0
-4 4 0

-3.875 -4 0
-3.875 -3.875 -3.35002e-07
-3.875 -3.75 -7.43518e-07
-3.875 -3.625 -1.3041e-06
-3.875 -3.5 -2.11257e-06
-3.875 -3.375 -3.29317e-06
-3.875 -3.25 -5.00954e-06
-3.875 -3.125 -7.47599e-06
-3.875 -3 -1.09685e-05
-3.875 -2.875 -1.58351e-05
-3.875 -2.75 -2.25032e-05
-3.875 -2.625 -3.14839e-05
-3.875 -2.5 -4.33688e-05
-3.875 -2.375 -5.88193e-05
-3.875 -2.25 -7.85447e-05
-3.875 -2.125 -0.000103268
-3.875 -2 -0.000133677
-3.875 -1.875 -0.000170369
-3.875 -1.75 -0.000213775
-3.875 -1.625 -0.00026409
-3.875 -1.5 -0.000321195
-3.875 -1.375 -0.000384595
-3.875 -1.25 -0.000453369
-3.875 -1.125 -0.000526149
-3.875 -1 -0.000601133
-3.875 -0.875 -0.000676135
-3.875 -0.75 -0.000748676
-3.875 -0.625 -0.000816113
-3.875 -0.5 -0.000875788
-3.875 -0.375 -0.000925207
-3.875 -0.25 -0.000962207
-3.875 -0.125 -0.000985115
-3.875 0 -0.000992872
-3.875 0.125 -0.000985115
-3.875 0.25 -0.000962207
-3.875 0.375 -0.000925207
-3.875 0.5 -0.000875788
-3.875 0.625 -0.000816113
-3.875 0.75 -0.000748676
-3.875 0.875 -0.000676135
-3.875 1 -0.000601133
-3.875 1.125 -0.000526149
-3.875 1.25 -0.000453369
-3.875 1.375 -0.000384595
-3.875 1.5 -0.000321195
-3.875 1.625 -0.00026409
-3.875 1.75 -0.000213775
-3.875 1.875 -0.000170369
-3.875 2 -0.000133677
-3.875 2.125 -0.000103268
-3.875 2.25 -7.85447e-05
-3.875 2.375 -5.88193e-05
-3.875 2.5 -4.33688e-05
-3.875 2.625 -3.14839e-05
-3.875 2.75 -2.25032e-05
-3.875 2.875 -1.58351e-05
-3.875 3 -1.09685e-05
-3.875 3.125 -7.47599e-06
-3.875 3.25 -5.00954e-06
-3.875 3.375 -3.29317e-06
-3.875 3.5 -2.11257e-06
-3.875 3.625 -1.3041e-06
-3.875 3.75 -7.43518e-07
-3.875 3.875 -3.35002e-07
-3.875 4 0

-3.75 -4 0
-3.75 -3.875 -7.32917e-07
-3.75 -3.75 -1.62667e-06
-3.75 -3.625 -2.85311e-06
-3.75 -3.5 -4.62189e-06
-3.75 -3.375 -7.2048e-06
-3.75 -3.25 -1.09599e-05
-3.75 -3.125 -1.6356e-05
-3.75 -3 -2.39969e-05
-3.75 -2.875 -3.4644e-05
-3.75 -2.75 -4.92325e-05
-3.75 -2.625 -6.88804e-05
-3.75 -2.5 -9.48821e-05
-3.75 -2.375 -0.000128685
-3.75 -2.25 -0.00017184
-3.75 -2.125 -0.000225929
-3.75 -2 -0.000292459
-3.75 -1.875 -0.000372733
-3.75 -1.75 -0.000467696
-3.75 -1.625 -0.000577775
-3.75 -1.5 -0.00070271
-3.75 -1.375 -0.000841417
-3.75 -1.25 -0.000991881
-3.75 -1.125 -0.00115111
-3.75 -1 -0.00131516
-3.75 -0.875 -0.00147925
-3.75 -0.75 -0.00163795
-3.75 -0.625 -0.00178549
-3.75 -0.5 -0.00191605
-3.75 -0.375 -0.00202417
-3.75 -0.25 -0.00210512
-3.75 -0.125 -0.00215523
-3.75 0 -0.0021722
-3.75 0.125 -0.00215523
-3.75 0.25 -0.00210512
-3.75 0.375 -0.00202417
-3.75 0.5 -0.00191605
-3.75 0.625 -0.00178549
-3.75 0.75 -0.00163795
-3.75 0.875 -0.00147925
-3.75 1 -0.00131516
-3.75 1.125 -0.00115111
-3.75 1.25 -0.000991881
-3.75 1.375 -0.000841417
-3.75 1.5 -0.00070271
-3.75 1.625 -0.000577775
-3.75 1.75 -0.000467696
-3.75 1.875 -0.000372733
-3.75 2 -0.000292459
-3.75 2.125 -0.000225929
-3.75 2.25 -0.00017184
-3.75 2.375 -0.000128685
-3.75 2.5 -9.48821e-05
-3.75 2.625 -6.88804e-05
-3.75 2.75 -4.92325e-05
-3.75 2.875 -3.4644e-05
-3.75 3 -2.39969e-05
-3.75 3.125 -1.6356e-05
-3.75 3.25 -1.09599e-05
-3.75 3.375 -7.2048e-06
-3.75 3.5 -4.62189e-06
-3.75 3.625 -2.85311e-06
-3.75 3.75 -1.62667e-06
-3.75 3.875 -7.32917e-07
-3.75 4 0

-3.625 -4 0
-3.625 -3.875 -1.25756e-06
-3.625 -3.75 -2.79108e-06
-3.625 -3.625 -4.89543e-06
-3.625 -3.5 -7.93036e-06
-3.625 -3.375 -1.23622e-05
-3.625 -3.25 -1.88052e-05
-3.625 -3.125 -2.8064e-05
-3.625 -3 -4.11746e-05
-3.625 -2.875 -5.94431e-05
-3.625 -2.75 -8.44744e-05
-3.625 -2.625 -0.000118187
-3.625 -2.5 -0.000162801
-3.625 -2.375 -0.000220801
-3.625 -2.25 -0.000294848
-3.625 -2.125 -0.000387655
-3.625 -2 -0.000501809
-3.625 -1.875 -0.000639544
-3.625 -1.75 -0.000802486
-3.625 -1.625 -0.000991361
-3.625 -1.5 -0.00120573
-3.625 -1.375 -0.00144373
-3.625 -1.25 -0.0017019
-3.625 -1.125 -0.0019751
-3.625 -1 -0.00225658
-3.625 -0.875 -0.00253813
-3.625 -0.75 -0.00281044
-3.625 -0.625 -0.00306359
-3.625 -0.5 -0.00328761
-3.625 -0.375 -0.00347312
-3.625 -0.25 -0.00361201
-3.625 -0.125 -0.00369801
-3.625 0 -0.00372712
-3.625 0.125 -0.00369801
-3.625 0.25 -0.00361201
-3.625 0.375 -0.00347312
-3.625 0.5 -0.00328761
-3.625 0.625 -0.00306359
-3.625 0.75 -0.00281044
-3.625 0.875 -0.00253813
-3.625 1 -0.00225658
-3.625 1.125 -0.0019751
-3.625 1.25 -0.0017019
-3.625 1.375 -0.00144373
-3.625 1.5 -0.00120573
-3.625 1.625 -0.000991361
-3.625 1.75 -0.000802486
-3.625 1.875 -0.000639544
-3.625 2 -0.000501809
-3.625 2.125 -0.000387655
-3.625 2.25 -0.000294848
-3.625 2.375 -0.000220801
-3.625 2.5 -0.000162801
-3.625 2.625 -0.000118187
-3.625 2.75 -8.44744e-05
-3.625 2.875 -5.94431e-05
-3.625 3 -4.11746e-05
-3.625 3.125 -2.8064e-05
-3.625 3.25 -1.88052e-05
-3.625 3.375 -1.23622e-05
-3.625 3.5 -7.93036e-06
-3.625 3.625 -4.89543e-06
-3.625 3.75 -2.79108e-06
-3.625 3.875 -1.25756e-06
-3.625 4 0

-3.5 -4 0
-3.5 -3.875 -1.98153e-06
-3.5 -3.75 -4.39788e-06
-3.5 -3.625 -7.7137e-06
-3.5 -3.5 -1.24958e-05
-3.5 -3.375 -1.9479e-05
-3.5 -3.25 -2.96313e-05
-3.5 -3.125 -4.42202e-05
-3.5 -3 -6.48785e-05
-3.5 -2.875 -9.3664e-05
-3.5 -2.75 -0.000133106
-3.5 -2.625 -0.000186226
-3.5 -2.5 -0.000256525
-3.5 -2.375 -0.000347915
-3.5 -2.25 -0.00046459
-3.5 -2.125 -0.000610825
-3.5 -2 -0.000790697
-3.5 -1.875 -0.00100773
-3.5 -1.75 -0.00126447
-3.5 -1.625 -0.00156208
-3.5 -1.5 -0.00189986
-3.5 -1.375 -0.00227487
-3.5 -1.25 -0.00268167
-3.5 -1.125 -0.00311216
-3.5 -1 -0.00355568
-3.5 -0.875 -0.00399932
-3.5 -0.75 -0.0044284
-3.5 -0.625 -0.00482728
-3.5 -0.5 -0.00518026
-3.5 -0.375 -0.00547257
-3.5 -0.25 -0.00569143
-3.5 -0.125 -0.00582692
-3.5 0 -0.0058728
-3.5 0.125 -0.00582692
-3.5 0.25 -0.00569143
-3.5 0.375 -0.00547257
-3.5 0.5 -0.00518026
-3.5 0.625 -0.00482728
-3.5 0.75 -0.0044284
-3.5 0.875 -0.00399932
-3.5 1 -0.00355568
-3.5 1.125 -0.00311216
-3.5 1.25 -0.00268167
-3.5 1.375 -0.00227487
-3.5 1.5 -0.00189986
-3.5 1.625 -0.00156208
-3.5 1.75 -0.00126447
-3.5 1.875 -0.00100773
-3.5 2 -0.000790697
-3.5 2.125 -0.000610825
-3.5 2.25 -0.00046459
-3.5 2.375 -0.000347915
-3.5 2.5 -0.000256525
-3.5 2.625 -0.000186226
-3.5 2.75 -0.000133106
-3.5 2.875 -9.3664e-05
-3.5 3 -6.48785e-05
-3.5 3.125 -4.42202e-05
-3.5 3.25 -2.96313e-05
-3.5 3.375 -1.9479e-05
-3.5 3.5 -1.24958e-05
-3.5 3.625 -7.7137e-06
-3.5 3.75 -4.39788e-06
-3.5 3.875 -1.98153e-06
-3.5 4 0

-3.375 -4 0
-3.375 -3.875 -2.992e-06
-3.375 -3.75 -6.64057e-06
-3.375 -3.625 -1.16473e-05
-3.375 -3.5 -1.8868e-05
-3.375 -3.375 -2.94123e-05
-3.375 -3.25 -4.47417e-05
-3.375 -3.125 -6.67702e-05
-3.375 -3 -9.79632e-05
-3.375 -2.875 -0.000141428
-3.375 -2.75 -0.000200983
-3.375 -2.625 -0.000281192
-3.375 -2.5 -0.000387339
-3.375 -2.375 -0.000525333
-3.375 -2.25 -0.000701506
-3.375 -2.125 -0.000922314
-3.375 -2 -0.00119391
-3.375 -1.875 -0.00152161
-3.375 -1.75 -0.00190929
-3.375 -1.625 -0.00235866
-3.375 -1.5 -0.00286869
-3.375 -1.375 -0.00343493
-3.375 -1.25 -0.00404917
-3.375 -1.125 -0.00469919
-3.375 -1 -0.0053689
-3.375 -0.875 -0.00603876
-3.375 -0.75 -0.00668665
-3.375 -0.625 -0.00728894
-3.375 -0.5 -0.00782192
-3.375 -0.375 -0.0082633
-3.375 -0.25 -0.00859376
-3.375 -0.125 -0.00879835
-3.375 0 -0.00886763
-3.375 0.125 -0.00879835
-3.375 0.25 -0.00859376
-3.375 0.375 -0.0082633
-3.375 0.5 -0.00782192
-3.375 0.625 -0.00728894
-3.375 0.75 -0.00668665
-3.375 0.875 -0.00603876
-3.375 1 -0.0053689
-3.375 1.125 -0.00469919
-3.375 1.25 -0.00404917
-3.375 1.375 -0.00343493
-3.375 1.5 -0.00286869
-3.375 1.625 -0.00235866
-3.375 1.75 -0.00190929
-3.375 1.875 -0.00152161
-3.375 2 -0.00119391
-3.375 2.125 -0.000922314
-3.375 2.25 -0.000701506
-3.375 2.375 -0.000525333
-3.375 2.5 -0.000387339
-3.375 2.625 -0.000281192
-3.375 2.75 -0.000200983
-3.375 2.875 -0.000141428
-3.375 3 -9.79632e-05
-3.375 3.125 -6.67702e-05
-3.375 3.25 -4.47417e-05
-3.375 3.375 -2.94123e-05
-3.375 3.5 -1.8868e-05
-3.375 3.625 -1.16473e-05
-3.375 3.75 -6.64057e-06
-3.375 3.875 -2.992e-06
-3.375 4 0

-3.25 -4 0
-3.25 -3.875 -4.39491e-06
-3.25 -3.75 -9.75425e-06
-3.25 -3.625 -1.71085e-05
-3.25 -3.5 -2.7715e-05
-3.25 -3.375 -4.32033e-05
-3.25 -3.25 -6.57205e-05
-3.25 -3.125 -9.80779e-05
-3.25 -3 -0.000143897
-3.25 -2.875 -0.000207741
-3.25 -2.75 -0.000295221
-3.25 -2.625 -0.000413039
-3.25 -2.5 -0.000568957
-3.25 -2.375 -0.000771654
-3.25 -2.25 -0.00103043
-3.25 -2.125 -0.00135478
-3.25 -2 -0.00175372
-3.25 -1.875 -0.00223508
-3.25 -1.75 -0.00280452
-3.25 -1.625 -0.00346461
-3.25 -1.5 -0.00421378
-3.25 -1.375 -0.00504553
-3.25 -1.25 -0.00594778
-3.25 -1.125 -0.00690259
-3.25 -1 -0.0078863
-3.25 -0.875 -0.00887025
-3.25 -0.75 -0.00982193
-3.25 -0.625 -0.0107066
-3.25 -0.5 -0.0114895
-3.25 -0.375 -0.0121379
-3.25 -0.25 -0.0126233
-3.25 -0.125 -0.0129238
-3.25 0 -0.0130255
-3.25 0.125 -0.0129238
-3.25 0.25 -0.0126233
-3.25 0.375 -0.0121379
-3.25 0.5 -0.0114895
-3.25 0.625 -0.0107066
-3.25 0.75 -0.00982193
-3.25 0.875 -0.00887025
-3.25 1 -0.0078863
-3.25 1.125 -0.00690259
-3.25 1.25 -0.00594778
-3.25 1.375 -0.00504553
-3.25 1.5 -0.00421378
-3.25 1.625 -0.00346461
-3.25 1.75 -0.00280452
-3.25 1.875 -0.00223508
-3.25 2 -0.00175372
-3.25 2.125 -0.00135478
-3.25 2.25 -0.00103043
-3.25 2.375 -0.000771654
-3.25 2.5 -0.000568957
-3.25 2.625 -0.000413039
-3.25 2.75 -0.000295221
-3.25 2.875 -0.000207741
-3.25 3 -0.000143897
-3.25 3.125 -9.80779e-05
-3.25 3.25 -6.57205e-05
-3.25 3.375 -4.32033e-05
-3.25 3.5 -2.7715e-05
-3.25 3.625 -1.71085e-05
-3.25 3.75 -9.75425e-06
-3.25 3.875 -4.39491e-06
-3.25 4 0

-3.125 -4 0
-3.125 -3.875 -6.3174e-06
-3.125 -3.75 -1.40211e-05
-3.125 -3.625 -2.45924e-05
-3.125 -3.5 -3.98385e-05
-3.125 -3.375 -6.2102e-05
-3.125 -3.25 -9.4469e-05
-3.125 -3.125 -0.000140981
-3.125 -3 -0.000206843
-3.125 -2.875 -0.000298615
-3.125 -2.75 -0.000424361
-3.125 -2.625 -0.000593717
-3.125 -2.5 -0.00081784
-3.125 -2.375 -0.0011092
-3.125 -2.25 -0.00148118
-3.125 -2.125 -0.0019474
-3.125 -2 -0.00252086
-3.125 -1.875 -0.00321278
-3.125 -1.75 -0.00403133
-3.125 -1.625 -0.00498015
-3.125 -1.5 -0.00605704
-3.125 -1.375 -0.00725263
-3.125 -1.25 -0.00854956
-3.125 -1.125 -0.00992203
-3.125 -1 -0.0113361
-3.125 -0.875 -0.0127504
-3.125 -0.75 -0.0141184
-3.125 -0.625 -0.0153901
-3.125 -0.5 -0.0165154
-3.125 -0.375 -0.0174474
-3.125 -0.25 -0.0181451
-3.125 -0.125 -0.0185771
-3.125 0 -0.0187234
-3.125 0.125 -0.0185771
-3.125 0.25 -0.0181451
-3.125 0.375 -0.0174474
-3.125 0.5 -0.0165154
-3.125 0.625 -0.0153901
-3.125 0.75 -0.0141184
-3.125 0.875 -0.0127504
-3.125 1 -0.0113361
-3.125 1.125 -0.00992203
-3.125 1.25 -0.00854956
-3.125 1.375 -0.00725263
-3.125 1.5 -0.00605704
-3.125 1.625 -0.00498015
-3.125 1.75 -0.00403133
-3.125 1.875 -0.00321278
-3.125 2 -0.00252086
-3.125 2.125 -0.0019474
-3.125 2.25 -0.00148118
-3.125 2.375 -0.0011092
-3.125 2.5 -0.00081784
-3.125 2.625 -0.000593717
-3.125 2.75 -0.000424361
-3.125 2.875 -0.000298615
-3.125 3 -0.000206843
-3.125 3.125 -0.000140981
-3.125 3.25 -9.4469e-05
-3.125 3.375 -6.2102e-05
-3.125 3.5 -3.98385e-05
-3.125 3.625 -2.45924e-05
-3.125 3.75 -1.40211e-05
-3.125 3.875 -6.3174e-06
-3.125 4 0

-3 -4 0
-3 -3.875 -8.90811e-06
-3 -3.75 -1.9771e-05
-3 -3.625 -3.46776e-05
-3 -3.5 -5.61759e-05
-3 -3.375 -8.75695e-05
-3 -3.25 -0.00013321
-3 -3.125 -0.000198796
-3 -3 -0.000291667
-3 -2.875 -0.000421074
-3 -2.75 -0.000598388
-3 -2.625 -0.000837195
-3 -2.5 -0.00115323
-3 -2.375 -0.00156408
-3 -2.25 -0.0020886
-3 -2.125 -0.00274602
-3 -2 -0.00355464
-3 -1.875 -0.00453032
-3 -1.75 -0.00568454
-3 -1.625 -0.00702247
-3 -1.5 -0.00854097
-3 -1.375 -0.0102269
-3 -1.25 -0.0120556
-3 -1.125 -0.013991
-3 -1 -0.0159849
-3 -0.875 -0.0179793
-3 -0.75 -0.0199082
-3 -0.625 -0.0217014
-3 -0.5 -0.0232883
-3 -0.375 -0.0246024
-3 -0.25 -0.0255863
-3 -0.125 -0.0261954
-3 0 -0.0264017
-3 0.125 -0.0261954
-3 0.25 -0.0255863
-3 0.375 -0.0246024
-3 0.5 -0.0232883
-3 0.625 -0.0217014
-3 0.75 -0.0199082
-3 0.875 -0.0179793
-3 1 -0.0159849
-3 1.125 -0.013991
-3 1.25 -0.0120556
-3 1.375 -0.0102269
-3 1.5 -0.00854097
-3 1.625 -0.00702247
-3 1.75 -0.00568454
-3 1.875 -0.00453032
-3 2 -0.00355464
-3 2.125 -0.00274602
-3 2.25 -0.0020886
-3 2.375 -0.00156408
-3 2.5 -0.00115323
-3 2.625 -0.000837195
-3 2.75 -0.000598388
-3 2.875 -0.000421074
-3 3 -0.000291667
-3 3.125 -0.000198796
-3 3.25 -0.00013321
-3 3.375 -8.75695e-05
-3 3.5 -5.61759e-05
-3 3.625 -3.46776e-05
-3 3.75 -1.9771e-05
-3 3.875 -8.90811e-06
-3 4 0

-2.875 -4 0
-2.875 -3.875 -1.23345e-05
-2.875 -3.75 -2.73757e-05
-2.875 -3.625 -4.80159e-05
-2.875 -3.5 -7.77834e-05
-2.875 -3.375 -0.000121252
-2.875 -3.25 -0.000184448
-2.875 -3.125 -0.00027526
-2.875 -3 -0.000403853
-2.875 -2.875 -0.000583036
-2.875 -2.75 -0.000828551
-2.875 -2.625 -0.00115921
-2.875 -2.5 -0.0015968
-2.875 -2.375 -0.00216568
-2.875 -2.25 -0.00289196
-2.875 -2.125 -0.00380224
-2.875 -2 -0.00492189
-2.875 -1.875 -0.00627285
-2.875 -1.75 -0.00787102
-2.875 -1.625 -0.00972357
-2.875 -1.5 -0.0118262
-2.875 -1.375 -0.0141605
-2.875 -1.25 -0.0166927
-2.875 -1.125 -0.0193724
-2.875 -1 -0.0221333
-2.875 -0.875 -0.0248948
-2.875 -0.75 -0.0275657
-2.875 -0.625 -0.0300486
-2.875 -0.5 -0.0322458
-2.875 -0.375 -0.0340654
-2.875 -0.25 -0.0354277
-2.875 -0.125 -0.0362712
-2.875 0 -0.0365568
-2.875 0.125 -0.0362712
-2.875 0.25 -0.0354277
-2.875 0.375 -0.0340654
-2.875 0.5 -0.0322458
-2.875 0.625 -0.0300486
-2.875 0.75 -0.0275657
-2.875 0.875 -0.0248948
-2.875 1 -0.0221333
-2.875 1.125 -0.0193724
-2.875 1.25 -0.0166927
-2.875 1.375 -0.0141605
-2.875 1.5 -0.0118262
-2.875 1.625 -0.00972357
-2.875 1.75 -0.00787102
-2.875 1.875 -0.00627285
-2.875 2 -0.00492189
-2.875 2.125 -0.00380224
-2.875 2.25 -0.00289196
-2.875 2.375 -0.00216568
-2.875 2.5 -0.0015968
-2.875 2.625 -0.00115921
-2.875 2.75 -0.000828551
-2.875 2.875 -0.000583036
-2.875 3 -0.000403853
-2.875 3.125 -0.00027526
-2.875 3.25 -0.000184448
-2.875 3.375 -0.000121252
-2.875 3.5 -7.77834e-05
-2.875 3.625 -4.80159e-05
-2.875 3.75 -2.73757e-05
-2.875 3.875 -1.23345e-05
-2.875 4 0

-2.75 -4 0
-2.75 -3.875 -1.67765e-05
-2.75 -3.75 -3.72345e-05
-2.75 -3.625 -6.53078e-05
-2.75 -3.5 -0.000105795
-2.75 -3.375 -0.000164918
-2.75 -3.25 -0.000250872
-2.75 -3.125 -0.000374389
-2.75 -3 -0.000549292
-2.75 -2.875 -0.000793003
-2.75 -2.75 -0.00112694
-2.75 -2.625 -0.00157668
-2.75 -2.5 -0.00217186
-2.75 -2.375 -0.00294561
-2.75 -2.25 -0.00393343
-2.75 -2.125 -0.00517153
-2.75 -2 -0.00669441
-2.75 -1.875 -0.00853188
-2.75 -1.75 -0.0107056
-2.75 -1.625 -0.0132253
-2.75 -1.5 -0.0160851
-2.75 -1.375 -0.0192601
-2.75 -1.25 -0.0227042
-2.75 -1.125 -0.026349
-2.75 -1 -0.0301041
-2.75 -0.875 -0.0338601
-2.75 -0.75 -0.0374929
-2.75 -0.625 -0.04087
-2.75 -0.5 -0.0438585
-2.75 -0.375 -0.0463334
-2.75 -0.25 -0.0481863
-2.75 -0.125 -0.0493335
-2.75 0 -0.0497219
-2.75 0.125 -0.0493335
-2.75 0.25 -0.0481863
-2.75 0.375 -0.0463334
-2.75 0.5 -0.0438585
-2.75 0.625 -0.04087
-2.75 0.75 -0.0374929
-2.75 0.875 -0.0338601
-2.75 1 -0.0301041
-2.75 1.125 -0.026349
-2.75 1.25 -0.0227042
-2.75 1.375 -0.0192601
-2.75 1.5 -0.0160851
-2.75 1.625 -0.0132253
-2.75 1.75 -0.0107056
-2.75 1.875 -0.00853188
-2.75 2 -0.00669441
-2.75 2.125 -0.00517153
-2.75 2.25 -0.00393343
-2.75 2.375 -0.00294561
-2.75 2.5 -0.00217186
-2.75 2.625 -0.00157668
-2.75 2.75 -0.00112694
-2.75 2.875 -0.000793003
-2.75 3 -0.000549292
-2.75 3.125 -0.000374389
-2.75 3.25 -0.000250872
-2.75 3.375 -0.000164918
-2.75 3.5 -0.000105795
-2.75 3.625 -6.53078e-05
-2.75 3.75 -3.72345e-05
-2.75 3.875 -1.67765e-05
-2.75 4 0

-2.625 -4 0
-2.625 -3.875 -2.24156e-05
-2.625 -3.75 -4.97502e-05
-2.625 -3.625 -8.72597e-05
-2.625 -3.5 -0.000141356
-2.625 -3.375 -0.000220352
-2.625 -3.25 -0.000335198
-2.625 -3.125 -0.000500232
-2.625 -3 -0.000733925
-2.625 -2.875 -0.00105956
-2.625 -2.75 -0.00150573
-2.625 -2.625 -0.00210664
-2.625 -2.5 -0.00290189
-2.625 -2.375 -0.00393571
-2.625 -2.25 -0.00525557
-2.625 -2.125 -0.00690984
-2.625 -2 -0.00894459
-2.625 -1.875 -0.0113997
-2.625 -1.75 -0.0143041
-2.625 -1.625 -0.0176707
-2.625 -1.5 -0.0214918
-2.625 -1.375 -0.025734
-2.625 -1.25 -0.0303358
-2.625 -1.125 -0.0352056
-2.625 -1 -0.0402229
-2.625 -0.875 -0.0452414
-2.625 -0.75 -0.0500953
-2.625 -0.625 -0.0546076
-2.625 -0.5 -0.0586006
-2.625 -0.375 -0.0619073
-2.625 -0.25 -0.0643831
-2.625 -0.125 -0.0659159
-2.625 0 -0.0664349
-2.625 0.125 -0.0659159
-2.625 0.25 -0.0643831
-2.625 0.375 -0.0619073
-2.625 0.5 -0.0586006
-2.625 0.625 -0.0546076
-2.625 0.75 -0.0500953
-2.625 0.875 -0.0452414
-2.625 1 -0.0402229
-2.625 1.125 -0.0352056
-2.625 1.25 -0.0303358
-2.625 1.375 -0.025734
-2.625 1.5 -0.0214918
-2.625 1.625 -0.0176707
-2.625 1.75 -0.0143041
-2.625 1.875 -0.0113997
-2.625 2 -0.00894459
-2.625 2.125 -0.00690984
-2.625 2.25 -0.00525557
-2.625 2.375 -0.00393571
-2.625 2.5 -0.00290189
-2.625 2.625 -0.00210664
-2.625 2.75 -0.00150573
-2.625 2.875 -0.00105956
-2.625 3 -0.000733925
-2.625 3.125 -0.000500232
-2.625 3.25 -0.000335198
-2.625 3.375 -0.000220352
-2.625 3.5 -0.000141356
-2.625 3.625 -8.72597e-05
-2.625 3.75 -4.97502e-05
-2.625 3.875 -2.24156e-05
-2.625 4 0

-2.5 -4 0
-2.5 -3.875 -2.94188e-05
-2.5 -3.75 -6.52934e-05
-2.5 -3.625 -0.000114522
-2.5 -3.5 -0.00018552
-2.5 -3.375 -0.000289196
-2.5 -3.25 -0.000439923
-2.5 -3.125 -0.000656518
-2.5 -3 -0.000963223
-2.5 -2.875 -0.00139059
-2.5 -2.75 -0.00197616
-2.5 -2.625 -0.00276482
-2.5 -2.5 -0.00380851
-2.5 -2.375 -0.00516533
-2.5 -2.25 -0.00689756
-2.5 -2.125 -0.00906865
-2.5 -2 -0.0117391
-2.5 -1.875 -0.0149613
-2.5 -1.75 -0.018773
-2.5 -1.625 -0.0231915
-2.5 -1.5 -0.0282063
-2.5 -1.375 -0.033774
-2.5 -1.25 -0.0398135
-2.5 -1.125 -0.0462048
-2.5 -1 -0.0527896
-2.5 -0.875 -0.0593761
-2.5 -0.75 -0.0657464
-2.5 -0.625 -0.0716685
-2.5 -0.5 -0.076909
-2.5 -0.375 -0.0812488
-2.5 -0.25 -0.0844981
-2.5 -0.125 -0.0865097
-2.5 0 -0.0871909
-2.5 0.125 -0.0865097
-2.5 0.25 -0.0844981
-2.5 0.375 -0.0812488
-2.5 0.5 -0.076909
-2.5 0.625 -0.0716685
-2.5 0.75 -0.0657464
-2.5 0.875 -0.0593761
-2.5 1 -0.0527896
-2.5 1.125 -0.0462048
-2.5 1.25 -0.0398135
-2.5 1.375 -0.033774
-2.5 1.5 -0.0282063
-2.5 1.625 -0.0231915
-2.5 1.75 -0.018773
-2.5 1.875 -0.0149613
-2.5 2 -0.0117391
-2.5 2.125 -0.00906865
-2.5 2.25 -0.00689756
-2.5 2.375 -0.00516533
-2.5 2.5 -0.00380851
-2.5 2.625 -0.00276482
-2.5 2.75 -0.00197616
-2.5 2.875 -0.00139059
-2.5 3 -0.000963223
-2.5 3.125 -0.000656518
-2.5 3.25 -0.000439923
-2.5 3.375 -0.000289196
-2.5 3.5 -0.00018552
-2.5 3.625 -0.000114522
-2.5 3.75 -6.52934e-05
-2.5 3.875 -2.94188e-05
-2.5 4 0

-2.375 -4 0
-2.375 -3.875 -3.7918e-05
-2.375 -3.75 -8.41567e-05
-2.375 -3.625 -0.000147607
-2.375 -3.5 -0.000239117
-2.375 -3.375 -0.000372745
-2.375 -3.25 -0.000567017
-2.375 -3.125 -0.000846187
-2.375 -3 -0.0012415
-2.375 -2.875 -0.00179233
-2.375 -2.75 -0.00254708
-2.375 -2.625 -0.00356357
-2.375 -2.5 -0.00490879
-2.375 -2.375 -0.0066576
-2.375 -2.25 -0.00889027
-2.375 -2.125 -0.0116886
-2.375 -2 -0.0151306
-2.375 -1.875 -0.0192836
-2.375 -1.75 -0.0241966
-2.375 -1.625 -0.0298916
-2.375 -1.5 -0.0363552
-2.375 -1.375 -0.0435313
-2.375 -1.25 -0.0513157
-2.375 -1.125 -0.0595534
-2.375 -1 -0.0680406
-2.375 -0.875 -0.0765299
-2.375 -0.75 -0.0847406
-2.375 -0.625 -0.0923736
-2.375 -0.5 -0.0991281
-2.375 -0.375 -0.104722
-2.375 -0.25 -0.10891
-2.375 -0.125 -0.111502
-2.375 0 -0.11238
-2.375 0.125 -0.111502
-2.375 0.25 -0.10891
-2.375 0.375 -0.104722
-2.375 0.5 -0.0991281
-2.375 0.625 -0.0923736
-2.375 0.75 -0.0847406
-2.375 0.875 -0.0765299
-2.375 1 -0.0680406
-2.375 1.125 -0.0595534
-2.375 1.25 -0.0513157
-2.375 1.375 -0.0435313
-2.375 1.5 -0.0363552
-2.375 1.625 -0.0298916
-2.375 1.75 -0.0241966
-2.375 1.875 -0.0192836
-2.375 2 -0.0151306
-2.375 2.125 -0.0116886
-2.375 2.25 -0.00889027
-2.375 2.375 -0.0066576
-2.375 2.5 -0.00490879
-2.375 2.625 -0.00356357
-2.375 2.75 -0.00254708
-2.375 2.875 -0.00179233
-2.375 3 -0.0012415
-2.375 3.125 -0.000846187
-2.375 3.25 -0.000567017
-2.375 3.375 -0.000372745
-2.375 3.5 -0.000239117
-2.375 3.625 -0.000147607
-2.375 3.75 -8.41567e-05
-2.375 3.875 -3.7918e-05
-2.375 4 0

-2.25 -4 0
-2.25 -3.875 -4.79842e-05
-2.25 -3.75 -0.000106498
-2.25 -3.625 -0.000186793
-2.25 -3.5 -0.000302596
-2.25 -3.375 -0.000471699
-2.25 -3.25 -0.000717544
-2.25 -3.125 -0.00107083
-2.25 -3 -0.00157108
-2.25 -2.875 -0.00226815
-2.25 -2.75 -0.00322326
-2.25 -2.625 -0.00450961
-2.25 -2.5 -0.00621195
-2.25 -2.375 -0.00842501
-2.25 -2.25 -0.0112504
-2.25 -2.125 -0.0147916
-2.25 -2 -0.0191473
-2.25 -1.875 -0.0244029
-2.25 -1.75 -0.0306201
-2.25 -1.625 -0.037827
-2.25 -1.5 -0.0460065
-2.25 -1.375 -0.0550877
-2.25 -1.25 -0.0649386
-2.25 -1.125 -0.0753633
-2.25 -1 -0.0861036
-2.25 -0.875 -0.0968465
-2.25 -0.75 -0.107237
-2.25 -0.625 -0.116896
-2.25 -0.5 -0.125444
-2.25 -0.375 -0.132523
-2.25 -0.25 -0.137822
-2.25 -0.125 -0.141103
-2.25 0 -0.142214
-2.25 0.125 -0.141103
-2.25 0.25 -0.137822
-2.25 0.375 -0.132523
-2.25 0.5 -0.125444
-2.25 0.625 -0.116896
-2.25 0.75 -0.107237
-2.25 0.875 -0.0968465
-2.25 1 -0.0861036
-2.25 1.125 -0.0753633
-2.25 1.25 -0.0649386
-2.25 1.375 -0.0550877
-2.25 1.5 -0.0460065
-2.25 1.625 -0.037827
-2.25 1.75 -0.0306201
-2.25 1.875 -0.0244029
-2.25 2 -0.0191473
-2.25 2.125 -0.0147916
-2.25 2.25 -0.0112504
-2.25 2.375 -0.00842501
-2.25 2.5 -0.00621195
-2.25 2.625 -0.00450961
-2.25 2.75 -0.00322326
-2.25 2.875 -0.00226815
-2.25 3 -0.00157108
-2.25 3.125 -0.00107083
-2.25 3.25 -0.000717544
-2.25 3.375 -0.000471699
-2.25 3.5 -0.000302596
-2.25 3.625 -0.000186793
-2.25 3.75 -0.000106498
-2.25 3.875 -4.79842e-05
-2.25 4 0

-2.125 -4 0
-2.125 -3.875 -5.96e-05
-2.125 -3.75 -0.000132279
-2.125 -3.625 -0.000232012
-2.125 -3.5 -0.000375847
-2.125 -3.375 -0.000585887
-2.125 -3.25 -0.000891246
-2.125 -3.125 -0.00133005
-2.125 -3 -0.00195141
-2.125 -2.875 -0.00281721
-2.125 -2.75 -0.00400354
-2.125 -2.625 -0.00560128
-2.125 -2.5 -0.00771572
-2.125 -2.375 -0.0104645
-2.125 -2.25 -0.0139739
-2.125 -2.125 -0.0183723
-2.125 -2 -0.0237825
-2.125 -1.875 -0.0303102
-2.125 -1.75 -0.0380326
-2.125 -1.625 -0.0469841
-2.125 -1.5 -0.0571437
-2.125 -1.375 -0.0684232
-2.125 -1.25 -0.0806588
-2.125 -1.125 -0.093607
-2.125 -1 -0.106947
-2.125 -0.875 -0.120291
-2.125 -0.75 -0.133197
-2.125 -0.625 -0.145194
-2.125 -0.5 -0.155811
-2.125 -0.375 -0.164603
-2.125 -0.25 -0.171186
-2.125 -0.125 -0.175261
-2.125 0 -0.176641
-2.125 0.125 -0.175261
-2.125 0.25 -0.171186
-2.125 0.375 -0.164603
-2.125 0.5 -0.155811
-2.125 0.625 -0.145194
-2.125 0.75 -0.133197
-2.125 0.875 -0.120291
-2.125 1 -0.106947
-2.125 1.125 -0.093607
-2.125 1.25 -0.0806588
-2.125 1.375 -0.0684232
-2.125 1.5 -0.0571437
-2.125 1.625 -0.0469841
-2.125 1.75 -0.0380326
-2.125 1.875 -0.0303102
-2.125 2 -0.0237825
-2.125 2.125 -0.0183723
-2.125 2.25 -0.0139739
-2.125 2.375 -0.0104645
-2.125 2.5 -0.00771572
-2.125 2.625 -0.00560128
-2.125 2.75 -0.00400354
-2.125 2.875 -0.00281721
-2.125 3 -0.00195141
-2.125 3.125 -0.00133005
-2.125 3.25 -0.000891246
-2.125 3.375 -0.000585887
-2.125 3.5 -0.000375847
-2.125 3.625 -0.000232012
-2.125 3.75 -0.000132279
-2.125 3.875 -5.96e-05
-2.125 4 0

-2 -4 0
-2 -3.875 -7.26316e-05
-2 -3.75 -0.000161202
-2 -3.625 -0.000282741
-2 -3.5 -0.000458026
-2 -3.375 -0.000713991
-2 -3.25 -0.00108612
-2 -3.125 -0.00162086
-2 -3 -0.00237808
-2 -2.875 -0.0034332
-2 -2.75 -0.00487891
-2 -2.625 -0.006826
-2 -2.5 -0.00940276
-2 -2.375 -0.0127526
-2 -2.25 -0.0170292
-2 -2.125 -0.0223894
-2 -2 -0.0289825
-2 -1.875 -0.0369376
-2 -1.75 -0.0463484
-2 -1.625 -0.0572571
-2 -1.5 -0.0696381
-2 -1.375 -0.0833839
-2 -1.25 -0.0982947
-2 -1.125 -0.114074
-2 -1 -0.130331
-2 -0.875 -0.146592
-2 -0.75 -0.16232
-2 -0.625 -0.176941
-2 -0.5 -0.189879
-2 -0.375 -0.200594
-2 -0.25 -0.208616
-2 -0.125 -0.213582
-2 0 -0.215264
-2 0.125 -0.213582
-2 0.25 -0.208616
-2 0.375 -0.200594
-2 0.5 -0.189879
-2 0.625 -0.176941
-2 0.75 -0.16232
-2 0.875 -0.146592
-2 1 -0.130331
-2 1.125 -0.114074
-2 1.25 -0.0982947
-2 1.375 -0.0833839
-2 1.5 -0.0696381
-2 1.625 -0.0572571
-2 1.75 -0.0463484
-2 1.875 -0.0369376
-2 2 -0.0289825
-2 2.125 -0.0223894
-2 2.25 -0.0170292
-2 2.375 -0.0127526
-2 2.5 -0.00940276
-2 2.625 -0.006826
-2 2.75 -0.00487891
-2 2.875 -0.0034332
-2 3 -0.00237808
-2 3.125 -0.00162086
-2 3.25 -0.00108612
-2 3.375 -0.000713991
-2 3.5 -0.000458026
-2 3.625 -0.000282741
-2 3.75 -0.000161202
-2 3.875 -7.26316e-05
-2 4 0

-1.875 -4 0
-1.875 -3.875 -8.68031e-05
-1.875 -3.75 -0.000192655
-1.875 -3.625 -0.000337908
-1.875 -3.5 -0.000547394
-1.875 -3.375 -0.000853301
-1.875 -3.25 -0.00129803
-1.875 -3.125 -0.00193712
-1.875 -3 -0.00284208
-1.875 -2.875 -0.00410307
-1.875 -2.75 -0.00583086
-1.875 -2.625 -0.00815785
-1.875 -2.5 -0.0112374
-1.875 -2.375 -0.0152408
-1.875 -2.25 -0.0203519
-1.875 -2.125 -0.0267579
-1.875 -2 -0.0346374
-1.875 -1.875 -0.0441446
-1.875 -1.75 -0.0553917
-1.875 -1.625 -0.0684288
-1.875 -1.5 -0.0832256
-1.875 -1.375 -0.0996534
-1.875 -1.25 -0.117474
-1.875 -1.125 -0.136332
-1.875 -1 -0.155761
-1.875 -0.875 -0.175195
-1.875 -0.75 -0.193991
-1.875 -0.625 -0.211465
-1.875 -0.5 -0.226927
-1.875 -0.375 -0.239733
-1.875 -0.25 -0.24932
-1.875 -0.125 -0.255255
-1.875 0 -0.257265
-1.875 0.125 -0.255255
-1.875 0.25 -0.24932
-1.875 0.375 -0.239733
-1.875 0.5 -0.226927
-1.875 0.625 -0.211465
-1.875 0.75 -0.193991
-1.875 0.875 -0.175195
-1.875 1 -0.155761
-1.875 1.125 -0.136332
-1.875 1.25 -0.117474
-1.875 1.375 -0.0996534
-1.875 1.5 -0.0832256
-1.875 1.625 -0.0684288
-1.875 1.75 -0.0553917
-1.875 1.875 -0.0441446
-1.875 2 -0.0346374
-1.875 2.125 -0.0267579
-1.875 2.25 -0.0203519
-1.875 2.375 -0.0152408
-1.875 2.5 -0.0112374
-1.875 2.625 -0.00815785
-1.875 2.75 -0.00583086
-1.875 2.875 -0.00410307
-1.875 3 -0.00284208
-1.875 3.125 -0.00193712
-1.875 3.25 -0.00129803
-1.875 3.375 -0.000853301
-1.875 3.5 -0.000547394
-1.875 3.625 -0.000337908
-1.875 3.75 -0.000192655
-1.875 3.875 -8.68031e-05
-1.875 4 0

-1.75 -4 0
-1.75 -3.875 -0.00010168
-1.75 -3.75 -0.000225674
-1.75 -3.625 -0.000395822
-1.75 -3.5 -0.000641212
-1.75 -3.375 -0.000999548
-1.75 -3.25 -0.0015205
-1.75 -3.125 -0.00226912
-1.75 -3 -0.00332919
-1.75 -2.875 -0.00480629
-1.75 -2.75 -0.00683021
-1.75 -2.625 -0.00955603
-1.75 -2.5 -0.0131634
-1.75 -2.375 -0.0178529
-1.75 -2.25 -0.02384
-1.75 -2.125 -0.031344
-1.75 -2 -0.0405739
-1.75 -1.875 -0.0517106
-1.75 -1.75 -0.0648852
-1.75 -1.625 -0.0801568
-1.75 -1.5 -0.0974896
-1.75 -1.375 -0.116733
-1.75 -1.25 -0.137607
-1.75 -1.125 -0.159698
-1.75 -1 -0.182457
-1.75 -0.875 -0.205221
-1.75 -0.75 -0.227239
-1.75 -0.625 -0.247708
-1.75 -0.5 -0.26582
-1.75 -0.375 -0.28082
-1.75 -0.25 -0.292051
-1.75 -0.125 -0.299004
-1.75 0 -0.301358
-1.75 0.125 -0.299004
-1.75 0.25 -0.292051
-1.75 0.375 -0.28082
-1.75 0.5 -0.26582
-1.75 0.625 -0.247708
-1.75 0.75 -0.227239
-1.75 0.875 -0.205221
-1.75 1 -0.182457
-1.75 1.125 -0.159698
-1.75 1.25 -0.137607
-1.75 1.375 -0.116733
-1.75 1.5 -0.0974896
-1.75 1.625 -0.0801568
-1.75 1.75 -0.0648852
-1.75 1.875 -0.0517106
-1.75 2 -0.0405739
-1.75 2.125 -0.031344
-1.75 2.25 -0.02384
-1.75 2.375 -0.0178529
-1.75 2.5 -0.0131634
-1.75 2.625 -0.00955603
-1.75 2.75 -0.00683021
-1.75 2.875 -0.00480629
-1.75 3 -0.00332919
-1.75 3.125 -0.00226912
-1.75 3.25 -0.0015205
-1.75 3.375 -0.000999548
-1.75 3.5 -0.000641212
-1.75 3.625 -0.000395822
-1.75 3.75 -0.000225674
-1.75 3.875 -0.00010168
-1.75 4 0

-1.625 -4 0
-1.625 -3.875 -0.000116664
-1.625 -3.75 -0.000258929
-1.625 -3.625 -0.000454151
-1.625 -3.5 -0.000735702
-1.625 -3.375 -0.00114684
-1.625 -3.25 -0.00174457
-1.625 -3.125 -0.00260351
-1.625 -3 -0.00381978
-1.625 -2.875 -0.00551456
-1.625 -2.75 -0.00783673
-1.625 -2.625 -0.0109642
-1.625 -2.5 -0.0151031
-1.625 -2.375 -0.0204838
-1.625 -2.25 -0.0273531
-1.625 -2.125 -0.0359629
-1.625 -2 -0.046553
-1.625 -1.875 -0.0593308
-1.625 -1.75 -0.0744469
-1.625 -1.625 -0.091969
-1.625 -1.5 -0.111856
-1.625 -1.375 -0.133935
-1.625 -1.25 -0.157886
-1.625 -1.125 -0.183231
-1.625 -1 -0.209344
-1.625 -0.875 -0.235463
-1.625 -0.75 -0.260726
-1.625 -0.625 -0.28421
-1.625 -0.5 -0.304992
-1.625 -0.375 -0.322203
-1.625 -0.25 -0.335088
-1.625 -0.125 -0.343065
-1.625 0 -0.345767
-1.625 0.125 -0.343065
-1.625 0.25 -0.335088
-1.625 0.375 -0.322203
-1.625 0.5 -0.304992
-1.625 0.625 -0.28421
-1.625 0.75 -0.260726
-1.625 0.875 -0.235463
-1.625 1 -0.209344
-1.625 1.125 -0.183231
-1.625 1.25 -0.157886
-1.625 1.375 -0.133935
-1.625 1.5 -0.111856
-1.625 1.625 -0.091969
-1.625 1.75 -0.0744469
-1.625 1.875 -0.0593308
-1.625 2 -0.046553
-1.625 2.125 -0.0359629
-1.625 2.25 -0.0273531
-1.625 2.375 -0.0204838
-1.625 2.5 -0.0151031
-1.625 2.625 -0.0109642
-1.625 2.75 -0.00783673
-1.625 2.875 -0.00551456
-1.625 3 -0.00381978
-1.625 3.125 -0.00260351
-1.625 3.25 -0.00174457
-1.625 3.375 -0.00114684
-1.625 3.5 -0.000735702
-1.625 3.625 -0.000454151
-1.625 3.75 -0.000258929
-1.625 3.875 -0.000116664
-1.625 4 0

-1.5 -4 0
-1.5 -3.875 -0.000131002
-1.5 -3.75 -0.00029075
-1.5 -3.625 -0.000509964
-1.5 -3.5 -0.000826116
-1.5 -3.375 -0.00128779
-1.5 -3.25 -0.00195897
-1.5 -3.125 -0.00292346
-1.5 -3 -0.00428921
-1.5 -2.875 -0.00619226
-1.5 -2.75 -0.00879982
-1.5 -2.625 -0.0123117
-1.5 -2.5 -0.0169592
-1.5 -2.375 -0.0230011
-1.5 -2.25 -0.0307147
-1.5 -2.125 -0.0403825
-1.5 -2 -0.0522741
-1.5 -1.875 -0.0666222
-1.5 -1.75 -0.083596
-1.5 -1.625 -0.103271
-1.5 -1.5 -0.125602
-1.5 -1.375 -0.150395
-1.5 -1.25 -0.177289
-1.5 -1.125 -0.205749
-1.5 -1 -0.235071
-1.5 -0.875 -0.264401
-1.5 -0.75 -0.292768
-1.5 -0.625 -0.319138
-1.5 -0.5 -0.342474
-1.5 -0.375 -0.3618
-1.5 -0.25 -0.376268
-1.5 -0.125 -0.385226
-1.5 0 -0.38826
-1.5 0.125 -0.385226
-1.5 0.25 -0.376268
-1.5 0.375 -0.3618
-1.5 0.5 -0.342474
-1.5 0.625 -0.319138
-1.5 0.75 -0.292768
-1.5 0.875 -0.264401
-1.5 1 -0.235071
-1.5 1.125 -0.205749
-1.5 1.25 -0.177289
-1.5 1.375 -0.150395
-1.5 1.5 -0.125602
-1.5 1.625 -0.103271
-1.5 1.75 -0.083596
-1.5 1.875 -0.0666222
-1.5 2 -0.0522741
-1.5 2.125 -0.0403825
-1.5 2.25 -0.0307147
-1.5 2.375 -0.0230011
-1.5 2.5 -0.0169592
-1.5 2.625 -0.0123117
-1.5 2.75 -0.00879982
-1.5 2.875 -0.00619226
-1.5 3 -0.00428921
-1.5 3.125 -0.00292346
-1.5 3.25 -0.00195897
-1.5 3.375 -0.00128779
-1.5 3.5 -0.000826116
-1.5 3.625 -0.000509964
-1.5 3.75 -0.00029075
-1.5 3.875 -0.000131002
-1.5 4 0

-1.375 -4 0
-1.375 -3.875 -0.000143813
-1.375 -3.75 -0.000319186
-1.375 -3.625 -0.000559839
-1.375 -3.5 -0.00090691
-1.375 -3.375 -0.00141373
-1.375 -3.25 -0.00215056
-1.375 -3.125 -0.00320938
-1.375 -3 -0.0047087
-1.375 -2.875 -0.00679787
-1.375 -2.75 -0.00966044
-1.375 -2.625 -0.0135158
-1.375 -2.5 -0.0186178
-1.375 -2.375 -0.0252506
-1.375 -2.25 -0.0337186
-1.375 -2.125 -0.044332
-1.375 -2 -0.0573865
-1.375 -1.875 -0.0731379
-1.375 -1.75 -0.0917717
-1.375 -1.625 -0.113371
-1.375 -1.5 -0.137886
-1.375 -1.375 -0.165104
-1.375 -1.25 -0.194628
-1.375 -1.125 -0.225872
-1.375 -1 -0.258061
-1.375 -0.875 -0.290259
-1.375 -0.75 -0.3214
-1.375 -0.625 -0.35035
-1.375 -0.5 -0.375968
-1.375 -0.375 -0.397184
-1.375 -0.25 -0.413068
-1.375 -0.125 -0.422902
-1.375 0 -0.426231
-1.375 0.125 -0.422902
-1.375 0.25 -0.413068
-1.375 0.375 -0.397184
-1.375 0.5 -0.375968
-1.375 0.625 -0.35035
-1.375 0.75 -0.3214
-1.375 0.875 -0.290259
-1.375 1 -0.258061
-1.375 1.125 -0.225872
-1.375 1.25 -0.194628
-1.375 1.375 -0.165104
-1.375 1.5 -0.137886
-1.375 1.625 -0.113371
-1.375 1.75 -0.0917717
-1.375 1.875 -0.0731379
-1.375 2 -0.0573865
-1.375 2.125 -0.044332
-1.375 2.25 -0.0337186
-1.375 2.375 -0.0252506
-1.375 2.5 -0.0186178
-1.375 2.625 -0.0135158
-1.375 2.75 -0.00966044
-1.375 2.875 -0.00679787
-1.375 3 -0.0047087
-1.375 3.125 -0.00320938
-1.375 3.25 -0.00215056
-1.375 3.375 -0.00141373
-1.375 3.5 -0.00090691
-1.375 3.625 -0.000559839
-1.375 3.75 -0.000319186
-1.375 3.875 -0.000143813
-1.375 4 0

-1.25 -4 0
-1.25 -3.875 -0.000154143
-1.25 -3.75 -0.000342113
-1.25 -3.625 -0.000600051
-1.25 -3.5 -0.000972053
-1.25 -3.375 -0.00151528
-1.25 -3.25 -0.00230503
-1.25 -3.125 -0.0034399
-1.25 -3 -0.00504692
-1.25 -2.875 -0.00728615
-1.25 -2.75 -0.0103543
-1.25 -2.625 -0.0144866
-1.25 -2.5 -0.0199551
-1.25 -2.375 -0.0270644
-1.25 -2.25 -0.0361406
-1.25 -2.125 -0.0475163
-1.25 -2 -0.0615085
-1.25 -1.875 -0.0783913
-1.25 -1.75 -0.0983636
-1.25 -1.625 -0.121515
-1.25 -1.5 -0.14779
-1.25 -1.375 -0.176963
-1.25 -1.25 -0.208608
-1.25 -1.125 -0.242096
-1.25 -1 -0.276598
-1.25 -0.875 -0.311108
-1.25 -0.75 -0.344486
-1.25 -0.625 -0.375515
-1.25 -0.5 -0.402974
-1.25 -0.375 -0.425713
-1.25 -0.25 -0.442738
-1.25 -0.125 -0.453278
-1.25 0 -0.456847
-1.25 0.125 -0.453278
-1.25 0.25 -0.442738
-1.25 0.375 -0.425713
-1.25 0.5 -0.402974
-1.25 0.625 -0.375515
-1.25 0.75 -0.344486
-1.25 0.875 -0.311108
-1.25 1 -0.276598
-1.25 1.125 -0.242096
-1.25 1.25 -0.208608
-1.25 1.375 -0.176963
-1.25 1.5 -0.14779
-1.25 1.625 -0.121515
-1.25 1.75 -0.0983636
-1.25 1.875 -0.0783913
-1.25 2 -0.0615085
-1.25 2.125 -0.0475163
-1.25 2.25 -0.0361406
-1.25 2.375 -0.0270644
-1.25 2.5 -0.0199551
-1.25 2.625 -0.0144866
-1.25 2.75 -0.0103543
-1.25 2.875 -0.00728615
-1.25 3 -0.00504692
-1.25 3.125 -0.0034399
-1.25 3.25 -0.00230503
-1.25 3.375 -0.00151528
-1.25 3.5 -0.000972053
-1.25 3.625 -0.000600051
-1.25 3.75 -0.000342113
-1.25 3.875 -0.000154143
-1.25 4 0

-1.125 -4 0
-1.125 -3.875 -0.000161023
-1.125 -3.75 -0.000357381
-1.125 -3.625 -0.000626831
-1.125 -3.5 -0.00101544
-1.125 -3.375 -0.0015829
-1.125 -3.25 -0.0024079
-1.125 -3.125 -0.00359343
-1.125 -3 -0.00527216
-1.125 -2.875 -0.00761133
-1.125 -2.75 -0.0108164
-1.125 -2.625 -0.0151331
-1.125 -2.5 -0.0208457
-1.125 -2.375 -0.0282722
-1.125 -2.25 -0.0377535
-1.125 -2.125 -0.0496369
-1.125 -2 -0.0642536
-1.125 -1.875 -0.0818899
-1.125 -1.75 -0.102754
-1.125 -1.625 -0.126938
-1.125 -1.5 -0.154386
-1.125 -1.375 -0.184861
-1.125 -1.25 -0.217918
-1.125 -1.125 -0.2529
-1.125 -1 -0.288942
-1.125 -0.875 -0.324993
-1.125 -0.75 -0.359861
-1.125 -0.625 -0.392275
-1.125 -0.5 -0.420958
-1.125 -0.375 -0.444712
-1.125 -0.25 -0.462497
-1.125 -0.125 -0.473508
-1.125 0 -0.477236
-1.125 0.125 -0.473508
-1.125 0.25 -0.462497
-1.125 0.375 -0.444712
-1.125 0.5 -0.420958
-1.125 0.625 -0.392275
-1.125 0.75 -0.359861
-1.125 0.875 -0.324993
-1.125 1 -0.288942
-1.125 1.125 -0.2529
-1.125 1.25 -0.217918
-1.125 1.375 -0.184861
-1.125 1.5 -0.154386
-1.125 1.625 -0.126938
-1.125 1.75 -0.102754
-1.125 1.875 -0.0818899
-1.125 2 -0.0642536
-1.125 2.125 -0.0496369
-1.125 2.25 -0.0377535
-1.125 2.375 -0.0282722
-1.125 2.5 -0.0208457
-1.125 2.625 -0.0151331
-1.125 2.75 -0.0108164
-1.125 2.875 -0.00761133
-1.125 3 -0.00527216
-1.125 3.125 -0.00359343
-1.125 3.25 -0.0024079
-1.125 3.375 -0.0015829
-1.125 3.5 -0.00101544
-1.125 3.625 -0.000626831
-1.125 3.75 -0.000357381
-1.125 3.875 -0.000161023
-1.125 4 0

-1 -4 0
-1 -3.875 -0.000163551
-1 -3.75 -0.000362992
-1 -3.625 -0.000636672
-1 -3.5 -0.00103138
-1 -3.375 -0.00160776
-1 -3.25 -0.0024457
-1 -3.125 -0.00364984
-1 -3 -0.00535494
-1 -2.875 -0.00773083
-1 -2.75 -0.0109863
-1 -2.625 -0.0153707
-1 -2.5 -0.021173
-1 -2.375 -0.0287161
-1 -2.25 -0.0383462
-1 -2.125 -0.0504162
-1 -2 -0.0652624
-1 -1.875 -0.0831756
-1 -1.75 -0.104367
-1 -1.625 -0.128931
-1 -1.5 -0.15681
-1 -1.375 -0.187763
-1 -1.25 -0.221339
-1 -1.125 -0.256871
-1 -1 -0.293478
-1 -0.875 -0.330095
-1 -0.75 -0.36551
-1 -0.625 -0.398433
-1 -0.5 -0.427567
-1 -0.375 -0.451694
-1 -0.25 -0.469758
-1 -0.125 -0.480942
-1 0 -0.484729
-1 0.125 -0.480942
-1 0.25 -0.469758
-1 0.375 -0.451694
-1 0.5 -0.427567
-1 0.625 -0.398433
-1 0.75 -0.36551
-1 0.875 -0.330095
-1 1 -0.293478
-1 1.125 -0.256871
-1 1.25 -0.221339
-1 1.375 -0.187763
-1 1.5 -0.15681
-1 1.625 -0.128931
-1 1.75 -0.104367
-1 1.875 -0.0831756
-1 2 -0.0652624
-1 2.125 -0.0504162
-1 2.25 -0.0383462
-1 2.375 -0.0287161
-1 2.5 -0.021173
-1 2.625 -0.0153707
-1 2.75 -0.0109863
-1 2.875 -0.00773083
-1 3 -0.00535494
-1 3.125 -0.00364984
-1 3.25 -0.0024457
-1 3.375 -0.00160776
-1 3.5 -0.00103138
-1 3.625 -0.000636672
-1 3.75 -0.000362992
-1 3.875 -0.000163551
-1 4 0

-0.875 -4 0
-0.875 -3.875 -0.000160981
-0.875 -3.75 -0.000357287
-0.875 -3.625 -0.000626667
-0.875 -3.5 -0.00101517
-0.875 -3.375 -0.00158249
-0.875 -3.25 -0.00240727
-0.875 -3.125 -0.00359248
-0.875 -3 -0.00527078
-0.875 -2.875 -0.00760933
-0.875 -2.75 -0.0108136
-0.875 -2.625 -0.0151291
-0.875 -2.5 -0.0208403
-0.875 -2.375 -0.0282648
-0.875 -2.25 -0.0377436
-0.875 -2.125 -0.0496239
-0.875 -2 -0.0642368
-0.875 -1.875 -0.0818684
-0.875 -1.75 -0.102727
-0.875 -1.625 -0.126905
-0.875 -1.5 -0.154346
-0.875 -1.375 -0.184812
-0.875 -1.25 -0.21786
-0.875 -1.125 -0.252834
-0.875 -1 -0.288866
-0.875 -0.875 -0.324907
-0.875 -0.75 -0.359766
-0.875 -0.625 -0.392172
-0.875 -0.5 -0.420848
-0.875 -0.375 -0.444596
-0.875 -0.25 -0.462376
-0.875 -0.125 -0.473383
-0.875 0 -0.477111
-0.875 0.125 -0.473383
-0.875 0.25 -0.462376
-0.875 0.375 -0.444596
-0.875 0.5 -0.420848
-0.875 0.625 -0.392172
-0.875 0.75 -0.359766
-0.875 0.875 -0.324907
-0.875 1 -0.288866
-0.875 1.125 -0.252834
-0.875 1.25 -0.21786
-0.875 1.375 -0.184812
-0.875 1.5 -0.154346
-0.875 1.625 -0.126905
-0.875 1.75 -0.102727
-0.875 1.875 -0.0818684
-0.875 2 -0.0642368
-0.875 2.125 -0.0496239
-0.875 2.25 -0.0377436
-0.875 2.375 -0.0282648
-0.875 2.5 -0.0208403
-0.875 2.625 -0.0151291
-0.875 2.75 -0.0108136
-0.875 2.875 -0.00760933
-0.875 3 -0.00527078
-0.875 3.125 -0.00359248
-0.875 3.25 -0.00240727
-0.875 3.375 -0.00158249
-0.875 3.5 -0.00101517
-0.875 3.625 -0.000626667
-0.875 3.75 -0.000357287
-0.875 3.875 -0.000160981
-0.875 4 0

-0.75 -4 0
-0.75 -3.875 -0.000152802
-0.75 -3.75 -0.000339136
-0.75 -3.625 -0.000594831
-0.75 -3.5 -0.000963596
-0.75 -3.375 -0.0015021
-0.75 -3.25 -0.00228497
-0.75 -3.125 -0.00340998
-0.75 -3 -0.00500301
-0.75 -2.875 -0.00722277
-0.75 -2.75 -0.0102643
-0.75 -2.625 -0.0143606
-0.75 -2.5 -0.0197815
-0.75 -2.375 -0.0268289
-0.75 -2.25 -0.0358262
-0.75 -2.125 -0.0471029
-0.75 -2 -0.0609734
-0.75 -1.875 -0.0777093
-0.75 -1.75 -0.0975079
-0.75 -1.625 -0.120458
-0.75 -1.5 -0.146505
-0.75 -1.375 -0.175423
-0.75 -1.25 -0.206793
-0.75 -1.125 -0.239989
-0.75 -1 -0.274191
-0.75 -0.875 -0.308401
-0.75 -0.75 -0.341489
-0.75 -0.625 -0.372249
-0.75 -0.5 -0.399468
-0.75 -0.375 -0.422009
-0.75 -0.25 -0.438886
-0.75 -0.125 -0.449335
-0.75 0 -0.452873
-0.75 0.125 -0.449335
-0.75 0.25 -0.438886
-0.75 0.375 -0.422009
-0.75 0.5 -0.399468
-0.75 0.625 -0.372249
-0.75 0.75 -0.341489
-0.75 0.875 -0.308401
-0.75 1 -0.274191
-0.75 1.125 -0.239989
-0.75 1.25 -0.206793
-0.75 1.375 -0.175423
-0.75 1.5 -0.146505
-0.75 1.625 -0.120458
-0.75 1.75 -0.0975079
-0.75 1.875 -0.0777093
-0.75 2 -0.0609734
-0.75 2.125 -0.0471029
-0.75 2.25 -0.0358262
-0.75 2.375 -0.0268289
-0.75 2.5 -0.0197815
-0.75 2.625 -0.0143606
-0.75 2.75 -0.0102643
-0.75 2.875 -0.00722277
-0.75 3 -0.00500301
-0.75 3.125 -0.00340998
-0.75 3.25 -0.00228497
-0.75 3.375 -0.0015021
-0.75 3.5 -0.000963596
-0.75 3.625 -0.000594831
-0.75 3.75 -0.000339136
-0.75 3.875 -0.000152802
-0.75 4 0

-0.625 -4 0
-0.625 -3.875 -0.000138817
-0.625 -3.75 -0.000308096
-0.625 -3.625 -0.000540387
-0.625 -3.5 -0.0008754
-0.625 -3.375 -0.00136461
-0.625 -3.25 -0.00207583
-0.625 -3.125 -0.00309787
-0.625 -3 -0.0045451
-0.625 -2.875 -0.00656168
-0.625 -2.75 -0.00932479
-0.625 -2.625 -0.0130461
-0.625 -2.5 -0.017971
-0.625 -2.375 -0.0243733
-0.625 -2.25 -0.032547
-0.625 -2.125 -0.0427916
-0.625 -2 -0.0553926
-0.625 -1.875 -0.0705967
-0.625 -1.75 -0.0885831
-0.625 -1.625 -0.109432
-0.625 -1.5 -0.133095
-0.625 -1.375 -0.159367
-0.625 -1.25 -0.187865
-0.625 -1.125 -0.218024
-0.625 -1 -0.249095
-0.625 -0.875 -0.280174
-0.625 -0.75 -0.310233
-0.625 -0.625 -0.338177
-0.625 -0.5 -0.362905
-0.625 -0.375 -0.383383
-0.625 -0.25 -0.398715
-0.625 -0.125 -0.408208
-0.625 0 -0.411422
-0.625 0.125 -0.408208
-0.625 0.25 -0.398715
-0.625 0.375 -0.383383
-0.625 0.5 -0.362905
-0.625 0.625 -0.338177
-0.625 0.75 -0.310233
-0.625 0.875 -0.280174
-0.625 1 -0.249095
-0.625 1.125 -0.218024
-0.625 1.25 -0.187865
-0.625 1.375 -0.159367
-0.625 1.5 -0.133095
-0.625 1.625 -0.109432
-0.625 1.75 -0.0885831
-0.625 1.875 -0.0705967
-0.625 2 -0.0553926
-0.625 2.125 -0.0427916
-0.625 2.25 -0.032547
-0.625 2.375 -0.0243733
-0.625 2.5 -0.017971
-0.625 2.625 -0.0130461
-0.625 2.75 -0.00932479
-0.625 2.875 -0.00656168
-0.625 3 -0.0045451
-0.625 3.125 -0.00309787
-0.625 3.25 -0.00207583
-0.625 3.375 -0.00136461
-0.625 3.5 -0.0008754
-0.625 3.625 -0.000540387
-0.625 3.75 -0.000308096
-0.625 3.875 -0.000138817
-0.625 4 0

-0.5 -4 0
-0.5 -3.875 -0.000119182
-0.5 -3.75 -0.000264518
-0.5 -3.625 -0.000463953
-0.5 -3.5 -0.00075158
-0.5 -3.375 -0.0011716
-0.5 -3.25 -0.00178222
-0.5 -3.125 -0.00265969
-0.5 -3 -0.00390222
-0.5 -2.875 -0.00563357
-0.5 -2.75 -0.00800585
-0.5 -2.625 -0.0112009
-0.5 -2.5 -0.0154291
-0.5 -2.375 -0.0209259
-0.5 -2.25 -0.0279435
-0.5 -2.125 -0.036739
-0.5 -2 -0.0475577
-0.5 -1.875 -0.0606112
-0.5 -1.75 -0.0760536
-0.5 -1.625 -0.0939538
-0.5 -1.5 -0.11427
-0.5 -1.375 -0.136826
-0.5 -1.25 -0.161293
-0.5 -1.125 -0.187186
-0.5 -1 -0.213862
-0.5 -0.875 -0.240545
-0.5 -0.75 -0.266353
-0.5 -0.625 -0.290344
-0.5 -0.5 -0.311575
-0.5 -0.375 -0.329156
-0.5 -0.25 -0.34232
-0.5 -0.125 -0.350469
-0.5 0 -0.353229
-0.5 0.125 -0.350469
-0.5 0.25 -0.34232
-0.5 0.375 -0.329156
-0.5 0.5 -0.311575
-0.5 0.625 -0.290344
-0.5 0.75 -0.266353
-0.5 0.875 -0.240545
-0.5 1 -0.213862
-0.5 1.125 -0.187186
-0.5 1.25 -0.161293
-0.5 1.375 -0.136826
-0.5 1.5 -0.11427
-0.5 1.625 -0.0939538
-0.5 1.75 -0.0760536
-0.5 1.875 -0.0606112
-0.5 2 -0.0475577
-0.5 2.125 -0.036739
-0.5 2.25 -0.0279435
-0.5 2.375 -0.0209259
-0.5 2.5 -0.0154291
-0.5 2.625 -0.0112009
-0.5 2.75 -0.00800585
-0.5 2.875 -0.00563357
-0.5 3 -0.00390222
-0.5 3.125 -0.00265969
-0.5 3.25 -0.00178222
-0.5 3.375 -0.0011716
-0.5 3.5 -0.00075158
-0.5 3.625 -0.000463953
-0.5 3.75 -0.000264518
-0.5 3.875 -0.000119182
-0.5 4 0

-0.375 -4 0
-0.375 -3.875 -9.44354e-05
-0.375 -3.75 -0.000209594
-0.375 -3.625 -0.000367619
-0.375 -3.5 -0.000595525
-0.375 -3.375 -0.000928329
-0.375 -3.25 -0.00141217
-0.375 -3.125 -0.00210744
-0.375 -3 -0.00309198
-0.375 -2.875 -0.00446383
-0.375 -2.75 -0.00634355
-0.375 -2.625 -0.00887515
-0.375 -2.5 -0.0122254
-0.375 -2.375 -0.0165809
-0.375 -2.25 -0.0221414
-0.375 -2.125 -0.0291107
-0.375 -2 -0.037683
-0.375 -1.875 -0.0480261
-0.375 -1.75 -0.0602621
-0.375 -1.625 -0.0744456
-0.375 -1.5 -0.0905433
-0.375 -1.375 -0.108416
-0.375 -1.25 -0.127803
-0.375 -1.125 -0.148319
-0.375 -1 -0.169457
-0.375 -0.875 -0.190599
-0.375 -0.75 -0.211048
-0.375 -0.625 -0.230058
-0.375 -0.5 -0.24688
-0.375 -0.375 -0.260811
-0.375 -0.25 -0.271242
-0.375 -0.125 -0.277699
-0.375 0 -0.279886
-0.375 0.125 -0.277699
-0.375 0.25 -0.271242
-0.375 0.375 -0.260811
-0.375 0.5 -0.24688
-0.375 0.625 -0.230058
-0.375 0.75 -0.211048
-0.375 0.875 -0.190599
-0.375 1 -0.169457
-0.375 1.125 -0.148319
-0.375 1.25 -0.127803
-0.375 1.375 -0.108416
-0.375 1.5 -0.0905433
-0.375 1.625 -0.0744456
-0.375 1.75 -0.0602621
-0.375 1.875 -0.0480261
-0.375 2 -0.037683
-0.375 2.125 -0.0291107
-0.375 2.25 -0.0221414
-0.375 2.375 -0.0165809
-0.375 2.5 -0.0122254
-0.375 2.625 -0.00887515
-0.375 2.75 -0.00634355
-0.375 2.875 -0.00446383
-0.375 3 -0.00309198
-0.375 3.125 -0.00210744
-0.375 3.25 -0.00141217
-0.375 3.375 -0.000928329
-0.375 3.5 -0.000595525
-0.375 3.625 -0.000367619
-0.375 3.75 -0.000209594
-0.375 3.875 -9.44354e-05
-0.375 4 0

-0.25 -4 0
-0.25 -3.875 -6.54772e-05
-0.25 -3.75 -0.000145323
-0.25 -3.625 -0.00025489
-0.25 -3.5 -0.000412909
-0.25 -3.375 -0.000643661
-0.25 -3.25 -0.000979131
-0.25 -3.125 -0.00146121
-0.25 -3 -0.00214383
-0.25 -2.875 -0.00309502
-0.25 -2.75 -0.00439832
-0.25 -2.625 -0.00615362
-0.25 -2.5 -0.00847656
-0.25 -2.375 -0.0114964
-0.25 -2.25 -0.0153518
-0.25 -2.125 -0.020184
-0.25 -2 -0.0261276
-0.25 -1.875 -0.0332991
-0.25 -1.75 -0.041783
-0.25 -1.625 -0.0516171
-0.25 -1.5 -0.0627786
-0.25 -1.375 -0.0751704
-0.25 -1.25 -0.0886125
-0.25 -1.125 -0.102838
-0.25 -1 -0.117493
-0.25 -0.875 -0.132153
-0.25 -0.75 -0.146331
-0.25 -0.625 -0.159512
-0.25 -0.5 -0.171176
-0.25 -0.375 -0.180835
-0.25 -0.25 -0.188066
-0.25 -0.125 -0.192544
-0.25 0 -0.19406
-0.25 0.125 -0.192544
-0.25 0.25 -0.188066
-0.25 0.375 -0.180835
-0.25 0.5 -0.171176
-0.25 0.625 -0.159512
-0.25 0.75 -0.146331
-0.25 0.875 -0.132153
-0.25 1 -0.117493
-0.25 1.125 -0.102838
-0.25 1.25 -0.0886125
-0.25 1.375 -0.0751704
-0.25 1.5 -0.0627786
-0.25 1.625 -0.0516171
-0.25 1.75 -0.041783
-0.25 1.875 -0.0332991
-0.25 2 -0.0261276
-0.25 2.125 -0.020184
-0.25 2.25 -0.0153518
-0.25 2.375 -0.0114964
-0.25 2.5 -0.00847656
-0.25 2.625 -0.00615362
-0.25 2.75 -0.00439832
-0.25 2.875 -0.00309502
-0.25 3 -0.00214383
-0.25 3.125 -0.00146121
-0.25 3.25 -0.000979131
-0.25 3.375 -0.000643661
-0.25 3.5 -0.000412909
-0.25 3.625 -0.00025489
-0.25 3.75 -0.000145323
-0.25 3.875 -6.54772e-05
-0.25 4 0

-0.125 -4 0
-0.125 -3.875 -3.35188e-05
-0.125 -3.75 -7.4393e-05
-0.125 -3.625 -0.000130482
-0.125 -3.5 -0.000211375
-0.125 -3.375 -0.0003295
-0.125 -3.25 -0.000501232
-0.125 -3.125 -0.000748013
-0.125 -3 -0.00109746
-0.125 -2.875 -0.00158439
-0.125 -2.75 -0.00225157
-0.125 -2.625 -0.00315013
-0.125 -2.5 -0.00433928
-0.125 -2.375 -0.0058852
-0.125 -2.25 -0.00785883
-0.125 -2.125 -0.0103325
-0.125 -2 -0.0133751
-0.125 -1.875 -0.0170463
-0.125 -1.75 -0.0213893
-0.125 -1.625 -0.0264236
-0.125 -1.5 -0.0321373
-0.125 -1.375 -0.0384809
-0.125 -1.25 -0.0453621
-0.125 -1.125 -0.0526441
-0.125 -1 -0.0601466
-0.125 -0.875 -0.067651
-0.125 -0.75 -0.0749091
-0.125 -0.625 -0.0816565
-0.125 -0.5 -0.0876274
-0.125 -0.375 -0.092572
-0.125 -0.25 -0.0962741
-0.125 -0.125 -0.0985661
-0.125 0 -0.0993422
-0.125 0.125 -0.0985661
-0.125 0.25 -0.0962741
-0.125 0.375 -0.092572
-0.125 0.5 -0.0876274
-0.125 0.625 -0.0816565
-0.125 0.75 -0.0749091
-0.125 0.875 -0.067651
-0.125 1 -0.0601466
-0.125 1.125 -0.0526441
-0.125 1.25 -0.0453621
-0.125 1.375 -0.0384809
-0.125 1.5 -0.0321373
-0.125 1.625 -0.0264236
-0.125 1.75 -0.0213893
-0.125 1.875 -0.0170463
-0.125 2 -0.0133751
-0.125 2.125 -0.0103325
-0.125 2.25 -0.00785883
-0.125 2.375 -0.0058852
-0.125 2.5 -0.00433928
-0.125 2.625 -0.00315013
-0.125 2.75 -0.00225157
-0.125 2.875 -0.00158439
-0.125 3 -0.00109746
-0.125 3.125 -0.000748013
-0.125 3.25 -0.000501232
-0.125 3.375 -0.0003295
-0.125 3.5 -0.000211375
-0.125 3.625 -0.000130482
-0.125 3.75 -7.4393e-05
-0.125 3.875 -3.35188e-05
-0.125 4 0

0 -4 0
0 -3.875 -4.89813e-20
0 -3.75 -1.13058e-19
0 -3.625 -1.83047e-19
0 -3.5 -3.20026e-19
0 -3.375 -4.75723e-19
0 -3.25 -7.83631e-19
0 -3.125 -1.10155e-18
0 -3 -1.76924e-18
0 -2.875 -2.3355e-18
0 -2.75 -3.48717e-18
0 -2.625 -4.71696e-18
0 -2.5 -6.4857e-18
0 -2.375 -8.98776e-18
0 -2.25 -1.08113e-17
0 -2.125 -1.48719e-17
0 -2 -1.97996e-17
0 -1.875 -2.59598e-17
0 -1.75 -3.24574e-17
0 -1.625 -4.17237e-17
0 -1.5 -4.63722e-17
0 -1.375 -5.69985e-17
0 -1.25 -7.10581e-17
0 -1.125 -8.23369e-17
0 -1 -8.9288e-17
0 -0.875 -1.0693e-16
0 -0.75 -1.16529e-16
0 -0.625 -1.25402e-16
0 -0.5 -1.32469e-16
0 -0.375 -1.28056e-16
0 -0.25 -1.32905e-16
0 -0.125 -1.27836e-16
0 0 -1.35616e-16
0 0.125 -1.27836e-16
0 0.25 -1.32905e-16
0 0.375 -1.28056e-16
0 0.5 -1.32469e-16
0 0.625 -1.25402e-16
0 0.75 -1.16529e-16
0 0.875 -1.0693e-16
0 1 -8.9288e-17
0 1.125 -8.23369e-17
0 1.25 -7.10581e-17
0 1.375 -5.69985e-17
0 1.5 -4.63722e-17
0 1.625 -4.17237e-17
0 1.75 -3.24574e-17
0 1.875 -2.59598e-17
0 2 -1.97996e-17
0 2.125 -1.48719e-17
0 2.25 -1.08113e-17
0 2.375 -8.98776e-18
0 2.5 -6.4857e-18
0 2.625 -4.71696e-18
0 2.75 -3.48717e-18
0 2.875 -2.3355e-18
0 3 -1.76924e-18
0 3.125 -1.10155e-18
0 3.25 -7.83631e-19
0 3.375 -4.75723e-19
0 3.5 -3.20026e-19
0 3.625 -1.83047e-19
0 3.75 -1.13058e-19
0 3.875 -4.89813e-20
0 4 0

0.125 -4 0
0.125 -3.875 3.35188e-05
0.125 -3.75 7.4393e-05
0.125 -3.625 0.000130482
0.125 -3.5 0.000211375
0.125 -3.375 0.0003295
0.125 -3.25 0.000501232
0.125 -3.125 0.000748013
0.125 -3 0.00109746
0.125 -2.875 0.00158439
0.125 -2.75 0.00225157
0.125 -2.625 0.00315013
0.125 -2.5 0.00433928
0.125 -2.375 0.0058852
0.125 -2.25 0.00785883
0.125 -2.125 0.0103325
0.125 -2 0.0133751
0.125 -1.875 0.0170463
0.125 -1.75 0.0213893
0.125 -1.625 0.0264236
0.125 -1.5 0.0321373
0.125 -1.375 0.0384809
0.125 -1.25 0.0453621
0.125 -1.125 0.0526441
0.125 -1 0.0601466
0.125 -0.875 0.067651
0.125 -0.75 0.0749091
0.125 -0.625 0.0816565
0.125 -0.5 0.0876274
0.125 -0.375 0.092572
0.125 -0.25 0.0962741
0.125 -0.125 0.0985661
0.125 0 0.0993422
0.125 0.125 0.0985661
0.125 0.25 0.0962741
0.125 0.375 0.092572
0.125 0.5 0.0876274
0.125 0.625 0.0816565
0.125 0.75 0.0749091
0.125 0.875 0.067651
0.125 1 0.0601466
0.125 1.125 0.0526441
0.125 1.25 0.0453621
0.125 1.375 0.0384809
0.125 1.5 0.0321373
0.125 1.625 0.0264236
0.125 1.75 0.0213893
0.125 1.875 0.0170463
0.125 2 0.0133751
0.125 2.125 0.0103325
0.125 2.25 0.00785883
0.125 2.375 0.0058852
0.125 2.5 0.00433928
0.125 2.625 0.00315013
0.125 2.75 0.00225157
0.125 2.875 0.00158439
0.125 3 0.00109746
0.125 3.125 0.000748013
0.125 3.25 0.000501232
0.125 3.375 0.0003295
0.125 3.5 0.000211375
0.125 3.625 0.000130482
0.125 3.75 7.4393e-05
0.125 3.875 3.35188e-05
0.125 4 0

0.25 -4 0
0.25 -3.875 6.54772e-05
0.25 -3.75 0.000145323
0.25 -3.625 0.00025489
0.25 -3.5 0.000412909
0.25 -3.375 0.000643661
0.25 -3.25 0.000979131
0.25 -3.125 0.00146121
0.25 -3 0.00214383
0.25 -2.875 0.00309502
0.25 -2.75 0.00439832
0.25 -2.625 0.00615362
0.25 -2.5 0.00847656
0.25 -2.375 0.0114964
0.25 -2.25 0.0153518
0.25 -2.125 0.020184
0.25 -2 0.0261276
0.25 -1.875 0.0332991
0.25 -1.75 0.041783
0.25 -1.625 0.0516171
0.25 -1.5 0.0627786
0.25 -1.375 0.0751704
0.25 -1.25 0.0886125
0.25 -1.125 0.102838
0.25 -1 0.117493
0.25 -0.875 0.132153
0.25 -0.75 0.146331
0.25 -0.625 0.159512
0.25 -0.5 0.171176
0.25 -0.375 0.180835
0.25 -0.25 0.188066
0.25 -0.125 0.192544
0.25 0 0.19406
0.25 0.125 0.192544
0.25 0.25 0.188066
0.25 0.375 0.180835
0.25 0.5 0.171176
0.25 0.625 0.159512
0.25 0.75 0.146331
0.25 0.875 0.132153
0.25 1 0.117493
0.25 1.125 0.102838
0.25 1.25 0.0886125
0.25 1.375 0.0751704
0.25 1.5 0.0627786
0.25 1.625 0.0516171
0.25 1.75 0.041783
0.25 1.875 0.0332991
0.25 2 0.0261276
0.25 2.125 0.020184
0.25 2.25 0.0153518
0.25 2.375 0.0114964
0.25 2.5 0.00847656
0.25 2.625 0.00615362
0.25 2.75 0.00439832
0.25 2.875 0.00309502
0.25 3 0.00214383
0.25 3.125 0.00146121
0.25 3.25 0.000979131
0.25 3.375 0.000643661
0.25 3.5 0.000412909
0.25 3.625 0.00025489
0.25 3.75 0.000145323
0.25 3.875 6.54772e-05
0.25 4 0

0.375 -4 0
0.375 -3.875 9.44354e-05
0.375 -3.75 0.000209594
0.375 -3.625 0.000367619
0.375 -3.5 0.000595525
0.375 -3.375 0.000928329
0.375 -3.25 0.00141217
0.375 -3.125 0.00210744
0.375 -3 0.00309198
0.375 -2.875 0.00446383
0.375 -2.75 0.00634355
0.375 -2.625 0.00887515
0.375 -2.5 0.0122254
0.375 -2.375 0.0165809
0.375 -2.25 0.0221414
0.375 -2.125 0.0291107
0.375 -2 0.037683
0.375 -1.875 0.0480261
0.375 -1.75 0.0602621
0.375 -1.625 0.0744456
0.375 -1.5 0.0905433
0.375 -1.375 0.108416
0.375 -1.25 0.127803
0.375 -1.125 0.148319
0.375 -1 0.169457
0.375 -0.875 0.190599
0.375 -0.75 0.211048
0.375 -0.625 0.230058
0.375 -0.5 0.24688
0.375 -0.375 0.260811
0.375 -0.25 0.271242
0.375 -0.125 0.277699
0.375 0 0.279886
0.375 0.125 0.277699
0.375 0.25 0.271242
0.375 0.375 0.260811
0.375 0.5 0.24688
0.375 0.625 0.230058
0.375 0.75 0.211048
0.375 0.875 0.190599
0.375 1 0.169457
0.375 1.125 0.148319
0.375 1.25 0.127803
0.375 1.375 0.108416
0.375 1.5 0.0905433
0.375 1.625 0.0744456
0.375 1.75 0.0602621
0.375 1.875 0.0480261
0.375 2 0.037683
0.375 2.125 0.0291107
0.375 2.25 0.0221414
0.375 2.375 0.0165809
0.375 2.5 0.0122254
0.375 2.625 0.00887515
0.375 2.75 0.00634355
0.375 2.875 0.00446383
0.375 3 0.00309198
0.375 3.125 0.00210744
0.375 3.25 0.00141217
0.375 3.375 0.000928329
0.375 3.5 0.000595525
0.375 3.625 0.000367619
0.375 3.75 0.000209594
0.375 3.875 9.44354e-05
0.375 4 0

0.5 -4 0
0.5 -3.875 0.000119182
0.5 -3.75 0.000264518
0.5 -3.625 0.000463953
0.5 -3.5 0.00075158
0.5 -3.375 0.0011716
0.5 -3.25 0.00178222
0.5 -3.125 0.00265969
0.5 -3 0.00390222
0.5 -2.875 0.00563357
0.5 -2.75 0.00800585
0.5 -2.625 0.0112009
0.5 -2.5 0.0154291
0.5 -2.375 0.0209259
0.5 -2.25 0.0279435
0.5 -2.125 0.036739
0.5 -2 0.0475577
0.5 -1.875 0.0606112
0.5 -1.75 0.0760536
0.5 -1.625 0.0939538
0.5 -1.5 0.11427
0.5 -1.375 0.136826
0.5 -1.25 0.161293
0.5 -1.125 0.187186
0.5 -1 0.213862
0.5 -0.875 0.240545
0.5 -0.75 0.266353
0.5 -0.625 0.290344
0.5 -0.5 0.311575
0.5 -0.375 0.329156
0.5 -0.25 0.34232
0.5 -0.125 0.350469
0.5 0 0.353229
0.5 0.125 0.350469
0.5 0.25 0.34232
0.5 0.375 0.329156
0.5 0.5 0.311575
0.5 0.625 0.290344
0.5 0.75 0.266353
0.5 0.875 0.240545
0.5 1 0.213862
0.5 1.125 0.187186
0.5 1.25 0.161293
0.5 1.375 0.136826
0.5 1.5 0.11427
0.5 1.625 0.0939538
0.5 1.75 0.0760536
0.5 1.875 0.0606112
0.5 2 0.0475577
0.5 2.125 0.036739
0.5 2.25 0.0279435
0.5 2.375 0.0209259
0.5 2.5 0.0154291
0.5 2.625 0.0112009
0.5 2.75 0.00800585
0.5 2.875 0.00563357
0.5 3 0.00390222
0.5 3.125 0.00265969
0.5 3.25 0.00178222
0.5 3.375 0.0011716
0.5 3.5 0.00075158
0.5 3.625 0.000463953
0.5 3.75 0.000264518
0.5 3.875 0.000119182
0.5 4 0

0.625 -4 0
0.625 -3.875 0.000138817
0.625 -3.75 0.000308096
0.625 -3.625 0.000540387
0.625 -3.5 0.0008754
0.625 -3.375 0.00136461
0.625 -3.25 0.00207583
0.625 -3.125 0.00309787
0.625 -3 0.0045451
0.625 -2.875 0.00656168
0.625 -2.75 0.00932479
0.625 -2.625 0.0130461
0.625 -2.5 0.017971
0.625 -2.375 0.0243733
0.625 -2.25 0.032547
0.625 -2.125 0.0427916
0.625 -2 0.0553926
0.625 -1.875 0.0705967
0.625 -1.75 0.0885831
0.625 -1.625 0.109432
0.625 -1.5 0.133095
0.625 -1.375 0.159367
0.625 -1.25 0.187865
0.625 -1.125 0.218024
0.625 -1 0.249095
0.625 -0.875 0.280174
0.625 -0.75 0.310233
0.625 -0.625 0.338177
0.625 -0.5 0.362905
0.625 -0.375 0.383383
0.625 -0.25 0.398715
0.625 -0.125 0.408208
0.625 0 0.411422
0.625 0.125 0.408208
0.625 0.25 0.398715
0.625 0.375 0.383383
0.625 0.5 0.362905
0.625 0.625 0.338177
0.625 0.75 0.310233
0.625 0.875 0.280174
0.625 1 0.249095
0.625 1.125 0.218024
0.625 1.25 0.187865
0.625 1.375 0.159367
0.625 1.5 0.133095
0.625 1.625 0.109432
0.625 1.75 0.0885831
0.625 1.875 0.0705967
0.625 2 0.0553926
0.625 2.125 0.0427916
0.625 2.25 0.032547
0.625 2.375 0.0243733
0.625 2.5 0.017971
0.625 2.625 0.0130461
0.625 2.75 0.00932479
0.625 2.875 0.00656168
0.625 3 0.0045451
0.625 3.125 0.00309787
0.625 3.25 0.00207583
0.625 3.375 0.00136461
0.625 3.5 0.0008754
0.625 3.625 0.000540387
0.625 3.75 0.000308096
0.625 3.875 0.000138817
0.625 4 0

0.75 -4 0
0.75 -3.875 0.000152802
0.75 -3.75 0.000339136
0.75 -3.625 0.000594831
0.75 -3.5 0.000963596
0.75 -3.375 0.0015021
0.75 -3.25 0.00228497
0.75 -3.125 0.00340998
0.75 -3 0.00500301
0.75 -2.875 0.00722277
0.75 -2.75 0.0102643
0.75 -2.625 0.0143606
0.75 -2.5 0.0197815
0.75 -2.375 0.0268289
0.75 -2.25 0.0358262
0.75 -2.125 0.0471029
0.75 -2 0.0609734
0.75 -1.875 0.0777093
0.75 -1.75 0.0975079
0.75 -1.625 0.120458
0.75 -1.5 0.146505
0.75 -1.375 0.175423
0.75 -1.25 0.206793
0.75 -1.125 0.239989
0.75 -1 0.274191
0.75 -0.875 0.308401
0.75 -0.75 0.341489
0.75 -0.625 0.372249
0.75 -0.5 0.399468
0.75 -0.375 0.422009
0.75 -0.25 0.438886
0.75 -0.125 0.449335
0.75 0 0.452873
0.75 0.125 0.449335
0.75 0.25 0.438886
0.75 0.375 0.422009
0.75 0.5 0.399468
0.75 0.625 0.372249
0.75 0.75 0.341489
0.75 0.875 0.308401
0.75 1 0.274191
0.75 1.125 0.239989
0.75 1.25 0.206793
0.75 1.375 0.175423
0.75 1.5 0.146505
0.75 1.625 0.120458
0.75 1.75 0.0975079
0.75 1.875 0.0777093
0.75 2 0.0609734
0.75 2.125 0.0471029
0.75 2.25 0.0358262
0.75 2.375 0.0268289
0.75 2.5 0.0197815
0.75 2.625 0.0143606
0.75 2.75 0.0102643
0.75 2.875 0.00722277
0.75 3 0.00500301
0.75 3.125 0.00340998
0.75 3.25 0.00228497
0.75 3.375 0.0015021
0.75 3.5 0.000963596
0.75 3.625 0.000594831
0.75 3.75 0.000339136
0.75 3.875 0.000152802
0.75 4 0

0.875 -4 0
0.875 -3.875 0.000160981
0.875 -3.75 0.000357287
0.875 -3.625 0.000626667
0.875 -3.5 0.00101517
0.875 -3.375 0.00158249
0.875 -3.25 0.00240727
0.875 -3.125 0.00359248
0.875 -3 0.00527078
0.875 -2.875 0.00760933
0.875 -2.75 0.0108136
0.875 -2.625 0.0151291
0.875 -2.5 0.0208403
0.875 -2.375 0.0282648
0.875 -2.25 0.0377436
0.875 -2.125 0.0496239
0.875 -2 0.0642368
0.875 -1.875 0.0818684
0.875 -1.75 0.102727
0.875 -1.625 0.126905
0.875 -1.5 0.154346
0.875 -1.375 0.184812
0.875 -1.25 0.21786
0.875 -1.125 0.252834
0.875 -1 0.288866
0.875 -0.875 0.324907
0.875 -0.75 0.359766
0.875 -0.625 0.392172
0.875 -0.5 0.420848
0.875 -0.375 0.444596
0.875 -0.25 0.462376
0.875 -0.125 0.473383
0.875 0 0.477111
0.875 0.125 0.473383
0.875 0.25 0.462376
0.875 0.375 0.444596
0.875 0.5 0.420848
0.875 0.625 0.392172
0.875 0.75 0.359766
0.875 0.875 0.324907
0.875 1 0.288866
0.875 1.125 0.252834
0.875 1.25 0.21786
0.875 1.375 0.184812
0.875 1.5 0.154346
0.875 1.625 0.126905
0.875 1.75 0.102727
0.875 1.875 0.0818684
0.875 2 0.0642368
0.875 2.125 0.0496239
0.875 2.25 0.0377436
0.875 2.375 0.0282648
0.875 2.5 0.0208403
0.875 2.625 0.0151291
0.875 2.75 0.0108136
0.875 2.875 0.00760933
0.875 3 0.00527078
0.875 3.125 0.00359248
0.875 3.25 0.00240727
0.875 3.375 0.00158249
0.875 3.5 0.00101517
0.875 3.625 0.000626667
0.875 3.75 0.000357287
0.875 3.875 0.000160981
0.875 4 0

1 -4 0
1 -3.875 0.000163551
1 -3.75 0.000362992
1 -3.625 0.000636672
1 -3.5 0.00103138
1 -3.375 0.00160776
1 -3.25 0.0024457
1 -3.125 0.00364984
1 -3 0.00535494
1 -2.875 0.00773083
1 -2.75 0.0109863
1 -2.625 0.0153707
1 -2.5 0.021173
1 -2.375 0.0287161
1 -2.25 0.0383462
1 -2.125 0.0504162
1 -2 0.0652624
1 -1.875 0.0831756
1 -1.75 0.104367
1 -1.625 0.128931
1 -1.5 0.15681
1 -1.375 0.187763
1 -1.25 0.221339
1 -1.125 0.256871
1 -1 0.293478
1 -0.875 0.330095
1 -0.75 0.36551
1 -0.625 0.398433
1 -0.5 0.427567
1 -0.375 0.451694
1 -0.25 0.469758
1 -0.125 0.480942
1 0 0.484729
1 0.125 0.480942
1 0.25 0.469758
1 0.375 0.451694
1 0.5 0.427567
1 0.625 0.398433
1 0.75 0.36551
1 0.875 0.330095
1 1 0.293478
1 1.125 0.256871
1 1.25 0.221339
1 1.375 0.187763
1 1.5 0.15681
1 1.625 0.128931
1 1.75 0.104367
1 1.875 0.0831756
1 2 0.0652624
1 2.125 0.0504162
1 2.25 0.0383462
1 2.375 0.0287161
1 2.5 0.021173
1 2.625 0.0153707
1 2.75 0.0109863
1 2.875 0.00773083
1 3 0.00535494
1 3.125 0.00364984
1 3.25 0.0024457
1 3.375 0.00160776
1 3.5 0.00103138
1 3.625 0.000636672
1 3.75 0.000362992
1 3.875 0.000163551
1 4 0

1.125 -4 0
1.125 -3.875 0.000161023
1.125 -3.75 0.000357381
1.125 -3.625 0.000626831
1.125 -3.5 0.00101544
1.125 -3.375 0.0015829
1.125 -3.25 0.0024079
1.125 -3.125 0.00359343
1.125 -3 0.00527216
1.125 -2.875 0.00761133
1.125 -2.75 0.0108164
1.125 -2.625 0.0151331
1.125 -2.5 0.0208457
1.125 -2.375 0.0282722
1.125 -2.25 0.0377535
1.125 -2.125 0.0496369
1.125 -2 0.0642536
1.125 -1.875 0.0818899
1.125 -1.75 0.102754
1.125 -1.625 0.126938
1.125 -1.5 0.154386
1.125 -1.375 0.184861
1.125 -1.25 0.217918
1.125 -1.125 0.2529
1.125 -1 0.288942
1.125 -0.875 0.324993
1.125 -0.75 0.359861
1.125 -0.625 0.392275
1.125 -0.5 0.420958
1.125 -0.375 0.444712
1.125 -0.25 0.462497
1.125 -0.125 0.473508
1.125 0 0.477236
1.125 0.125 0.473508
1.125 0.25 0.462497
1.125 0.375 0.444712
1.125 0.5 0.420958
1.125 0.625 0.392275
1.125 0.75 0.359861
1.125 0.875 0.324993
1.125 1 0.288942
1.125 1.125 0.2529
1.125 1.25 0.217918
1.125 1.375 0.184861
1.125 1.5 0.154386
1.125 1.625 0.126938
1.125 1.75 0.102754
1.125 1.875 0.0818899
1.125 2 0.0642536
1.125 2.125 0.0496369
1.125 2.25 0.0377535
1.125 2.375 0.0282722
1.125 2.5 0.0208457
1.125 2.625 0.0151331
1.125 2.75 0.0108164
1.125 2.875 0.00761133
1.125 3 0.00527216
1.125 3.125 0.00359343
1.125 3.25 0.0024079
1.125 3.375 0.0015829
1.125 3.5 0.00101544
1.125 3.625 0.000626831
1.125 3.75 0.000357381
1.125 3.875 0.000161023
1.125 4 0

1.25 -4 0
1.25 -3.875 0.000154143
1.25 -3.75 0.000342113
1.25 -3.625 0.000600051
1.25 -3.5 0.000972053
1.25 -3.375 0.00151528
1.25 -3.25 0.00230503
1.25 -3.125 0.0034399
1.25 -3 0.00504692
1.25 -2.875 0.00728615
1.25 -2.75 0.0103543
1.25 -2.625 0.0144866
1.25 -2.5 0.0199551
1.25 -2.375 0.0270644
1.25 -2.25 0.0361406
1.25 -2.125 0.0475163
1.25 -2 0.0615085
1.25 -1.875 0.0783913
1.25 -1.75 0.0983636
1.25 -1.625 0.121515
1.25 -1.5 0.14779
1.25 -1.375 0.176963
1.25 -1.25 0.208608
1.25 -1.125 0.242096
1.25 -1 0.276598
1.25 -0.875 0.311108
1.25 -0.75 0.344486
1.25 -0.625 0.375515
1.25 -0.5 0.402974
1.25 -0.375 0.425713
1.25 -0.25 0.442738
1.25 -0.125 0.453278
1.25 0 0.456847
1.25 0.125 0.453278
1.25 0.25 0.442738
1.25 0.375 0.425713
1.25 0.5 0.402974
1.25 0.625 0.375515
1.25 0.75 0.344486
1.25 0.875 0.311108
1.25 1 0.276598
1.25 1.125 0.242096
1.25 1.25 0.208608
1.25 1.375 0.176963
1.25 1.5 0.14779
1.25 1.625 0.121515
1.25 1.75 0.0983636
1.25 1.875 0.0783913
1.25 2 0.0615085
1.25 2.125 0.0475163
1.25 2.25 0.0361406
1.25 2.375 0.0270644
1.25 2.5 0.0199551
1.25 2.625 0.0144866
1.25 2.75 0.0103543
1.25 2.875 0.00728615
1.25 3 0.00504692
1.25 3.125 0.0034399
1.25 3.25 0.00230503
1.25 3.375 0.00151528
1.25 3.5 0.000972053
1.25 3.625 0.000600051
1.25 3.75 0.000342113
1.25 3.875 0.000154143
1.25 4 0

1.375 -4 0
1.375 -3.875 0.000143813
1.375 -3.75 0.000319186
1.375 -3.625 0.000559839
1.375 -3.5 0.00090691
1.375 -3.375 0.00141373
1.375 -3.25 0.00215056
1.375 -3.125 0.00320938
1.375 -3 0.0047087
1.375 -2.875 0.00679787
1.375 -2.75 0.00966044
1.375 -2.625 0.0135158
1.375 -2.5 0.0186178
1.375 -2.375 0.0252506
1.375 -2.25 0.0337186
1.375 -2.125 0.044332
1.375 -2 0.0573865
1.375 -1.875 0.0731379
1.375 -1.75 0.0917717
1.375 -1.625 0.113371
1.375 -1.5 0.137886
1.375 -1.375 0.165104
1.375 -1.25 0.194628
1.375 -1.125 0.225872
1.375 -1 0.258061
1.375 -0.875 0.290259
1.375 -0.75 0.3214
1.375 -0.625 0.35035
1.375 -0.5 0.375968
1.375 -0.375 0.397184
1.375 -0.25 0.413068
1.375 -0.125 0.422902
1.375 0 0.426231
1.375 0.125 0.422902
1.375 0.25 0.413068
1.375 0.375 0.397184
1.375 0.5 0.375968
1.375 0.625 0.35035
1.375 0.75 0.3214
1.375 0.875 0.290259
1.375 1 0.258061
1.375 1.125 0.225872
1.375 1.25 0.194628
1.375 1.375 0.165104
1.375 1.5 0.137886
1.375 1.625 0.113371
1.375 1.75 0.0917717
1.375 1.875 0.0731379
1.375 2 0.0573865
1.375 2.125 0.044332
1.375 2.25 0.0337186
1.375 2.375 0.0252506
1.375 2.5 0.0186178
1.375 2.625 0.0135158
1.375 2.75 0.00966044
1.375 2.875 0.00679787
1.375 3 0.0047087
1.375 3.125 0.00320938
1.375 3.25 0.00215056
1.375 3.375 0.00141373
1.375 3.5 0.00090691
1.375 3.625 0.000559839
1.375 3.75 0.000319186
1.375 3.875 0.000143813
1.375 4 0

1.5 -4 0
1.5 -3.875 0.000131002
1.5 -3.75 0.00029075
1.5 -3.625 0.000509964
1.5 -3.5 0.000826116
1.5 -3.375 0.00128779
1.5 -3.25 0.00195897
1.5 -3.125 0.00292346
1.5 -3 0.00428921
1.5 -2.875 0.00619226
1.5 -2.75 0.00879982
1.5 -2.625 0.0123117
1.5 -2.5 0.0169592
1.5 -2.375 0.0230011
1.5 -2.25 0.0307147
1.5 -2.125 0.0403825
1.5 -2 0.0522741
1.5 -1.875 0.0666222
1.5 -1.75 0.083596
1.5 -1.625 0.103271
1.5 -1.5 0.125602
1.5 -1.375 0.150395
1.5 -1.25 0.177289
1.5 -1.125 0.205749
1.5 -1 0.235071
1.5 -0.875 0.264401
1.5 -0.75 0.292768
1.5 -0.625 0.319138
1.5 -0.5 0.342474
1.5 -0.375 0.3618
1.5 -0.25 0.376268
1.5 -0.125 0.385226
1.5 0 0.38826
1.5 0.125 0.385226
1.5 0.25 0.376268
1.5 0.375 0.3618
1.5 0.5 0.342474
1.5 0.625 0.319138
1.5 0.75 0.292768
1.5 0.875 0.264401
1.5 1 0.235071
1.5 1.125 0.205749
1.5 1.25 0.177289
1.5 1.375 0.150395
1.5 1.5 0.125602
1.5 1.625 0.103271
1.5 1.75 0.083596
1.5 1.875 0.0666222
1.5 2 0.0522741
1.5 2.125 0.0403825
1.5 2.25 0.0307147
1.5 2.375 0.0230011
1.5 2.5 0.0169592
1.5 2.625 0.0123117
1.5 2.75 0.00879982
1.5 2.875 0.00619226
1.5 3 0.00428921
1.5 3.125 0.00292346
1.5 3.25 0.00195897
1.5 3.375 0.00128779
1.5 3.5 0.000826116
1.5 3.625 0.000509964
1.5 3.75 0.00029075
1.5 3.875 0.000131002
1.5 4 0

1.625 -4 0
1.625 -3.875 0.000116664
1.625 -3.75 0.000258929
1.625 -3.625 0.000454151
1.625 -3.5 0.000735702
1.625 -3.375 0.00114684
1.625 -3.25 0.00174457
1.625 -3.125 0.00260351
1.625 -3 0.00381978
1.625 -2.875 0.00551456
1.625 -2.75 0.00783673
1.625 -2.625 0.0109642
1.625 -2.5 0.0151031
1.625 -2.375 0.0204838
1.625 -2.25 0.0273531
1.625 -2.125 0.0359629
1.625 -2 0.046553
1.625 -1.875 0.0593308
1.625 -1.75 0.0744469
1.625 -1.625 0.091969
1.625 -1.5 0.111856
1.625 -1.375 0.133935
1.625 -1.25 0.157886
1.625 -1.125 0.183231
1.625 -1 0.209344
1.625 -0.875 0.235463
1.625 -0.75 0.260726
1.625 -0.625 0.28421
1.625 -0.5 0.304992
1.625 -0.375 0.322203
1.625 -0.25 0.335088
1.625 -0.125 0.343065
1.625 0 0.345767
1.625 0.125 0.343065
1.625 0.25 0.335088
1.625 0.375 0.322203
1.625 0.5 0.304992
1.625 0.625 0.28421
1.625 0.75 0.260726
1.625 0.875 0.235463
1.625 1 0.209344
1.625 1.125 0.183231
1.625 1.25 0.157886
1.625 1.375 0.133935
1.625 1.5 0.111856
1.625 1.625 0.091969
1.625 1.75 0.0744469
1.625 1.875 0.0593308
1.625 2 0.046553
1.625 2.125 0.0359629
1.625 2.25 0.0273531
1.625 2.375 0.0204838
1.625 2.5 0.0151031
1.625 2.625 0.0109642
1.625 2.75 0.00783673
1.625 2.875 0.00551456
1.625 3 0.00381978
1.625 3.125 0.00260351
1.625 3.25 0.00174457
1.625 3.375 0.00114684
1.625 3.5 0.000735702
1.625 3.625 0.000454151
1.625 3.75 0.000258929
1.625 3.875 0.000116664
1.625 4 0

1.75 -4 0
1.75 -3.875 0.00010168
1.75 -3.75 0.000225674
1.75 -3.625 0.000395822
1.75 -3.5 0.000641212
1.75 -3.375 0.000999548
1.75 -3.25 0.0015205
1.75 -3.125 0.00226912
1.75 -3 0.00332919
1.75 -2.875 0.00480629
1.75 -2.75 0.00683021
1.75 -2.625 0.00955603
1.75 -2.5 0.0131634
1.75 -2.375 0.0178529
1.75 -2.25 0.02384
1.75 -2.125 0.031344
1.75 -2 0.0405739
1.75 -1.875 0.0517106
1.75 -1.75 0.0648852
1.75 -1.625 0.0801568
1.75 -1.5 0.0974896
1.75 -1.375 0.116733
1.75 -1.25 0.137607
1.75 -1.125 0.159698
1.75 -1 0.182457
1.75 -0.875 0.205221
1.75 -0.75 0.227239
1.75 -0.625 0.247708
1.75 -0.5 0.26582
1.75 -0.375 0.28082
1.75 -0.25 0.292051
1.75 -0.125 0.299004
1.75 0 0.301358
1.75 0.125 0.299004
1.75 0.25 0.292051
1.75 0.375 0.28082
1.75 0.5 0.26582
1.75 0.625 0.247708
1.75 0.75 0.227239
1.75 0.875 0.205221
1.75 1 0.182457
1.75 1.125 0.159698
1.75 1.25 0.137607
1.75 1.375 0.116733
1.75 1.5 0.0974896
1.75 1.625 0.0801568
1.75 1.75 0.0648852
1.75 1.875 0.0517106
1.75 2 0.0405739
1.75 2.125 0.031344
1.75 2.25 0.02384
1.75 2.375 0.0178529
1.75 2.5 0.0131634
1.75 2.625 0.00955603
1.75 2.75 0.00683021
1.75 2.875 0.00480629
1.75 3 0.00332919
1.75 3.125 0.00226912
1.75 3.25 0.0015205
1.75 3.375 0.000999548
1.75 3.5 0.000641212
1.75 3.625 0.000395822
1.75 3.75 0.000225674
1.75 3.875 0.00010168
1.75 4 0

1.875 -4 0
1.875 -3.875 8.68031e-05
1.875 -3.75 0.000192655
1.875 -3.625 0.000337908
1.875 -3.5 0.000547394
1.875 -3.375 0.000853301
1.875 -3.25 0.00129803
1.875 -3.125 0.00193712
1.875 -3 0.00284208
1.875 -2.875 0.00410307
1.875 -2.75 0.00583086
1.875 -2.625 0.00815785
1.875 -2.5 0.0112374
1.875 -2.375 0.0152408
1.875 -2.25 0.0203519
1.875 -2.125 0.0267579
1.875 -2 0.0346374
1.875 -1.875 0.0441446
1.875 -1.75 0.0553917
1.875 -1.625 0.0684288
1.875 -1.5 0.0832256
1.875 -1.375 0.0996534
1.875 -1.25 0.117474
1.875 -1.125 0.136332
1.875 -1 0.155761
1.875 -0.875 0.175195
1.875 -0.75 0.193991
1.875 -0.625 0.211465
1.875 -0.5 0.226927
1.875 -0.375 0.239733
1.875 -0.25 0.24932
1.875 -0.125 0.255255
1.875 0 0.257265
1.875 0.125 0.255255
1.875 0.25 0.24932
1.875 0.375 0.239733
1.875 0.5 0.226927
1.875 0.625 0.211465
1.875 0.75 0.193991
1.875 0.875 0.175195
1.875 1 0.155761
1.875 1.125 0.136332
1.875 1.25 0.117474
1.875 1.375 0.0996534
1.875 1.5 0.0832256
1.875 1.625 0.0684288
1.875 1.75 0.0553917
1.875 1.875 0.0441446
1.875 2 0.0346374
1.875 2.125 0.0267579
1.875 2.25 0.0203519
1.875 2.375 0.0152408
1.875 2.5 0.0112374
1.875 2.625 0.00815785
1.875 2.75 0.00583086
1.875 2.875 0.00410307
1.875 3 0.00284208
1.875 3.125 0.00193712
1.875 3.25 0.00129803
1.875 3.375 0.000853301
1.875 3.5 0.000547394
1.875 3.625 0.000337908
1.875 3.75 0.000192655
1.875 3.875 8.68031e-05
1.875 4 0

2 -4 0
2 -3.875 7.26316e-05
2 -3.75 0.000161202
2 -3.625 0.000282741
2 -3.5 0.000458026
2 -3.375 0.000713991
2 -3.25 0.00108612
2 -3.125 0.00162086
2 -3 0.00237808
2 -2.875 0.0034332
2 -2.75 0.00487891
2 -2.625 0.006826
2 -2.5 0.00940276
2 -2.375 0.0127526
2 -2.25 0.0170292
2 -2.125 0.0223894
2 -2 0.0289825
2 -1.875 0.0369376
2 -1.75 0.0463484
2 -1.625 0.0572571
2 -1.5 0.0696381
2 -1.375 0.0833839
2 -1.25 0.0982947
2 -1.125 0.114074
2 -1 0.130331
2 -0.875 0.146592
2 -0.75 0.16232
2 -0.625 0.176941
2 -0.5 0.189879
2 -0.375 0.200594
2 -0.25 0.208616
2 -0.125 0.213582
2 0 0.215264
2 0.125 0.213582
2 0.25 0.208616
2 0.375 0.200594
2 0.5 0.189879
2 0.625 0.176941
2 0.75 0.16232
2 0.875 0.146592
2 1 0.130331
2 1.125 0.114074
2 1.25 0.0982947
2 1.375 0.0833839
2 1.5 0.0696381
2 1.625 0.0572571
2 1.75 0.0463484
2 1.875 0.0369376
2 2 0.0289825
2 2.125 0.0223894
2 2.25 0.0170292
2 2.375 0.0127526
2 2.5 0.00940276
2 2.625 0.006826
2 2.75 0.00487891
2 2.875 0.0034332
2 3 0.00237808
2 3.125 0.00162086
2 3.25 0.00108612
2 3.375 0.000713991
2 3.5 0.000458026
2 3.625 0.000282741
2 3.75 0.000161202
2 3.875 7.26316e-05
2 4 0

2.125 -4 0
2.125 -3.875 5.96e-05
2.125 -3.75 0.000132279
2.125 -3.625 0.000232012
2.125 -3.5 0.000375847
2.125 -3.375 0.000585887
2.125 -3.25 0.000891246
2.125 -3.125 0.00133005
2.125 -3 0.00195141
2.125 -2.875 0.00281721
2.125 -2.75 0.00400354
2.125 -2.625 0.00560128
2.125 -2.5 0.00771572
2.125 -2.375 0.0104645
2.125 -2.25 0.0139739
2.125 -2.125 0.0183723
2.125 -2 0.0237825
2.125 -1.875 0.0303102
2.125 -1.75 0.0380326
2.125 -1.625 0.0469841
2.125 -1.5 0.0571437
2.125 -1.375 0.0684232
2.125 -1.25 0.0806588
2.125 -1.125 0.093607
2.125 -1 0.106947
2.125 -0.875 0.120291
2.125 -0.75 0.133197
2.125 -0.625 0.145194
2.125 -0.5 0.155811
2.125 -0.375 0.164603
2.125 -0.25 0.171186
2.125 -0.125 0.175261
2.125 0 0.176641
2.125 0.125 0.175261
2.125 0.25 0.171186
2.125 0.375 0.164603
2.125 0.5 0.155811
2.125 0.625 0.145194
2.125 0.75 0.133197
2.125 0.875 0.120291
2.125 1 0.106947
2.125 1.125 0.093607
2.125 1.25 0.0806588
2.125 1.375 0.0684232
2.125 1.5 0.0571437
2.125 1.625 0.0469841
2.125 1.75 0.0380326
2.125 1.875 0.0303102
2.125 2 0.0237825
2.125 2.125 0.0183723
2.125 2.25 0.0139739
2.125 2.375 0.0104645
2.125 2.5 0.00771572
2.125 2.625 0.00560128
2.125 2.75 0.00400354
2.125 2.875 0.00281721
2.125 3 0.00195141
2.125 3.125 0.00133005
2.125 3.25 0.000891246
2.125 3.375 0.000585887
2.125 3.5 0.000375847
2.125 3.625 0.000232012
2.125 3.75 0.000132279
2.125 3.875 5.96e-05
2.125 4 0

2.25 -4 0
2.25 -3.875 4.79842e-05
2.25 -3.75 0.000106498
2.25 -3.625 0.000186793
2.25 -3.5 0.000302596
2.25 -3.375 0.000471699
2.25 -3.25 0.000717544
2.25 -3.125 0.00107083
2.25 -3 0.00157108
2.25 -2.875 0.00226815
2.25 -2.75 0.00322326
2.25 -2.625 0.00450961
2.25 -2.5 0.00621195
2.25 -2.375 0.00842501
2.25 -2.25 0.0112504
2.25 -2.125 0.0147916
2.25 -2 0.0191473
2.25 -1.875 0.0244029
2.25 -1.75 0.0306201
2.25 -1.625 0.037827
2.25 -1.5 0.0460065
2.25 -1.375 0.0550877
2.25 -1.25 0.0649386
2.25 -1.125 0.0753633
2.25 -1 0.0861036
2.25 -0.875 0.0968465
2.25 -0.75 0.107237
2.25 -0.625 0.116896
2.25 -0.5 0.125444
2.25 -0.375 0.132523
2.25 -0.25 0.137822
2.25 -0.125 0.141103
2.25 0 0.142214
2.25 0.125 0.141103
2.25 0.25 0.137822
2.25 0.375 0.132523
2.25 0.5 0.125444
2.25 0.625 0.116896
2.25 0.75 0.107237
2.25 0.875 0.0968465
2.25 1 0.0861036
2.25 1.125 0.0753633
2.25 1.25 0.0649386
2.25 1.375 0.0550877
2.25 1.5 0.0460065
2.25 1.625 0.037827
2.25 1.75 0.0306201
2.25 1.875 0.0244029
2.25 2 0.0191473
2.25 2.125 0.0147916
2.25 2.25 0.0112504
2.25 2.375 0.00842501
2.25 2.5 0.00621195
2.25 2.625 0.00450961
2.25 2.75 0.00322326
2.25 2.875 0.00226815
2.25 3 0.00157108
2.25 3.125 0.00107083
2.25 3.25 0.000717544
2.25 3.375 0.000471699
2.25 3.5 0.000302596
2.25 3.625 0.000186793
2.25 3.75 0.000106498
2.25 3.875 4.79842e-05
2.25 4 0

2.375 -4 0
2.375 -3.875 3.7918e-05
2.375 -3.75 8.41567e-05
2.375 -3.625 0.000147607
2.375 -3.5 0.000239117
2.375 -3.375 0.000372745
2.375 -3.25 0.000567017
2.375 -3.125 0.000846187
2.375 -3 0.0012415
2.375 -2.875 0.00179233
2.375 -2.75 0.00254708
2.375 -2.625 0.00356357
2.375 -2.5 0.00490879
2.375 -2.375 0.0066576
2.375 -2.25 0.00889027
2.375 -2.125 0.0116886
2.375 -2 0.0151306
2.375 -1.875 0.0192836
2.375 -1.75 0.0241966
2.375 -1.625 0.0298916
2.375 -1.5 0.0363552
2.375 -1.375 0.0435313
2.375 -1.25 0.0513157
2.375 -1.125 0.0595534
2.375 -1 0.0680406
2.375 -0.875 0.0765299
2.375 -0.75 0.0847406
2.375 -0.625 0.0923736
2.375 -0.5 0.0991281
2.375 -0.375 0.104722
2.375 -0.25 0.10891
2.375 -0.125 0.111502
2.375 0 0.11238
2.375 0.125 0.111502
2.375 0.25 0.10891
2.375 0.375 0.104722
2.375 0.5 0.0991281
2.375 0.625 0.0923736
2.375 0.75 0.0847406
2.375 0.875 0.0765299
2.375 1 0.0680406
2.375 1.125 0.0595534
2.375 1.25 0.0513157
2.375 1.375 0.0435313
2.375 1.5 0.0363552
2.375 1.625 0.0298916
2.375 1.75 0.0241966
2.375 1.875 0.0192836
2.375 2 0.0151306
2.375 2.125 0.0116886
2.375 2.25 0.00889027
2.375 2.375 0.0066576
2.375 2.5 0.00490879
2.375 2.625 0.00356357
2.375 2.75 0.00254708
2.375 2.875 0.00179233
2.375 3 0.0012415
2.375 3.125 0.000846187
2.375 3.25 0.000567017
2.375 3.375 0.000372745
2.375 3.5 0.000239117
2.375 3.625 0.000147607
2.375 3.75 8.41567e-05
2.375 3.875 3.7918e-05
2.375 4 0

2.5 -4 0
2.5 -3.875 2.94188e-05
2.5 -3.75 6.52934e-05
2.5 -3.625 0.000114522
2.5 -3.5 0.00018552
2.5 -3.375 0.000289196
2.5 -3.25 0.000439923
2.5 -3.125 0.000656518
2.5 -3 0.000963223
2.5 -2.875 0.00139059
2.5 -2.75 0.00197616
2.5 -2.625 0.00276482
2.5 -2.5 0.00380851
2.5 -2.375 0.00516533
2.5 -2.25 0.00689756
2.5 -2.125 0.00906865
2.5 -2 0.0117391
2.5 -1.875 0.0149613
2.5 -1.75 0.018773
2.5 -1.625 0.0231915
2.5 -1.5 0.0282063
2.5 -1.375 0.033774
2.5 -1.25 0.0398135
2.5 -1.125 0.0462048
2.5 -1 0.0527896
2.5 -0.875 0.0593761
2.5 -0.75 0.0657464
2.5 -0.625 0.0716685
2.5 -0.5 0.076909
2.5 -0.375 0.0812488
2.5 -0.25 0.0844981
2.5 -0.125 0.0865097
2.5 0 0.0871909
2.5 0.125 0.0865097
2.5 0.25 0.0844981
2.5 0.375 0.0812488
2.5 0.5 0.076909
2.5 0.625 0.0716685
2.5 0.75 0.0657464
2.5 0.875 0.0593761
2.5 1 0.0527896
2.5 1.125 0.0462048
2.5 1.25 0.0398135
2.5 1.375 0.033774
2.5 1.5 0.0282063
2.5 1.625 0.0231915
2.5 1.75 0.018773
2.5 1.875 0.0149613
2.5 2 0.0117391
2.5 2.125 0.00906865
2.5 2.25 0.00689756
2.5 2.375 0.00516533
2.5 2.5 0.00380851
2.5 2.625 0.00276482
2.5 2.75 0.00197616
2.5 2.875 0.00139059
2.5 3 0.000963223
2.5 3.125 0.000656518
2.5 3.25 0.000439923
2.5 3.375 0.000289196
2.5 3.5 0.00018552
2.5 3.625 0.000114522
2.5 3.75 6.52934e-05
2.5 3.875 2.94188e-05
2.5 4 0

2.625 -4 0
2.625 -3.875 2.24156e-05
2.625 -3.75 4.97502e-05
2.625 -3.625 8.72597e-05
2.625 -3.5 0.000141356
2.625 -3.375 0.000220352
2.625 -3.25 0.000335198
2.625 -3.125 0.000500232
2.625 -3 0.000733925
2.625 -2.875 0.00105956
2.625 -2.75 0.00150573
2.625 -2.625 0.00210664
2.625 -2.5 0.00290189
2.625 -2.375 0.00393571
2.625 -2.25 0.00525557
2.625 -2.125 0.00690984
2.625 -2 0.00894459
2.625 -1.875 0.0113997
2.625 -1.75 0.0143041
2.625 -1.625 0.0176707
2.625 -1.5 0.0214918
2.625 -1.375 0.025734
2.625 -1.25 0.0303358
2.625 -1.125 0.0352056
2.625 -1 0.0402229
2.625 -0.875 0.0452414
2.625 -0.75 0.0500953
2.625 -0.625 0.0546076
2.625 -0.5 0.0586006
2.625 -0.375 0.0619073
2.625 -0.25 0.0643831
2.625 -0.125 0.0659159
2.625 0 0.0664349
2.625 0.125 0.0659159
2.625 0.25 0.0643831
2.625 0.375 0.0619073
2.625 0.5 0.0586006
2.625 0.625 0.0546076
2.625 0.75 0.0500953
2.625 0.875 0.0452414
2.625 1 0.0402229
2.625 1.125 0.0352056
2.625 1.25 0.0303358
2.625 1.375 0.025734
2.625 1.5 0.0214918
2.625 1.625 0.0176707
2.625 1.75 0.0143041
2.625 1.875 0.0113997
2.625 2 0.00894459
2.625 2.125 0.00690984
2.625 2.25 0.00525557
2.625 2.375 0.00393571
2.625 2.5 0.00290189
2.625 2.625 0.00210664
2.625 2.75 0.00150573
2.625 2.875 0.00105956
2.625 3 0.000733925
2.625 3.125 0.000500232
2.625 3.25 0.000335198
2.625 3.375 0.000220352
2.625 3.5 0.000141356
2.625 3.625 8.72597e-05
2.625 3.75 4.97502e-05
2.625 3.875 2.24156e-05
2.625 4 0

2.75 -4 0
2.75 -3.875 1.67765e-05
2.75 -3.75 3.72345e-05
2.75 -3.625 6.53078e-05
2.75 -3.5 0.000105795
2.75 -3.375 0.000164918
2.75 -3.25 0.000250872
2.75 -3.125 0.000374389
2.75 -3 0.000549292
2.75 -2.875 0.000793003
2.75 -2.75 0.00112694
2.75 -2.625 0.00157668
2.75 -2.5 0.00217186
2.75 -2.375 0.00294561
2.75 -2.25 0.00393343
2.75 -2.125 0.00517153
2.75 -2 0.00669441
2.75 -1.875 0.00853188
2.75 -1.75 0.0107056
2.75 -1.625 0.0132253
2.75 -1.5 0.0160851
2.75 -1.375 0.0192601
2.75 -1.25 0.0227042
2.75 -1.125 0.026349
2.75 -1 0.0301041
2.75 -0.875 0.0338601
2.75 -0.75 0.0374929
2.75 -0.625 0.04087
2.75 -0.5 0.0438585
2.75 -0.375 0.0463334
2.75 -0.25 0.0481863
2.75 -0.125 0.0493335
2.75 0 0.0497219
2.75 0.125 0.0493335
2.75 0.25 0.0481863
2.75 0.375 0.0463334
2.75 0.5 0.0438585
2.75 0.625 0.04087
2.75 0.75 0.0374929
2.75 0.875 0.0338601
2.75 1 0.0301041
2.75 1.125 0.026349
2.75 1.25 0.0227042
2.75 1.375 0.0192601
2.75 1.5 0.0160851
2.75 1.625 0.0132253
2.75 1.75 0.0107056
2.75 1.875 0.00853188
2.75 2 0.00669441
2.75 2.125 0.00517153
2.75 2.25 0.00393343
2.75 2.375 0.00294561
2.75 2.5 0.00217186
2.75 2.625 0.00157668
2.75 2.75 0.00112694
2.75 2.875 0.000793003
2.75 3 0.000549292
2.75 3.125 0.000374389
2.75 3.25 0.000250872
2.75 3.375 0.000164918
2.75 3.5 0.000105795
2.75 3.625 6.53078e-05
2.75 3.75 3.72345e-05
2.75 3.875 1.67765e-05
2.75 4 0

2.875 -4 0
2.875 -3.875 1.23345e-05
2.875 -3.75 2.73757e-05
2.875 -3.625 4.80159e-05
2.875 -3.5 7.77834e-05
2.875 -3.375 0.000121252
2.875 -3.25 0.000184448
2.875 -3.125 0.00027526
2.875 -3 0.000403853
2.875 -2.875 0.000583036
2.875 -2.75 0.000828551
2.875 -2.625 0.00115921
2.875 -2.5 0.0015968
2.875 -2.375 0.00216568
2.875 -2.25 0.00289196
2.875 -2.125 0.00380224
2.875 -2 0.00492189
2.875 -1.875 0.00627285
2.875 -1.75 0.00787102
2.875 -1.625 0.00972357
2.875 -1.5 0.0118262
2.875 -1.375 0.0141605
2.875 -1.25 0.0166927
2.875 -1.125 0.0193724
2.875 -1 0.0221333
2.875 -0.875 0.0248948
2.875 -0.75 0.0275657
2.875 -0.625 0.0300486
2.875 -0.5 0.0322458
2.875 -0.375 0.0340654
2.875 -0.25 0.0354277
2.875 -0.125 0.0362712
2.875 0 0.0365568
2.875 0.125 0.0362712
2.875 0.25 0.0354277
2.875 0.375 0.0340654
2.875 0.5 0.0322458
2.875 0.625 0.0300486
2.875 0.75 0.0275657
2.875 0.875 0.0248948
2.875 1 0.0221333
2.875 1.125 0.0193724
2.875 1.25 0.0166927
2.875 1.375 0.0141605
2.875 1.5 0.0118262
2.875 1.625 0.00972357
2.875 1.75 0.00787102
2.875 1.875 0.00627285
2.875 2 0.00492189
2.875 2.125 0.00380224
2.875 2.25 0.00289196
2.875 2.375 0.00216568
2.875 2.5 0.0015968
2.875 2.625 0.00115921
2.875 2.75 0.000828551
2.875 2.875 0.000583036
2.875 3 0.000403853
2.875 3.125 0.00027526
2.875 3.25 0.000184448
2.875 3.375 0.000121252
2.875 3.5 7.77834e-05
2.875 3.625 4.80159e-05
2.875 3.75 2.73757e-05
2.875 3.875 1.23345e-05
2.875 4 0

3 -4 0
3 -3.875 8.90811e-06
3 -3.75 1.9771e-05
3 -3.625 3.46776e-05
3 -3.5 5.61759e-05
3 -3.375 8.75695e-05
3 -3.25 0.00013321
3 -3.125 0.000198796
3 -3 0.000291667
3 -2.875 0.000421074
3 -2.75 0.000598388
3 -2.625 0.000837195
3 -2.5 0.00115323
3 -2.375 0.00156408
3 -2.25 0.0020886
3 -2.125 0.00274602
3 -2 0.00355464
3 -1.875 0.00453032
3 -1.75 0.00568454
3 -1.625 0.00702247
3 -1.5 0.00854097
3 -1.375 0.0102269
3 -1.25 0.0120556
3 -1.125 0.013991
3 -1 0.0159849
3 -0.875 0.0179793
3 -0.75 0.0199082
3 -0.625 0.0217014
3 -0.5 0.0232883
3 -0.375 0.0246024
3 -0.25 0.0255863
3 -0.125 0.0261954
3 0 0.0264017
3 0.125 0.0261954
3 0.25 0.0255863
3 0.375 0.0246024
3 0.5 0.0232883
3 0.625 0.0217014
3 0.75 0.0199082
3 0.875 0.0179793
3 1 0.0159849
3 1.125 0.013991
3 1.25 0.0120556
3 1.375 0.0102269
3 1.5 0.00854097
3 1.625 0.00702247
3 1.75 0.00568454
3 1.875 0.00453032
3 2 0.00355464
3 2.125 0.00274602
3 2.25 0.0020886
3 2.375 0.00156408
3 2.5 0.00115323
3 2.625 0.000837195
3 2.75 0.000598388
3 2.875 0.000421074
3 3 0.000291667
3 3.125 0.000198796
3 3.25 0.00013321
3 3.375 8.75695e-05
3 3.5 5.61759e-05
3 3.625 3.46776e-05
3 3.75 1.9771e-05
3 3.875 8.90811e-06
3 4 0

3.125 -4 0
3.125 -3.875 6.3174e-06
3.125 -3.75 1.40211e-05
3.125 -3.625 2.45924e-05
3.125 -3.5 3.98385e-05
3.125 -3.375 6.2102e-05
3.125 -3.25 9.4469e-05
3.125 -3.125 0.000140981
3.125 -3 0.000206843
3.125 -2.875 0.000298615
3.125 -2.75 0.000424361
3.125 -2.625 0.000593717
3.125 -2.5 0.00081784
3.125 -2.375 0.0011092
3.125 -2.25 0.00148118
3.125 -2.125 0.0019474
3.125 -2 0.00252086
3.125 -1.875 0.00321278
3.125 -1.75 0.00403133
3.125 -1.625 0.00498015
3.125 -1.5 0.00605704
3.125 -1.375 0.00725263
3.125 -1.25 0.00854956
3.125 -1.125 0.00992203
3.125 -1 0.0113361
3.125 -0.875 0.0127504
3.125 -0.75 0.0141184
3.125 -0.625 0.0153901
3.125 -0.5 0.0165154
3.125 -0.375 0.0174474
3.125 -0.25 0.0181451
3.125 -0.125 0.0185771
3.125 0 0.0187234
3.125 0.125 0.0185771
3.125 0.25 0.0181451
3.125 0.375 0.0174474
3.125 0.5 0.0165154
3.125 0.625 0.0153901
3.125 0.75 0.0141184
3.125 0.875 0.0127504
3.125 1 0.0113361
3.125 1.125 0.00992203
3.125 1.25 0.00854956
3.125 1.375 0.00725263
3.125 1.5 0.00605704
3.125 1.625 0.00498015
3.125 1.75 0.00403133
3.125 1.875 0.00321278
3.125 2 0.00252086
3.125 2.125 0.0019474
3.125 2.25 0.00148118
3.125 2.375 0.0011092
3.125 2.5 0.00081784
3.125 2.625 0.000593717
3.125 2.75 0.000424361
3.125 2.875 0.000298615
3.125 3 0.000206843
3.125 3.125 0.000140981
3.125 3.25 9.4469e-05
3.125 3.375 6.2102e-05
3.125 3.5 3.98385e-05
3.125 3.625 2.45924e-05
3.125 3.75 1.40211e-05
3.125 3.875 6.3174e-06
3.125 4 0

3.25 -4 0
3.25 -3.875 4.39491e-06
3.25 -3.75 9.75425e-06
3.25 -3.625 1.71085e-05
3.25 -3.5 2.7715e-05
3.25 -3.375 4.32033e-05
3.25 -3.25 6.57205e-05
3.25 -3.125 9.80779e-05
3.25 -3 0.000143897
3.25 -2.875 0.000207741
3.25 -2.75 0.000295221
3.25 -2.625 0.000413039
3.25 -2.5 0.000568957
3.25 -2.375 0.000771654
3.25 -2.25 0.00103043
3.25 -2.125 0.00135478
3.25 -2 0.00175372
3.25 -1.875 0.00223508
3.25 -1.75 0.00280452
3.25 -1.625 0.00346461
3.25 -1.5 0.00421378
3.25 -1.375 0.00504553
3.25 -1.25 0.00594778
3.25 -1.125 0.00690259
3.25 -1 0.0078863
3.25 -0.875 0.00887025
3.25 -0.75 0.00982193
3.25 -0.625 0.0107066
3.25 -0.5 0.0114895
3.25 -0.375 0.0121379
3.25 -0.25 0.0126233
3.25 -0.125 0.0129238
3.25 0 0.0130255
3.25 0.125 0.0129238
3.25 0.25 0.0126233
3.25 0.375 0.0121379
3.25 0.5 0.0114895
3.25 0.625 0.0107066
3.25 0.75 0.00982193
3.25 0.875 0.00887025
3.25 1 0.0078863
3.25 1.125 0.00690259
3.25 1.25 0.00594778
3.25 1.375 0.00504553
3.25 1.5 0.00421378
3.25 1.625 0.00346461
3.25 1.75 0.00280452
3.25 1.875 0.00223508
3.25 2 0.00175372
3.25 2.125 0.00135478
3.25 2.25 0.00103043
3.25 2.375 0.000771654
3.25 2.5 0.000568957
3.25 2.625 0.000413039
3.25 2.75 0.000295221
3.25 2.875 0.000207741
3.25 3 0.000143897
3.25 3.125 9.80779e-05
3.25 3.25 6.57205e-05
3.25 3.375 4.32033e-05
3.25 3.5 2.7715e-05
3.25 3.625 1.71085e-05
3.25 3.75 9.75425e-06
3.25 3.875 4.39491e-06
3.25 4 0

3.375 -4 0
3.375 -3.875 2.992e-06
3.375 -3.75 6.64057e-06
3.375 -3.625 1.16473e-05
3.375 -3.5 1.8868e-05
3.375 -3.375 2.94123e-05
3.375 -3.25 4.47417e-05
3.375 -3.125 6.67702e-05
3.375 -3 9.79632e-05
3.375 -2.875 0.000141428
3.375 -2.75 0.000200983
3.375 -2.625 0.000281192
3.375 -2.5 0.000387339
3.375 -2.375 0.000525333
3.375 -2.25 0.000701506
3.375 -2.125 0.000922314
3.375 -2 0.00119391
3.375 -1.875 0.00152161
3.375 -1.75 0.00190929
3.375 -1.625 0.00235866
3.375 -1.5 0.00286869
3.375 -1.375 0.00343493
3.375 -1.25 0.00404917
3.375 -1.125 0.00469919
3.375 -1 0.0053689
3.375 -0.875 0.00603876
3.375 -0.75 0.00668665
3.375 -0.625 0.00728894
3.375 -0.5 0.00782192
3.375 -0.375 0.0082633
3.375 -0.25 0.00859376
3.375 -0.125 0.00879835
3.375 0 0.00886763
3.375 0.125 0.00879835
3.375 0.25 0.00859376
3.375 0.375 0.0082633
3.375 0.5 0.00782192
3.375 0.625 0.00728894
3.375 0.75 0.00668665
3.375 0.875 0.00603876
3.375 1 0.0053689
3.375 1.125 0.00469919
3.375 1.25 0.00404917
3.375 1.375 0.00343493
3.375 1.5 0.00286869
3.375 1.625 0.00235866
3.375 1.75 0.00190929
3.375 1.875 0.00152161
3.375 2 0.00119391
3.375 2.125 0.000922314
3.375 2.25 0.000701506
3.375 2.375 0.000525333
3.375 2.5 0.000387339
3.375 2.625 0.000281192
3.375 2.75 0.000200983
3.375 2.875 0.000141428
3.375 3 9.79632e-05
3.375 3.125 6.67702e-05
3.375 3.25 4.47417e-05
3.375 3.375 2.94123e-05
3.375 3.5 1.8868e-05
3.375 3.625 1.16473e-05
3.375 3.75 6.64057e-06
3.375 3.875 2.992e-06
3.375 4 0

3.5 -4 0
3.5 -3.875 1.98153e-06
3.5 -3.75 4.39788e-06
3.5 -3.625 7.7137e-06
3.5 -3.5 1.24958e-05
3.5 -3.375 1.9479e-05
3.5 -3.25 2.96313e-05
3.5 -3.125 4.42202e-05
3.5 -3 6.48785e-05
3.5 -2.875 9.3664e-05
3.5 -2.75 0.000133106
3.5 -2.625 0.000186226
3.5 -2.5 0.000256525
3.5 -2.375 0.000347915
3.5 -2.25 0.00046459
3.5 -2.125 0.000610825
3.5 -2 0.000790697
3.5 -1.875 0.00100773
3.5 -1.75 0.00126447
3.5 -1.625 0.00156208
3.5 -1.5 0.00189986
3.5 -1.375 0.00227487
3.5 -1.25 0.00268167
3.5 -1.125 0.00311216
3.5 -1 0.00355568
3.5 -0.875 0.00399932
3.5 -0.75 0.0044284
3.5 -0.625 0.00482728
3.5 -0.5 0.00518026
3.5 -0.375 0.00547257
3.5 -0.25 0.00569143
3.5 -0.125 0.00582692
3.5 0 0.0058728
3.5 0.125 0.00582692
3.5 0.25 0.00569143
3.5 0.375 0.00547257
3.5 0.5 0.00518026
3.5 0.625 0.00482728
3.5 0.75 0.0044284
3.5 0.875 0.00399932
3.5 1 0.00355568
3.5 1.125 0.00311216
3.5 1.25 0.00268167
3.5 1.375 0.00227487
3.5 1.5 0.00189986
3.5 1.625 0.00156208
3.5 1.75 0.00126447
3.5 1.875 0.00100773
3.5 2 0.000790697
3.5 2.125 0.000610825
3.5 2.25 0.00046459
3.5 2.375 0.000347915
3.5 2.5 0.000256525
3.5 2.625 0.000186226
3.5 2.75 0.000133106
3.5 2.875 9.3664e-05
3.5 3 6.48785e-05
3.5 3.125 4.42202e-05
3.5 3.25 2.96313e-05
3.5 3.375 1.9479e-05
3.5 3.5 1.24958e-05
3.5 3.625 7.7137e-06
3.5 3.75 4.39788e-06
3.5 3.875 1.98153e-06
3.5 4 0

3.625 -4 0
3.625 -3.875 1.25756e-06
3.625 -3.75 2.79108e-06
3.625 -3.625 4.89543e-06
3.625 -3.5 7.93036e-06
3.625 -3.375 1.23622e-05
3.625 -3.25 1.88052e-05
3.625 -3.125 2.8064e-05
3.625 -3 4.11746e-05
3.625 -2.875 5.94431e-05
3.625 -2.75 8.44744e-05
3.625 -2.625 0.000118187
3.625 -2.5 0.000162801
3.625 -2.375 0.000220801
3.625 -2.25 0.000294848
3.625 -2.125 0.000387655
3.625 -2 0.000501809
3.625 -1.875 0.000639544
3.625 -1.75 0.000802486
3.625 -1.625 0.000991361
3.625 -1.5 0.00120573
3.625 -1.375 0.00144373
3.625 -1.25 0.0017019
3.625 -1.125 0.0019751
3.625 -1 0.00225658
3.625 -0.875 0.00253813
3.625 -0.75 0.00281044
3.625 -0.625 0.00306359
3.625 -0.5 0.00328761
3.625 -0.375 0.00347312
3.625 -0.25 0.00361201
3.625 -0.125 0.00369801
3.625 0 0.00372712
3.625 0.125 0.00369801
3.625 0.25 0.00361201
3.625 0.375 0.00347312
3.625 0.5 0.00328761
3.625 0.625 0.00306359
3.625 0.75 0.00281044
3.625 0.875 0.00253813
3.625 1 0.00225658
3.625 1.125 0.0019751
3.625 1.25 0.0017019
3.625 1.375 0.00144373
3.625 1.5 0.00120573
3.625 1.625 0.000991361
3.625 1.75 0.000802486
3.625 1.875 0.000639544
3.625 2 0.000501809
3.625 2.125 0.000387655
3.625 2.25 0.000294848
3.625 2.375 0.000220801
3.625 2.5 0.000162801
3.625 2.625 0.000118187
3.625 2.75 8.44744e-05
3.625 2.875 5.94431e-05
3.625 3 4.11746e-05
3.625 3.125 2.8064e-05
3.625 3.25 1.88052e-05
3.625 3.375 1.23622e-05
3.625 3.5 7.93036e-06
3.625 3.625 4.89543e-06
3.625 3.75 2.79108e-06
3.625 3.875 1.25756e-06
3.625 4 0

3.75 -4 0
3.75 -3.875 7.32917e-07
3.75 -3.75 1.62667e-06
3.75 -3.625 2.85311e-06
3.75 -3.5 4.62189e-06
3.75 -3.375 7.2048e-06
3.75 -3.25 1.09599e-05
3.75 -3.125 1.6356e-05
3.75 -3 2.39969e-05
3.75 -2.875 3.4644e-05
3.75 -2.75 4.92325e-05
3.75 -2.625 6.88804e-05
3.75 -2.5 9.48821e-05
3.75 -2.375 0.000128685
3.75 -2.25 0.00017184
3.75 -2.125 0.000225929
3.75 -2 0.000292459
3.75 -1.875 0.000372733
3.75 -1.75 0.000467696
3.75 -1.625 0.000577775
3.75 -1.5 0.00070271
3.75 -1.375 0.000841417
3.75 -1.25 0.000991881
3.75 -1.125 0.00115111
3.75 -1 0.00131516
3.75 -0.875 0.00147925
3.75 -0.75 0.00163795
3.75 -0.625 0.00178549
3.75 -0.5 0.00191605
3.75 -0.375 0.00202417
3.75 -0.25 0.00210512
3.75 -0.125 0.00215523
3.75 0 0.0021722
3.75 0.125 0.00215523
3.75 0.25 0.00210512
3.75 0.375 0.00202417
3.75 0.5 0.00191605
3.75 0.625 0.00178549
3.75 0.75 0.00163795
3.75 0.875 0.00147925
3.75 1 0.00131516
3.75 1.125 0.00115111
3.75 1.25 0.000991881
3.75 1.375 0.000841417
3.75 1.5 0.00070271
3.75 1.625 0.000577775
3.75 1.75 0.000467696
3.75 1.875 0.000372733
3.75 2 0.000292459
3.75 2.125 0.000225929
3.75 2.25 0.00017184
3.75 2.375 0.000128685
3.75 2.5 9.48821e-05
3.75 2.625 6.88804e-05
3.75 2.75 4.92325e-05
3.75 2.875 3.4644e-05
3.75 3 2.39969e-05
3.75 3.125 1.6356e-05
3.75 3.25 1.09599e-05
3.75 3.375 7.2048e-06
3.75 3.5 4.62189e-06
3.75 3.625 2.85311e-06
3.75 3.75 1.62667e-06
3.75 3.875 7.32917e-07
3.75 4 0

3.875 -4 0
3.875 -3.875 3.35002e-07
3.875 -3.75 7.43518e-07
3.875 -3.625 1.3041e-06
3.875 -3.5 2.11257e-06
3.875 -3.375 3.29317e-06
3.875 -3.25 5.00954e-06
3.875 -3.125 7.47599e-06
3.875 -3 1.09685e-05
3.875 -2.875 1.58351e-05
3.875 -2.75 2.25032e-05
3.875 -2.625 3.14839e-05
3.875 -2.5 4.33688e-05
3.875 -2.375 5.88193e-05
3.875 -2.25 7.85447e-05
3.875 -2.125 0.000103268
3.875 -2 0.000133677
3.875 -1.875 0.000170369
3.875 -1.75 0.000213775
3.875 -1.625 0.00026409
3.875 -1.5 0.000321195
3.875 -1.375 0.000384595
3.875 -1.25 0.000453369
3.875 -1.125 0.000526149
3.875 -1 0.000601133
3.875 -0.875 0.000676135
3.875 -0.75 0.000748676
3.875 -0.625 0.000816113
3.875 -0.5 0.000875788
3.875 -0.375 0.000925207
3.875 -0.25 0.000962207
3.875 -0.125 0.000985115
3.875 0 0.000992872
3.875 0.125 0.000985115
3.875 0.25 0.000962207
3.875 0.375 0.000925207
3.875 0.5 0.000875788
3.875 0.625 0.000816113
3.875 0.75 0.000748676
3.875 0.875 0.000676135
3.875 1 0.000601133
3.875 1.125 0.000526149
3.875 1.25 0.000453369
3.875 1.375 0.000384595
3.875 1.5 0.000321195
3.875 1.625 0.00026409
3.875 1.75 0.000213775
3.875 1.875 0.000170369
3.875 2 0.000133677
3.875 2.125 0.000103268
3.875 2.25 7.85447e-05
3.875 2.375 5.88193e-05
3.875 2.5 4.33688e-05
3.875 2.625 3.14839e-05
3.875 2.75 2.25032e-05
3.875 2.875 1.58351e-05
3.875 3 1.09685e-05
3.875 3.125 7.47599e-06
3.875 3.25 5.00954e-06
3.875 3.375 3.29317e-06
3.875 3.5 2.11257e-06
3.875 3.625 1.3041e-06
3.875 3.75 7.43518e-07
3.875 3.875 3.35002e-07
3.875 4 0

4 -4 0
4 -3.875 0
4 -3.75 0
4 -3.625 0
4 -3.5 0
4 -3.375 0
4 -3.25 0
4 -3.125 0
4 -3 0
4 -2.875 0
4 -2.75 0
4 -2.625 0
4 -2.5 0
4 -2.375 0
4 -2.25 0
4 -2.125 0
4 -2 0
4 -1.875 0
4 -1.75 0
4 -1.625 0
4 -1.5 0
4 -1.375 0
4 -1.25 0
4 -1.125 0
4 -1 0
4 -0.875 0
4 -0.75 0
4 -0.625 0
4 -0.5 0
4 -0.375 0
4 -0.25 0
4 -0.125 0
4 0 0
4 0.125 0
4 0.25 0
4 0.375 0
4 0.5 0
4 0.625 0
4 0.75 0
4 0.875 0
4 1 0
4 1.125 0
4 1.25 0
4 1.375 0
4 1.5 0
4 1.625 0
4 1.75 0
4 1.875 0
4 2 0
4 2.125 0
4 2.25 0
4 2.375 0
4 2.5 0
4 2.625 0
4 2.75 0
4 2.875 0
4 3 0
4 3.125 0
4 3.25 0
4 3.375 0
4 3.5 0
4 3.625 0
4 3.75 0
4 3.875 0
4 4 0

