-4 -4 0
-4 -3.875 0
-4 -3.75 0
-4 -3.625 0
-4 -3.5 0
-4 -3.375 0
-4 -3.25 0
-4 -3.125 0
-4 -3 0
-4 -2.875 0
-4 -2.75 0
-4 -2.625 0
-4 -2.5 0
-4 -2.375 0
-4 -2.25 0
-4 -2.125 0
-4 -2 0
-4 -1.875 0
-4 -1.75 0
-4 -1.625 0
-4 -1.5 0
-4 -1.375 0
-4 -1.25 0
-4 -1.125 0
-4 -1 0
-4 -0.875 0
-4 -0.75 0
-4 -0.625 0
-4 -0.5 0
-4 -0.375 0
-4 -0.25 0
-4 -0.125 0
-4 0 0
-4 0.125 0
-4 0.25 0
-4 0.375 0
-4 0.5 0
-4 0.625 0
-4 0.75 0
-4 0.875 0
-4 1 0
-4 1.125 0
-4 1.25 0
-4 1.375 0
-4 1.5 0
-4 1.625 0
-4 1.75 0
-4 1.875 0
-4 2 0
-4 2.125 0
-4 2.25 0
-4 2.375 0
-4 2.5 0
-4 2.625 0
-4 2.75 0
-4 2.875 0
-4 3 0
-4 3.125 0
-4 3.25 0
-4 3.375 0
-4 3.5 0
-4 3.625 0
-4 3.75 0
-4 3.875 0
-4 4 0

-3.875 -4 0
-3.875 -3.875 6.47856e-08
-3.875 -3.75 1.43787e-07
-3.875 -3.625 2.52194e-07
-3.875 -3.5 4.08535e-07
-3.875 -3.375 6.36833e-07
-3.875 -3.25 9.6873e-07
-3.875 -3.125 1.44566e-06
-3.875 -3 2.121e-06
-3.875 -2.875 3.062e-06
-3.875 -2.75 4.35134e-06
-3.875 -2.625 6.0878e-06
-3.875 -2.5 8.38578e-06
-3.875 -2.375 1.13732e-05
-3.875 -2.25 1.5187e-05
-3.875 -2.125 1.99671e-05
-3.875 -2 2.58466e-05
-3.875 -1.875 3.29406e-05
-3.875 -1.75 4.13326e-05
-3.875 -1.625 5.10603e-05
-3.875 -1.5 6.21008e-05
-3.875 -1.375 7.43582e-05
-3.875 -1.25 8.76545e-05
-3.875 -1.125 0.000101725
-3.875 -1 0.000116222
-3.875 -0.875 0.000130722
-3.875 -0.75 0.000144746
-3.875 -0.625 0.000157783
-3.875 -0.5 0.00016932
-3.875 -0.375 0.000178874
-3.875 -0.25 0.000186027
-3.875 -0.125 0.000190455
-3.875 0 0.000191955
-3.875 0.125 0.000190455
-3.875 0.25 0.000186027
-3.875 0.375 0.000178874
-3.875 0.5 0.00016932
-3.875 0.625 0.000157783
-3.875 0.75 0.000144746
-3.875 0.875 0.000130722
-3.875 1 0.000116222
-3.875 1.125 0.000101725
-3.875 1.25 8.76545e-05
-3.875 1.375 7.43582e-05
-3.875 1.5 6.21008e-05
-3.875 1.625 5.10603e-05
-3.875 1.75 4.13326e-05
-3.875 1.875 3.29406e-05
-3.875 2 2.58466e-05
-3.875 2.125 1.99671e-05
-3.875 2.25 1.5187e-05
-3.875 2.375 1.13732e-05
-3.875 2.5 8.38578e-06
-3.875 2.625 6.0878e-06
-3.875 2.75 4.35134e-06
-3.875 2.875 3.062e-06
-3.875 3 2.121e-06
-3.875 3.125 1.44566e-06
-3.875 3.25 9.6873e-07
-3.875 3.375 6.36833e-07
-3.875 3.5 4.08535e-07
-3.875 3.625 2.52194e-07
-3.875 3.75 1.43787e-07
-3.875 3.875 6.47856e-08
-3.875 4 0

-3.75 -4 0
-3.75 -3.875 1.43758e-07
-3.75 -3.75 3.19061e-07
-3.75 -3.625 5.59614e-07
-3.75 -3.5 9.06534e-07
-3.75 -3.375 1.41312e-06
-3.75 -3.25 2.1496e-06
-3.75 -3.125 3.2079e-06
-3.75 -3 4.70646e-06
-3.75 -2.875 6.79454e-06
-3.75 -2.75 9.65557e-06
-3.75 -2.625 1.35087e-05
-3.75 -2.5 1.86079e-05
-3.75 -2.375 2.52369e-05
-3.75 -2.25 3.36998e-05
-3.75 -2.125 4.43067e-05
-3.75 -2 5.73532e-05
-3.75 -1.875 7.30946e-05
-3.75 -1.75 9.17165e-05
-3.75 -1.625 0.000113302
-3.75 -1.5 0.000137801
-3.75 -1.375 0.000165
-3.75 -1.25 0.000194504
-3.75 -1.125 0.000225726
-3.75 -1 0.000257894
-3.75 -0.875 0.000290069
-3.75 -0.75 0.000321189
-3.75 -0.625 0.000350118
-3.75 -0.5 0.000375718
-3.75 -0.375 0.000396918
-3.75 -0.25 0.000412791
-3.75 -0.125 0.000422618
-3.75 0 0.000425945
-3.75 0.125 0.000422618
-3.75 0.25 0.000412791
-3.75 0.375 0.000396918
-3.75 0.5 0.000375718
-3.75 0.625 0.000350118
-3.75 0.75 0.000321189
-3.75 0.875 0.000290069
-3.75 1 0.000257894
-3.75 1.125 0.000225726
-3.75 1.25 0.000194504
-3.75 1.375 0.000165
-3.75 1.5 0.000137801
-3.75 1.625 0.000113302
-3.75 1.75 9.17165e-05
-3.75 1.875 7.30946e-05
-3.75 2 5.73532e-05
-3.75 2.125 4.43067e-05
-3.75 2.25 3.36998e-05
-3.75 2.375 2.52369e-05
-3.75 2.5 1.86079e-05
-3.75 2.625 1.35087e-05
-3.75 2.75 9.65557e-06
-3.75 2.875 6.79454e-06
-3.75 3 4.70646e-06
-3.75 3.125 3.2079e-06
-3.75 3.25 2.1496e-06
-3.75 3.375 1.41312e-06
-3.75 3.5 9.06534e-07
-3.75 3.625 5.59614e-07
-3.75 3.75 3.19061e-07
-3.75 3.875 1.43758e-07
-3.75 4 0

-3.625 -4 0
-3.625 -3.875 2.52071e-07
-3.625 -3.75 5.59454e-07
-3.625 -3.625 9.81248e-07
-3.625 -3.5 1.58955e-06
-3.625 -3.375 2.47782e-06
-3.625 -3.25 3.76919e-06
-3.625 -3.125 5.62486e-06
-3.625 -3 8.25249e-06
-3.625 -2.875 1.19138e-05
-3.625 -2.75 1.69304e-05
-3.625 -2.625 2.36867e-05
-3.625 -2.5 3.26279e-05
-3.625 -2.375 4.42513e-05
-3.625 -2.25 5.90905e-05
-3.625 -2.125 7.76891e-05
-3.625 -2 0.000100565
-3.625 -1.875 0.000128167
-3.625 -1.75 0.000160819
-3.625 -1.625 0.000198668
-3.625 -1.5 0.000241625
-3.625 -1.375 0.000289317
-3.625 -1.25 0.000341051
-3.625 -1.125 0.000395797
-3.625 -1 0.000452201
-3.625 -0.875 0.000508618
-3.625 -0.75 0.000563185
-3.625 -0.625 0.00061391
-3.625 -0.5 0.000658799
-3.625 -0.375 0.000695972
-3.625 -0.25 0.000723803
-3.625 -0.125 0.000741034
-3.625 0 0.000746869
-3.625 0.125 0.000741034
-3.625 0.25 0.000723803
-3.625 0.375 0.000695972
-3.625 0.5 0.000658799
-3.625 0.625 0.00061391
-3.625 0.75 0.000563185
-3.625 0.875 0.000508618
-3.625 1 0.000452201
-3.625 1.125 0.000395797
-3.625 1.25 0.000341051
-3.625 1.375 0.000289317
-3.625 1.5 0.000241625
-3.625 1.625 0.000198668
-3.625 1.75 0.000160819
-3.625 1.875 0.000128167
-3.625 2 0.000100565
-3.625 2.125 7.76891e-05
-3.625 2.25 5.90905e-05
-3.625 2.375 4.42513e-05
-3.625 2.5 3.26279e-05
-3.625 2.625 2.36867e-05
-3.625 2.75 1.69304e-05
-3.625 2.875 1.19138e-05
-3.625 3 8.25249e-06
-3.625 3.125 5.62486e-06
-3.625 3.25 3.76919e-06
-3.625 3.375 2.47782e-06
-3.625 3.5 1.58955e-06
-3.625 3.625 9.81248e-07
-3.625 3.75 5.59454e-07
-3.625 3.875 2.52071e-07
-3.625 4 0

-3.5 -4 0
-3.5 -3.875 4.082e-07
-3.5 -3.75 9.0597e-07
-3.5 -3.625 1.58902e-06
-3.5 -3.5 2.57409e-06
-3.5 -3.375 4.01255e-06
-3.5 -3.25 6.10376e-06
-3.5 -3.125 9.10879e-06
-3.5 -3 1.33639e-05
-3.5 -2.875 1.9293e-05
-3.5 -2.75 2.74168e-05
-3.5 -2.625 3.83579e-05
-3.5 -2.5 5.2837e-05
-3.5 -2.375 7.16598e-05
-3.5 -2.25 9.56901e-05
-3.5 -2.125 0.000125808
-3.5 -2 0.000162854
-3.5 -1.875 0.000207551
-3.5 -1.75 0.000260428
-3.5 -1.625 0.00032172
-3.5 -1.5 0.000391284
-3.5 -1.375 0.000468515
-3.5 -1.25 0.000552291
-3.5 -1.125 0.000640947
-3.5 -1 0.000732287
-3.5 -0.875 0.000823648
-3.5 -0.75 0.000912011
-3.5 -0.625 0.000994156
-3.5 -0.5 0.00106685
-3.5 -0.375 0.00112704
-3.5 -0.25 0.00117211
-3.5 -0.125 0.00120002
-3.5 0 0.00120947
-3.5 0.125 0.00120002
-3.5 0.25 0.00117211
-3.5 0.375 0.00112704
-3.5 0.5 0.00106685
-3.5 0.625 0.000994156
-3.5 0.75 0.000912011
-3.5 0.875 0.000823648
-3.5 1 0.000732287
-3.5 1.125 0.000640947
-3.5 1.25 0.000552291
-3.5 1.375 0.000468515
-3.5 1.5 0.000391284
-3.5 1.625 0.00032172
-3.5 1.75 0.000260428
-3.5 1.875 0.000207551
-3.5 2 0.000162854
-3.5 2.125 0.000125808
-3.5 2.25 9.56901e-05
-3.5 2.375 7.16598e-05
-3.5 2.5 5.2837e-05
-3.5 2.625 3.83579e-05
-3.5 2.75 2.74168e-05
-3.5 2.875 1.9293e-05
-3.5 3 1.33639e-05
-3.5 3.125 9.10879e-06
-3.5 3.25 6.10376e-06
-3.5 3.375 4.01255e-06
-3.5 3.5 2.57409e-06
-3.5 3.625 1.58902e-06
-3.5 3.75 9.0597e-07
-3.5 3.875 4.082e-07
-3.5 4 0

-3.375 -4 0
-3.375 -3.875 6.3608e-07
-3.375 -3.75 1.41173e-06
-3.375 -3.625 2.47609e-06
-3.375 -3.5 4.01109e-06
-3.375 -3.375 6.25257e-06
-3.375 -3.25 9.51122e-06
-3.375 -3.125 1.41938e-05
-3.375 -3 2.08244e-05
-3.375 -2.875 3.00634e-05
-3.375 -2.75 4.27225e-05
-3.375 -2.625 5.97714e-05
-3.375 -2.5 8.23336e-05
-3.375 -2.375 0.000111664
-3.375 -2.25 0.00014911
-3.375 -2.125 0.000196042
-3.375 -2 0.000253768
-3.375 -1.875 0.000323418
-3.375 -1.75 0.000405813
-3.375 -1.625 0.000501322
-3.375 -1.5 0.00060972
-3.375 -1.375 0.000730066
-3.375 -1.25 0.000860612
-3.375 -1.125 0.00099876
-3.375 -1 0.00114109
-3.375 -0.875 0.00128345
-3.375 -0.75 0.00142115
-3.375 -0.625 0.00154915
-3.375 -0.5 0.00166242
-3.375 -0.375 0.00175622
-3.375 -0.25 0.00182645
-3.375 -0.125 0.00186993
-3.375 0 0.00188466
-3.375 0.125 0.00186993
-3.375 0.25 0.00182645
-3.375 0.375 0.00175622
-3.375 0.5 0.00166242
-3.375 0.625 0.00154915
-3.375 0.75 0.00142115
-3.375 0.875 0.00128345
-3.375 1 0.00114109
-3.375 1.125 0.00099876
-3.375 1.25 0.000860612
-3.375 1.375 0.000730066
-3.375 1.5 0.00060972
-3.375 1.625 0.000501322
-3.375 1.75 0.000405813
-3.375 1.875 0.000323418
-3.375 2 0.000253768
-3.375 2.125 0.000196042
-3.375 2.25 0.00014911
-3.375 2.375 0.000111664
-3.375 2.5 8.23336e-05
-3.375 2.625 5.97714e-05
-3.375 2.75 4.27225e-05
-3.375 2.875 3.00634e-05
-3.375 3 2.08244e-05
-3.375 3.125 1.41938e-05
-3.375 3.25 9.51122e-06
-3.375 3.375 6.25257e-06
-3.375 3.5 4.01109e-06
-3.375 3.625 2.47609e-06
-3.375 3.75 1.41173e-06
-3.375 3.875 6.3608e-07
-3.375 4 0

-3.25 -4 0
-3.25 -3.875 9.67227e-07
-3.25 -3.75 2.14669e-06
-3.25 -3.625 3.76516e-06
-3.25 -3.5 6.09929e-06
-3.25 -3.375 9.5077e-06
-3.25 -3.25 1.44628e-05
-3.25 -3.125 2.15832e-05
-3.25 -3 3.16658e-05
-3.25 -2.875 4.57146e-05
-3.25 -2.75 6.4964e-05
-3.25 -2.625 9.08888e-05
-3.25 -2.5 0.000125197
-3.25 -2.375 0.000169797
-3.25 -2.25 0.000226737
-3.25 -2.125 0.000298102
-3.25 -2 0.000385881
-3.25 -1.875 0.000491791
-3.25 -1.75 0.000617082
-3.25 -1.625 0.000762313
-3.25 -1.5 0.000927144
-3.25 -1.375 0.00111014
-3.25 -1.25 0.00130865
-3.25 -1.125 0.00151872
-3.25 -1 0.00173515
-3.25 -0.875 0.00195163
-3.25 -0.75 0.00216101
-3.25 -0.625 0.00235565
-3.25 -0.5 0.00252789
-3.25 -0.375 0.00267052
-3.25 -0.25 0.00277732
-3.25 -0.125 0.00284343
-3.25 0 0.00286582
-3.25 0.125 0.00284343
-3.25 0.25 0.00277732
-3.25 0.375 0.00267052
-3.25 0.5 0.00252789
-3.25 0.625 0.00235565
-3.25 0.75 0.00216101
-3.25 0.875 0.00195163
-3.25 1 0.00173515
-3.25 1.125 0.00151872
-3.25 1.25 0.00130865
-3.25 1.375 0.00111014
-3.25 1.5 0.000927144
-3.25 1.625 0.000762313
-3.25 1.75 0.000617082
-3.25 1.875 0.000491791
-3.25 2 0.000385881
-3.25 2.125 0.000298102
-3.25 2.25 0.000226737
-3.25 2.375 0.000169797
-3.25 2.5 0.000125197
-3.25 2.625 9.08888e-05
-3.25 2.75 6.4964e-05
-3.25 2.875 4.57146e-05
-3.25 3 3.16658e-05
-3.25 3.125 2.15832e-05
-3.25 3.25 1.44628e-05
-3.25 3.375 9.5077e-06
-3.25 3.5 6.09929e-06
-3.25 3.625 3.76516e-06
-3.25 3.75 2.14669e-06
-3.25 3.875 9.67227e-07
-3.25 4 0

-3.125 -4 0
-3.125 -3.875 1.44289e-06
-3.125 -3.75 3.20239e-06
-3.125 -3.625 5.61679e-06
-3.125 -3.5 9.0988e-06
-3.125 -3.375 1.41834e-05
-3.125 -3.25 2.15753e-05
-3.125 -3.125 3.21974e-05
-3.125 -3 4.72383e-05
-3.125 -2.875 6.81961e-05
-3.125 -2.75 9.6912e-05
-3.125 -2.625 0.000135586
-3.125 -2.5 0.000186766
-3.125 -2.375 0.0002533
-3.125 -2.25 0.000338241
-3.125 -2.125 0.000444702
-3.125 -2 0.000575648
-3.125 -1.875 0.000733644
-3.125 -1.75 0.00092055
-3.125 -1.625 0.0011372
-3.125 -1.5 0.00138309
-3.125 -1.375 0.00165609
-3.125 -1.25 0.00195222
-3.125 -1.125 0.00226559
-3.125 -1 0.00258846
-3.125 -0.875 0.0029114
-3.125 -0.75 0.00322374
-3.125 -0.625 0.0035141
-3.125 -0.5 0.00377105
-3.125 -0.375 0.00398383
-3.125 -0.25 0.00414314
-3.125 -0.125 0.00424177
-3.125 0 0.00427517
-3.125 0.125 0.00424177
-3.125 0.25 0.00414314
-3.125 0.375 0.00398383
-3.125 0.5 0.00377105
-3.125 0.625 0.0035141
-3.125 0.75 0.00322374
-3.125 0.875 0.0029114
-3.125 1 0.00258846
-3.125 1.125 0.00226559
-3.125 1.25 0.00195222
-3.125 1.375 0.00165609
-3.125 1.5 0.00138309
-3.125 1.625 0.0011372
-3.125 1.75 0.00092055
-3.125 1.875 0.000733644
-3.125 2 0.000575648
-3.125 2.125 0.000444702
-3.125 2.25 0.000338241
-3.125 2.375 0.0002533
-3.125 2.5 0.000186766
-3.125 2.625 0.000135586
-3.125 2.75 9.6912e-05
-3.125 2.875 6.81961e-05
-3.125 3 4.72383e-05
-3.125 3.125 3.21974e-05
-3.125 3.25 2.15753e-05
-3.125 3.375 1.41834e-05
-3.125 3.5 9.0988e-06
-3.125 3.625 5.61679e-06
-3.125 3.75 3.20239e-06
-3.125 3.875 1.44289e-06
-3.125 4 0

-3 -4 0
-3 -3.875 2.11617e-06
-3 -3.75 4.69668e-06
-3 -3.625 8.2377e-06
-3 -3.5 1.33445e-05
-3 -3.375 2.08016e-05
-3 -3.25 3.16428e-05
-3 -3.125 4.72213e-05
-3 -3 6.92806e-05
-3 -2.875 0.000100018
-3 -2.75 0.000142133
-3 -2.625 0.000198853
-3 -2.5 0.000273915
-3 -2.375 0.000371495
-3 -2.25 0.000496072
-3 -2.125 0.000652209
-3 -2 0.000844257
-3 -1.875 0.00107598
-3 -1.75 0.0013501
-3 -1.625 0.00166784
-3 -1.5 0.00202847
-3 -1.375 0.00242885
-3 -1.25 0.00286316
-3 -1.125 0.00332277
-3 -1 0.00379628
-3 -0.875 0.00426991
-3 -0.75 0.004728
-3 -0.625 0.00515385
-3 -0.5 0.00553069
-3 -0.375 0.00584277
-3 -0.25 0.00607641
-3 -0.125 0.00622107
-3 0 0.00627005
-3 0.125 0.00622107
-3 0.25 0.00607641
-3 0.375 0.00584277
-3 0.5 0.00553069
-3 0.625 0.00515385
-3 0.75 0.004728
-3 0.875 0.00426991
-3 1 0.00379628
-3 1.125 0.00332277
-3 1.25 0.00286316
-3 1.375 0.00242885
-3 1.5 0.00202847
-3 1.625 0.00166784
-3 1.75 0.0013501
-3 1.875 0.00107598
-3 2 0.000844257
-3 2.125 0.000652209
-3 2.25 0.000496072
-3 2.375 0.000371495
-3 2.5 0.000273915
-3 2.625 0.000198853
-3 2.75 0.000142133
-3 2.875 0.000100018
-3 3 6.92806e-05
-3 3.125 4.72213e-05
-3 3.25 3.16428e-05
-3 3.375 2.08016e-05
-3 3.5 1.33445e-05
-3 3.625 8.2377e-06
-3 3.75 4.69668e-06
-3 3.875 2.11617e-06
-3 4 0

-2.875 -4 0
-2.875 -3.875 3.05397e-06
-2.875 -3.75 6.77806e-06
-2.875 -3.625 1.18883e-05
-2.875 -3.5 1.92582e-05
-2.875 -3.375 3.00201e-05
-2.875 -3.25 4.56656e-05
-2.875 -3.125 6.81479e-05
-2.875 -3 9.9983e-05
-2.875 -2.875 0.000144342
-2.875 -2.75 0.000205121
-2.875 -2.625 0.000286977
-2.875 -2.5 0.000395303
-2.875 -2.375 0.000536126
-2.875 -2.25 0.000715911
-2.875 -2.125 0.000941242
-2.875 -2 0.0012184
-2.875 -1.875 0.00155281
-2.875 -1.75 0.0019484
-2.875 -1.625 0.00240697
-2.875 -1.5 0.00292741
-2.875 -1.375 0.00350522
-2.875 -1.25 0.004132
-2.875 -1.125 0.00479528
-2.875 -1 0.00547864
-2.875 -0.875 0.00616217
-2.875 -0.75 0.00682326
-2.875 -0.625 0.00743783
-2.875 -0.5 0.00798167
-2.875 -0.375 0.00843204
-2.875 -0.25 0.00876923
-2.875 -0.125 0.008978
-2.875 0 0.00904868
-2.875 0.125 0.008978
-2.875 0.25 0.00876923
-2.875 0.375 0.00843204
-2.875 0.5 0.00798167
-2.875 0.625 0.00743783
-2.875 0.75 0.00682326
-2.875 0.875 0.00616217
-2.875 1 0.00547864
-2.875 1.125 0.00479528
-2.875 1.25 0.004132
-2.875 1.375 0.00350522
-2.875 1.5 0.00292741
-2.875 1.625 0.00240697
-2.875 1.75 0.0019484
-2.875 1.875 0.00155281
-2.875 2 0.0012184
-2.875 2.125 0.000941242
-2.875 2.25 0.000715911
-2.875 2.375 0.000536126
-2.875 2.5 0.000395303
-2.875 2.625 0.000286977
-2.875 2.75 0.000205121
-2.875 2.875 0.000144342
-2.875 3 9.9983e-05
-2.875 3.125 6.81479e-05
-2.875 3.25 4.56656e-05
-2.875 3.375 3.00201e-05
-2.875 3.5 1.92582e-05
-2.875 3.625 1.18883e-05
-2.875 3.75 6.77806e-06
-2.875 3.875 3.05397e-06
-2.875 4 0

-2.75 -4 0
-2.75 -3.875 4.33848e-06
-2.75 -3.75 9.62893e-06
-2.75 -3.625 1.68886e-05
-2.75 -3.5 2.73582e-05
-2.75 -3.375 4.26466e-05
-2.75 -3.25 6.48726e-05
-2.75 -3.125 9.68111e-05
-2.75 -3 0.000142036
-2.75 -2.875 0.000205052
-2.75 -2.75 0.000291395
-2.75 -2.625 0.00040768
-2.75 -2.5 0.000561568
-2.75 -2.375 0.000761622
-2.75 -2.25 0.00101702
-2.75 -2.125 0.00133713
-2.75 -2 0.00173086
-2.75 -1.875 0.00220592
-2.75 -1.75 0.00276791
-2.75 -1.625 0.00341934
-2.75 -1.5 0.00415868
-2.75 -1.375 0.00497952
-2.75 -1.25 0.00586992
-2.75 -1.125 0.00681219
-2.75 -1 0.00778297
-2.75 -0.875 0.00875398
-2.75 -0.75 0.00969314
-2.75 -0.625 0.0105662
-2.75 -0.5 0.0113388
-2.75 -0.375 0.0119786
-2.75 -0.25 0.0124576
-2.75 -0.125 0.0127542
-2.75 0 0.0128546
-2.75 0.125 0.0127542
-2.75 0.25 0.0124576
-2.75 0.375 0.0119786
-2.75 0.5 0.0113388
-2.75 0.625 0.0105662
-2.75 0.75 0.00969314
-2.75 0.875 0.00875398
-2.75 1 0.00778297
-2.75 1.125 0.00681219
-2.75 1.25 0.00586992
-2.75 1.375 0.00497952
-2.75 1.5 0.00415868
-2.75 1.625 0.00341934
-2.75 1.75 0.00276791
-2.75 1.875 0.00220592
-2.75 2 0.00173086
-2.75 2.125 0.00133713
-2.75 2.25 0.00101702
-2.75 2.375 0.000761622
-2.75 2.5 0.000561568
-2.75 2.625 0.00040768
-2.75 2.75 0.000291395
-2.75 2.875 0.000205052
-2.75 3 0.000142036
-2.75 3.125 9.68111e-05
-2.75 3.25 6.48726e-05
-2.75 3.375 4.26466e-05
-2.75 3.5 2.73582e-05
-2.75 3.625 1.68886e-05
-2.75 3.75 9.62893e-06
-2.75 3.875 4.33848e-06
-2.75 4 0

-2.625 -4 0
-2.625 -3.875 6.06785e-06
-2.625 -3.75 1.34672e-05
-2.625 -3.625 2.36206e-05
-2.625 -3.5 3.82636e-05
-2.625 -3.375 5.96461e-05
-2.625 -3.25 9.07317e-05
-2.625 -3.125 0.000135401
-2.625 -3 0.000198654
-2.625 -2.875 0.000286788
-2.625 -2.75 0.000407549
-2.625 -2.625 0.000570186
-2.625 -2.5 0.000785417
-2.625 -2.375 0.00106522
-2.625 -2.25 0.00142242
-2.625 -2.125 0.00187013
-2.625 -2 0.0024208
-2.625 -1.875 0.00308523
-2.625 -1.75 0.00387123
-2.625 -1.625 0.00478233
-2.625 -1.5 0.00581639
-2.625 -1.375 0.00696443
-2.625 -1.25 0.00820976
-2.625 -1.125 0.00952762
-2.625 -1 0.0108854
-2.625 -0.875 0.0122434
-2.625 -0.75 0.013557
-2.625 -0.625 0.014778
-2.625 -0.5 0.0158586
-2.625 -0.375 0.0167534
-2.625 -0.25 0.0174234
-2.625 -0.125 0.0178381
-2.625 0 0.0179786
-2.625 0.125 0.0178381
-2.625 0.25 0.0174234
-2.625 0.375 0.0167534
-2.625 0.5 0.0158586
-2.625 0.625 0.014778
-2.625 0.75 0.013557
-2.625 0.875 0.0122434
-2.625 1 0.0108854
-2.625 1.125 0.00952762
-2.625 1.25 0.00820976
-2.625 1.375 0.00696443
-2.625 1.5 0.00581639
-2.625 1.625 0.00478233
-2.625 1.75 0.00387123
-2.625 1.875 0.00308523
-2.625 2 0.0024208
-2.625 2.125 0.00187013
-2.625 2.25 0.00142242
-2.625 2.375 0.00106522
-2.625 2.5 0.000785417
-2.625 2.625 0.000570186
-2.625 2.75 0.000407549
-2.625 2.875 0.000286788
-2.625 3 0.000198654
-2.625 3.125 0.000135401
-2.625 3.25 9.07317e-05
-2.625 3.375 5.96461e-05
-2.625 3.5 3.82636e-05
-2.625 3.625 2.36206e-05
-2.625 3.75 1.34672e-05
-2.625 3.875 6.06785e-06
-2.625 4 0

-2.5 -4 0
-2.5 -3.875 8.35574e-06
-2.5 -3.75 1.8545e-05
-2.5 -3.625 3.25267e-05
-2.5 -3.5 5.26909e-05
-2.5 -3.375 8.21357e-05
-2.5 -3.25 0.000124942
-2.5 -3.125 0.000186454
-2.5 -3 0.000273556
-2.5 -2.875 0.000394922
-2.5 -2.75 0.000561215
-2.5 -2.625 0.000785175
-2.5 -2.5 0.00108156
-2.5 -2.375 0.00146685
-2.5 -2.25 0.00195875
-2.5 -2.125 0.00257526
-2.5 -2 0.00333357
-2.5 -1.875 0.00424851
-2.5 -1.75 0.00533088
-2.5 -1.625 0.00658552
-2.5 -1.5 0.00800946
-2.5 -1.375 0.00959037
-2.5 -1.25 0.0113052
-2.5 -1.125 0.01312
-2.5 -1 0.0149897
-2.5 -0.875 0.0168598
-2.5 -0.75 0.0186686
-2.5 -0.625 0.0203501
-2.5 -0.5 0.021838
-2.5 -0.375 0.0230703
-2.5 -0.25 0.0239928
-2.5 -0.125 0.024564
-2.5 0 0.0247574
-2.5 0.125 0.024564
-2.5 0.25 0.0239928
-2.5 0.375 0.0230703
-2.5 0.5 0.021838
-2.5 0.625 0.0203501
-2.5 0.75 0.0186686
-2.5 0.875 0.0168598
-2.5 1 0.0149897
-2.5 1.125 0.01312
-2.5 1.25 0.0113052
-2.5 1.375 0.00959037
-2.5 1.5 0.00800946
-2.5 1.625 0.00658552
-2.5 1.75 0.00533088
-2.5 1.875 0.00424851
-2.5 2 0.00333357
-2.5 2.125 0.00257526
-2.5 2.25 0.00195875
-2.5 2.375 0.00146685
-2.5 2.5 0.00108156
-2.5 2.625 0.000785175
-2.5 2.75 0.000561215
-2.5 2.875 0.000394922
-2.5 3 0.000273556
-2.5 3.125 0.000186454
-2.5 3.25 0.000124942
-2.5 3.375 8.21357e-05
-2.5 3.5 5.26909e-05
-2.5 3.625 3.25267e-05
-2.5 3.75 1.8545e-05
-2.5 3.875 8.35574e-06
-2.5 4 0

-2.375 -4 0
-2.375 -3.875 1.13291e-05
-2.375 -3.75 2.51441e-05
-2.375 -3.625 4.41012e-05
-2.375 -3.5 7.14408e-05
-2.375 -3.375 0.000111363
-2.375 -3.25 0.000169402
-2.375 -3.125 0.000252803
-2.375 -3 0.0003709
-2.375 -2.875 0.000535453
-2.375 -2.75 0.000760921
-2.375 -2.625 0.00106458
-2.375 -2.5 0.00146643
-2.375 -2.375 0.00198883
-2.375 -2.25 0.00265576
-2.375 -2.125 0.00349165
-2.375 -2 0.0045198
-2.375 -1.875 0.00576033
-2.375 -1.75 0.00722785
-2.375 -1.625 0.00892894
-2.375 -1.5 0.0108596
-2.375 -1.375 0.0130031
-2.375 -1.25 0.0153282
-2.375 -1.125 0.0177887
-2.375 -1 0.0203237
-2.375 -0.875 0.0228593
-2.375 -0.75 0.0253118
-2.375 -0.625 0.0275916
-2.375 -0.5 0.029609
-2.375 -0.375 0.0312797
-2.375 -0.25 0.0325306
-2.375 -0.125 0.033305
-2.375 0 0.0335672
-2.375 0.125 0.033305
-2.375 0.25 0.0325306
-2.375 0.375 0.0312797
-2.375 0.5 0.029609
-2.375 0.625 0.0275916
-2.375 0.75 0.0253118
-2.375 0.875 0.0228593
-2.375 1 0.0203237
-2.375 1.125 0.0177887
-2.375 1.25 0.0153282
-2.375 1.375 0.0130031
-2.375 1.5 0.0108596
-2.375 1.625 0.00892894
-2.375 1.75 0.00722785
-2.375 1.875 0.00576033
-2.375 2 0.0045198
-2.375 2.125 0.00349165
-2.375 2.25 0.00265576
-2.375 2.375 0.00198883
-2.375 2.5 0.00146643
-2.375 2.625 0.00106458
-2.375 2.75 0.000760921
-2.375 2.875 0.000535453
-2.375 3 0.0003709
-2.375 3.125 0.000252803
-2.375 3.25 0.000169402
-2.375 3.375 0.000111363
-2.375 3.5 7.14408e-05
-2.375 3.625 4.41012e-05
-2.375 3.75 2.51441e-05
-2.375 3.875 1.13291e-05
-2.375 4 0

-2.25 -4 0
-2.25 -3.875 1.5124e-05
-2.25 -3.75 3.35665e-05
-2.25 -3.625 5.88737e-05
-2.25 -3.5 9.53711e-05
-2.25 -3.375 0.000148666
-2.25 -3.25 0.000226147
-2.25 -3.125 0.000337484
-2.25 -3 0.000495139
-2.25 -2.875 0.000714813
-2.25 -2.75 0.0010158
-2.25 -2.625 0.00142118
-2.25 -2.5 0.00195763
-2.25 -2.375 0.00265502
-2.25 -2.25 0.00354536
-2.25 -2.125 0.00466125
-2.25 -2 0.00603379
-2.25 -1.875 0.00768985
-2.25 -1.75 0.00964895
-2.25 -1.625 0.0119198
-2.25 -1.5 0.0144972
-2.25 -1.375 0.0173587
-2.25 -1.25 0.0204626
-2.25 -1.125 0.0237473
-2.25 -1 0.0271315
-2.25 -0.875 0.0305165
-2.25 -0.75 0.0337904
-2.25 -0.625 0.0368339
-2.25 -0.5 0.0395271
-2.25 -0.375 0.0417574
-2.25 -0.25 0.0434273
-2.25 -0.125 0.0444611
-2.25 0 0.0448112
-2.25 0.125 0.0444611
-2.25 0.25 0.0434273
-2.25 0.375 0.0417574
-2.25 0.5 0.0395271
-2.25 0.625 0.0368339
-2.25 0.75 0.0337904
-2.25 0.875 0.0305165
-2.25 1 0.0271315
-2.25 1.125 0.0237473
-2.25 1.25 0.0204626
-2.25 1.375 0.0173587
-2.25 1.5 0.0144972
-2.25 1.625 0.0119198
-2.25 1.75 0.00964895
-2.25 1.875 0.00768985
-2.25 2 0.00603379
-2.25 2.125 0.00466125
-2.25 2.25 0.00354536
-2.25 2.375 0.00265502
-2.25 2.5 0.00195763
-2.25 2.625 0.00142118
-2.25 2.75 0.0010158
-2.25 2.875 0.000714813
-2.25 3 0.000495139
-2.25 3.125 0.000337484
-2.25 3.25 0.000226147
-2.25 3.375 0.000148666
-2.25 3.5 9.53711e-05
-2.25 3.625 5.88737e-05
-2.25 3.75 3.35665e-05
-2.25 3.875 1.5124e-05
-2.25 4 0

-2.125 -4 0
-2.125 -3.875 1.9879e-05
-2.125 -3.75 4.41199e-05
-2.125 -3.625 7.73836e-05
-2.125 -3.5 0.000125356
-2.125 -3.375 0.000195407
-2.125 -3.25 0.000297247
-2.125 -3.125 0.00044359
-2.125 -3 0.000650811
-2.125 -2.875 0.000939551
-2.125 -2.75 0.00133518
-2.125 -2.625 0.00186799
-2.125 -2.5 0.00257311
-2.125 -2.375 0.00348976
-2.125 -2.25 0.00466002
-2.125 -2.125 0.00612675
-2.125 -2 0.00793082
-2.125 -1.875 0.0101076
-2.125 -1.75 0.0126826
-2.125 -1.625 0.0156675
-2.125 -1.5 0.0190551
-2.125 -1.375 0.0228162
-2.125 -1.25 0.0268961
-2.125 -1.125 0.0312135
-2.125 -1 0.0356617
-2.125 -0.875 0.0401109
-2.125 -0.75 0.0444141
-2.125 -0.625 0.0484145
-2.125 -0.5 0.0519544
-2.125 -0.375 0.054886
-2.125 -0.25 0.0570809
-2.125 -0.125 0.0584397
-2.125 0 0.0588999
-2.125 0.125 0.0584397
-2.125 0.25 0.0570809
-2.125 0.375 0.054886
-2.125 0.5 0.0519544
-2.125 0.625 0.0484145
-2.125 0.75 0.0444141
-2.125 0.875 0.0401109
-2.125 1 0.0356617
-2.125 1.125 0.0312135
-2.125 1.25 0.0268961
-2.125 1.375 0.0228162
-2.125 1.5 0.0190551
-2.125 1.625 0.0156675
-2.125 1.75 0.0126826
-2.125 1.875 0.0101076
-2.125 2 0.00793082
-2.125 2.125 0.00612675
-2.125 2.25 0.00466002
-2.125 2.375 0.00348976
-2.125 2.5 0.00257311
-2.125 2.625 0.00186799
-2.125 2.75 0.00133518
-2.125 2.875 0.000939551
-2.125 3 0.000650811
-2.125 3.125 0.00044359
-2.125 3.25 0.000297247
-2.125 3.375 0.000195407
-2.125 3.5 0.000125356
-2.125 3.625 7.73836e-05
-2.125 3.75 4.41199e-05
-2.125 3.875 1.9879e-05
-2.125 4 0

-2 -4 0
-2 -3.875 2.57261e-05
-2 -3.75 5.70972e-05
-2 -3.625 0.000100145
-2 -3.5 0.000162228
-2 -3.375 0.000252884
-2 -3.25 0.000384678
-2 -3.125 0.000574066
-2 -3 0.000842238
-2 -2.875 0.00121591
-2 -2.75 0.0017279
-2 -2.625 0.00241744
-2 -2.5 0.00332996
-2 -2.375 0.00451623
-2 -2.25 0.0060307
-2 -2.125 0.00792885
-2 -2 0.0102636
-2 -1.875 0.0130805
-2 -1.75 0.016413
-2 -1.625 0.0202758
-2 -1.5 0.02466
-2 -1.375 0.0295273
-2 -1.25 0.0348072
-2 -1.125 0.0403946
-2 -1 0.0461511
-2 -0.875 0.0519089
-2 -0.75 0.0574779
-2 -0.625 0.0626549
-2 -0.5 0.0672361
-2 -0.375 0.07103
-2 -0.25 0.0738704
-2 -0.125 0.075629
-2 0 0.0762244
-2 0.125 0.075629
-2 0.25 0.0738704
-2 0.375 0.07103
-2 0.5 0.0672361
-2 0.625 0.0626549
-2 0.75 0.0574779
-2 0.875 0.0519089
-2 1 0.0461511
-2 1.125 0.0403946
-2 1.25 0.0348072
-2 1.375 0.0295273
-2 1.5 0.02466
-2 1.625 0.0202758
-2 1.75 0.016413
-2 1.875 0.0130805
-2 2 0.0102636
-2 2.125 0.00792885
-2 2.25 0.0060307
-2 2.375 0.00451623
-2 2.5 0.00332996
-2 2.625 0.00241744
-2 2.75 0.0017279
-2 2.875 0.00121591
-2 3 0.000842238
-2 3.125 0.000574066
-2 3.25 0.000384678
-2 3.375 0.000252884
-2 3.5 0.000162228
-2 3.625 0.000100145
-2 3.75 5.70972e-05
-2 3.875 2.57261e-05
-2 4 0

-1.875 -4 0
-1.875 -3.875 3.27793e-05
-1.875 -3.75 7.27513e-05
-1.875 -3.625 0.000127601
-1.875 -3.5 0.000206705
-1.875 -3.375 0.000322216
-1.875 -3.25 0.000490145
-1.875 -3.125 0.000731456
-1.875 -3 0.00107315
-1.875 -2.875 0.00154927
-1.875 -2.75 0.00220163
-1.875 -2.625 0.00308022
-1.875 -2.5 0.00424292
-1.875 -2.375 0.00575443
-1.875 -2.25 0.00768412
-1.875 -2.125 0.0101027
-1.875 -2 0.0130775
-1.875 -1.875 0.0166668
-1.875 -1.75 0.0209129
-1.875 -1.625 0.0258348
-1.875 -1.5 0.0314209
-1.875 -1.375 0.0376227
-1.875 -1.25 0.0443502
-1.875 -1.125 0.0514694
-1.875 -1 0.0588042
-1.875 -0.875 0.0661407
-1.875 -0.75 0.0732364
-1.875 -0.625 0.0798328
-1.875 -0.5 0.0856701
-1.875 -0.375 0.0905041
-1.875 -0.25 0.0941232
-1.875 -0.125 0.096364
-1.875 0 0.0971227
-1.875 0.125 0.096364
-1.875 0.25 0.0941232
-1.875 0.375 0.0905041
-1.875 0.5 0.0856701
-1.875 0.625 0.0798328
-1.875 0.75 0.0732364
-1.875 0.875 0.0661407
-1.875 1 0.0588042
-1.875 1.125 0.0514694
-1.875 1.25 0.0443502
-1.875 1.375 0.0376227
-1.875 1.5 0.0314209
-1.875 1.625 0.0258348
-1.875 1.75 0.0209129
-1.875 1.875 0.0166668
-1.875 2 0.0130775
-1.875 2.125 0.0101027
-1.875 2.25 0.00768412
-1.875 2.375 0.00575443
-1.875 2.5 0.00424292
-1.875 2.625 0.00308022
-1.875 2.75 0.00220163
-1.875 2.875 0.00154927
-1.875 3 0.00107315
-1.875 3.125 0.000731456
-1.875 3.25 0.000490145
-1.875 3.375 0.000322216
-1.875 3.5 0.000206705
-1.875 3.625 0.000127601
-1.875 3.75 7.27513e-05
-1.875 3.875 3.27793e-05
-1.875 4 0

-1.75 -4 0
-1.75 -3.875 4.11213e-05
-1.75 -3.75 9.12658e-05
-1.75 -3.625 0.000160075
-1.75 -3.5 0.000259309
-1.75 -3.375 0.000404217
-1.75 -3.25 0.000614881
-1.75 -3.125 0.000917603
-1.75 -3 0.00134626
-1.75 -2.875 0.00194354
-1.75 -2.75 0.00276192
-1.75 -2.625 0.0038641
-1.75 -2.5 0.0053227
-1.75 -2.375 0.00721887
-1.75 -2.25 0.00963964
-1.75 -2.125 0.0126737
-1.75 -2 0.0164056
-1.75 -1.875 0.0209083
-1.75 -1.75 0.026235
-1.75 -1.625 0.0324095
-1.75 -1.5 0.0394172
-1.75 -1.375 0.0471973
-1.75 -1.25 0.0556368
-1.75 -1.125 0.0645678
-1.75 -1 0.0737692
-1.75 -0.875 0.0829728
-1.75 -0.75 0.0918743
-1.75 -0.625 0.100149
-1.75 -0.5 0.107472
-1.75 -0.375 0.113536
-1.75 -0.25 0.118077
-1.75 -0.125 0.120888
-1.75 0 0.121839
-1.75 0.125 0.120888
-1.75 0.25 0.118077
-1.75 0.375 0.113536
-1.75 0.5 0.107472
-1.75 0.625 0.100149
-1.75 0.75 0.0918743
-1.75 0.875 0.0829728
-1.75 1 0.0737692
-1.75 1.125 0.0645678
-1.75 1.25 0.0556368
-1.75 1.375 0.0471973
-1.75 1.5 0.0394172
-1.75 1.625 0.0324095
-1.75 1.75 0.026235
-1.75 1.875 0.0209083
-1.75 2 0.0164056
-1.75 2.125 0.0126737
-1.75 2.25 0.00963964
-1.75 2.375 0.00721887
-1.75 2.5 0.0053227
-1.75 2.625 0.0038641
-1.75 2.75 0.00276192
-1.75 2.875 0.00194354
-1.75 3 0.00134626
-1.75 3.125 0.000917603
-1.75 3.25 0.000614881
-1.75 3.375 0.000404217
-1.75 3.5 0.000259309
-1.75 3.625 0.000160075
-1.75 3.75 9.12658e-05
-1.75 3.875 4.11213e-05
-1.75 4 0

-1.625 -4 0
-1.625 -3.875 5.07889e-05
-1.625 -3.75 0.000112722
-1.625 -3.625 0.000197708
-1.625 -3.5 0.000320273
-1.625 -3.375 0.000499248
-1.625 -3.25 0.00075944
-1.625 -3.125 0.00113333
-1.625 -3 0.00166276
-1.625 -2.875 0.00240047
-1.625 -2.75 0.00341125
-1.625 -2.625 0.00477255
-1.625 -2.5 0.00657407
-1.625 -2.375 0.00891603
-1.625 -2.25 0.0119059
-1.625 -2.125 0.0156533
-1.625 -2 0.0202625
-1.625 -1.875 0.0258239
-1.625 -1.75 0.0324029
-1.625 -1.625 0.0400289
-1.625 -1.5 0.0486842
-1.625 -1.375 0.0582934
-1.625 -1.25 0.068717
-1.625 -1.125 0.0797477
-1.625 -1 0.0911123
-1.625 -0.875 0.10248
-1.625 -0.75 0.113474
-1.625 -0.625 0.123695
-1.625 -0.5 0.132739
-1.625 -0.375 0.140229
-1.625 -0.25 0.145836
-1.625 -0.125 0.149308
-1.625 0 0.150484
-1.625 0.125 0.149308
-1.625 0.25 0.145836
-1.625 0.375 0.140229
-1.625 0.5 0.132739
-1.625 0.625 0.123695
-1.625 0.75 0.113474
-1.625 0.875 0.10248
-1.625 1 0.0911123
-1.625 1.125 0.0797477
-1.625 1.25 0.068717
-1.625 1.375 0.0582934
-1.625 1.5 0.0486842
-1.625 1.625 0.0400289
-1.625 1.75 0.0324029
-1.625 1.875 0.0258239
-1.625 2 0.0202625
-1.625 2.125 0.0156533
-1.625 2.25 0.0119059
-1.625 2.375 0.00891603
-1.625 2.5 0.00657407
-1.625 2.625 0.00477255
-1.625 2.75 0.00341125
-1.625 2.875 0.00240047
-1.625 3 0.00166276
-1.625 3.125 0.00113333
-1.625 3.25 0.00075944
-1.625 3.375 0.000499248
-1.625 3.5 0.000320273
-1.625 3.625 0.000197708
-1.625 3.75 0.000112722
-1.625 3.875 5.07889e-05
-1.625 4 0

-1.5 -4 0
-1.5 -3.875 6.17591e-05
-1.5 -3.75 0.00013707
-1.5 -3.625 0.000240412
-1.5 -3.5 0.00038945
-1.5 -3.375 0.000607082
-1.5 -3.25 0.000923474
-1.5 -3.125 0.00137812
-1.5 -3 0.00202191
-1.5 -2.875 0.00291895
-1.5 -2.75 0.00414806
-1.5 -2.625 0.0058034
-1.5 -2.5 0.00799403
-1.5 -2.375 0.0108418
-1.5 -2.25 0.0144775
-1.5 -2.125 0.0190343
-1.5 -2 0.0246391
-1.5 -1.875 0.0314017
-1.5 -1.75 0.0394017
-1.5 -1.625 0.048675
-1.5 -1.5 0.0591997
-1.5 -1.375 0.0708844
-1.5 -1.25 0.0835595
-1.5 -1.125 0.0969728
-1.5 -1 0.110792
-1.5 -0.875 0.124615
-1.5 -0.75 0.137984
-1.5 -0.625 0.150412
-1.5 -0.5 0.16141
-1.5 -0.375 0.170517
-1.5 -0.25 0.177336
-1.5 -0.125 0.181558
-1.5 0 0.182987
-1.5 0.125 0.181558
-1.5 0.25 0.177336
-1.5 0.375 0.170517
-1.5 0.5 0.16141
-1.5 0.625 0.150412
-1.5 0.75 0.137984
-1.5 0.875 0.124615
-1.5 1 0.110792
-1.5 1.125 0.0969728
-1.5 1.25 0.0835595
-1.5 1.375 0.0708844
-1.5 1.5 0.0591997
-1.5 1.625 0.048675
-1.5 1.75 0.0394017
-1.5 1.875 0.0314017
-1.5 2 0.0246391
-1.5 2.125 0.0190343
-1.5 2.25 0.0144775
-1.5 2.375 0.0108418
-1.5 2.5 0.00799403
-1.5 2.625 0.0058034
-1.5 2.75 0.00414806
-1.5 2.875 0.00291895
-1.5 3 0.00202191
-1.5 3.125 0.00137812
-1.5 3.25 0.000923474
-1.5 3.375 0.000607082
-1.5 3.5 0.00038945
-1.5 3.625 0.000240412
-1.5 3.75 0.00013707
-1.5 3.875 6.17591e-05
-1.5 4 0

-1.375 -4 0
-1.375 -3.875 7.39361e-05
-1.375 -3.75 0.000164096
-1.375 -3.625 0.000287814
-1.375 -3.5 0.000466238
-1.375 -3.375 0.000726781
-1.375 -3.25 0.00110556
-1.375 -3.125 0.00164985
-1.375 -3 0.00242057
-1.375 -2.875 0.00349449
-1.375 -2.75 0.00496594
-1.375 -2.625 0.00694766
-1.375 -2.5 0.00957021
-1.375 -2.375 0.0129795
-1.375 -2.25 0.0173321
-1.375 -2.125 0.0227873
-1.375 -2 0.0294972
-1.375 -1.875 0.0375932
-1.375 -1.75 0.0471706
-1.375 -1.625 0.0582722
-1.375 -1.5 0.0708721
-1.375 -1.375 0.0848608
-1.375 -1.25 0.100035
-1.375 -1.125 0.116093
-1.375 -1 0.132637
-1.375 -0.875 0.149185
-1.375 -0.75 0.16519
-1.375 -0.625 0.180069
-1.375 -0.5 0.193235
-1.375 -0.375 0.204138
-1.375 -0.25 0.212302
-1.375 -0.125 0.217356
-1.375 0 0.219067
-1.375 0.125 0.217356
-1.375 0.25 0.212302
-1.375 0.375 0.204138
-1.375 0.5 0.193235
-1.375 0.625 0.180069
-1.375 0.75 0.16519
-1.375 0.875 0.149185
-1.375 1 0.132637
-1.375 1.125 0.116093
-1.375 1.25 0.100035
-1.375 1.375 0.0848608
-1.375 1.5 0.0708721
-1.375 1.625 0.0582722
-1.375 1.75 0.0471706
-1.375 1.875 0.0375932
-1.375 2 0.0294972
-1.375 2.125 0.0227873
-1.375 2.25 0.0173321
-1.375 2.375 0.0129795
-1.375 2.5 0.00957021
-1.375 2.625 0.00694766
-1.375 2.75 0.00496594
-1.375 2.875 0.00349449
-1.375 3 0.00242057
-1.375 3.125 0.00164985
-1.375 3.25 0.00110556
-1.375 3.375 0.000726781
-1.375 3.5 0.000466238
-1.375 3.625 0.000287814
-1.375 3.75 0.000164096
-1.375 3.875 7.39361e-05
-1.375 4 0

-1.25 -4 0
-1.25 -3.875 8.7143e-05
-1.25 -3.75 0.000193408
-1.25 -3.625 0.000339225
-1.25 -3.5 0.00054952
-1.25 -3.375 0.000856603
-1.25 -3.25 0.00130304
-1.25 -3.125 0.00194456
-1.25 -3 0.00285295
-1.25 -2.875 0.00411869
-1.25 -2.75 0.00585298
-1.25 -2.625 0.00818869
-1.25 -2.5 0.0112797
-1.25 -2.375 0.015298
-1.25 -2.25 0.020428
-1.25 -2.125 0.0268577
-1.25 -2 0.0347662
-1.25 -1.875 0.0443083
-1.25 -1.75 0.0555964
-1.25 -1.625 0.0686811
-1.25 -1.5 0.0835317
-1.25 -1.375 0.100019
-1.25 -1.25 0.117904
-1.25 -1.125 0.13683
-1.25 -1 0.156329
-1.25 -0.875 0.175833
-1.25 -0.75 0.194697
-1.25 -0.625 0.212234
-1.25 -0.5 0.227752
-1.25 -0.375 0.240603
-1.25 -0.25 0.250224
-1.25 -0.125 0.256181
-1.25 0 0.258198
-1.25 0.125 0.256181
-1.25 0.25 0.250224
-1.25 0.375 0.240603
-1.25 0.5 0.227752
-1.25 0.625 0.212234
-1.25 0.75 0.194697
-1.25 0.875 0.175833
-1.25 1 0.156329
-1.25 1.125 0.13683
-1.25 1.25 0.117904
-1.25 1.375 0.100019
-1.25 1.5 0.0835317
-1.25 1.625 0.0686811
-1.25 1.75 0.0555964
-1.25 1.875 0.0443083
-1.25 2 0.0347662
-1.25 2.125 0.0268577
-1.25 2.25 0.020428
-1.25 2.375 0.015298
-1.25 2.5 0.0112797
-1.25 2.625 0.00818869
-1.25 2.75 0.00585298
-1.25 2.875 0.00411869
-1.25 3 0.00285295
-1.25 3.125 0.00194456
-1.25 3.25 0.00130304
-1.25 3.375 0.000856603
-1.25 3.5 0.00054952
-1.25 3.625 0.000339225
-1.25 3.75 0.000193408
-1.25 3.875 8.7143e-05
-1.25 4 0

-1.125 -4 0
-1.125 -3.875 0.000101117
-1.125 -3.75 0.000224422
-1.125 -3.625 0.000393622
-1.125 -3.5 0.000637639
-1.125 -3.375 0.000993965
-1.125 -3.25 0.00151199
-1.125 -3.125 0.00225638
-1.125 -3 0.00331044
-1.125 -2.875 0.00477915
-1.125 -2.75 0.00679154
-1.125 -2.625 0.0095018
-1.125 -2.5 0.0130885
-1.125 -2.375 0.0177511
-1.125 -2.25 0.0237038
-1.125 -2.125 0.0311645
-1.125 -2 0.0403411
-1.125 -1.875 0.0514134
-1.125 -1.75 0.0645117
-1.125 -1.625 0.0796946
-1.125 -1.5 0.0969265
-1.125 -1.375 0.116058
-1.125 -1.25 0.13681
-1.125 -1.125 0.158772
-1.125 -1 0.181398
-1.125 -0.875 0.204029
-1.125 -0.75 0.225918
-1.125 -0.625 0.246267
-1.125 -0.5 0.264273
-1.125 -0.375 0.279185
-1.125 -0.25 0.290349
-1.125 -0.125 0.297261
-1.125 0 0.299602
-1.125 0.125 0.297261
-1.125 0.25 0.290349
-1.125 0.375 0.279185
-1.125 0.5 0.264273
-1.125 0.625 0.246267
-1.125 0.75 0.225918
-1.125 0.875 0.204029
-1.125 1 0.181398
-1.125 1.125 0.158772
-1.125 1.25 0.13681
-1.125 1.375 0.116058
-1.125 1.5 0.0969265
-1.125 1.625 0.0796946
-1.125 1.75 0.0645117
-1.125 1.875 0.0514134
-1.125 2 0.0403411
-1.125 2.125 0.0311645
-1.125 2.25 0.0237038
-1.125 2.375 0.0177511
-1.125 2.5 0.0130885
-1.125 2.625 0.0095018
-1.125 2.75 0.00679154
-1.125 2.875 0.00477915
-1.125 3 0.00331044
-1.125 3.125 0.00225638
-1.125 3.25 0.00151199
-1.125 3.375 0.000993965
-1.125 3.5 0.000637639
-1.125 3.625 0.000393622
-1.125 3.75 0.000224422
-1.125 3.875 0.000101117
-1.125 4 0

-1 -4 0
-1 -3.875 0.000115512
-1 -3.75 0.00025637
-1 -3.625 0.000449658
-1 -3.5 0.000728413
-1 -3.375 0.00113547
-1 -3.25 0.00172723
-1 -3.125 0.0025776
-1 -3 0.00378171
-1 -2.875 0.00545951
-1 -2.75 0.00775838
-1 -2.625 0.0108545
-1 -2.5 0.0149517
-1 -2.375 0.0202782
-1 -2.25 0.0270783
-1 -2.125 0.0356011
-1 -2 0.0460841
-1 -1.875 0.0587326
-1 -1.75 0.0736955
-1 -1.625 0.0910399
-1 -1.5 0.110725
-1 -1.375 0.13258
-1 -1.25 0.156287
-1 -1.125 0.181374
-1 -1 0.207222
-1 -0.875 0.233075
-1 -0.75 0.25808
-1 -0.625 0.281325
-1 -0.5 0.301895
-1 -0.375 0.31893
-1 -0.25 0.331683
-1 -0.125 0.339579
-1 0 0.342253
-1 0.125 0.339579
-1 0.25 0.331683
-1 0.375 0.31893
-1 0.5 0.301895
-1 0.625 0.281325
-1 0.75 0.25808
-1 0.875 0.233075
-1 1 0.207222
-1 1.125 0.181374
-1 1.25 0.156287
-1 1.375 0.13258
-1 1.5 0.110725
-1 1.625 0.0910399
-1 1.75 0.0736955
-1 1.875 0.0587326
-1 2 0.0460841
-1 2.125 0.0356011
-1 2.25 0.0270783
-1 2.375 0.0202782
-1 2.5 0.0149517
-1 2.625 0.0108545
-1 2.75 0.00775838
-1 2.875 0.00545951
-1 3 0.00378171
-1 3.125 0.0025776
-1 3.25 0.00172723
-1 3.375 0.00113547
-1 3.5 0.000728413
-1 3.625 0.000449658
-1 3.75 0.00025637
-1 3.875 0.000115512
-1 4 0

-0.875 -4 0
-0.875 -3.875 0.000129909
-0.875 -3.75 0.000288323
-0.875 -3.625 0.0005057
-0.875 -3.5 0.000819198
-0.875 -3.375 0.00127698
-0.875 -3.25 0.0019425
-0.875 -3.125 0.00289885
-0.875 -3 0.00425304
-0.875 -2.875 0.00613994
-0.875 -2.75 0.00872534
-0.875 -2.625 0.0122073
-0.875 -2.5 0.0168152
-0.875 -2.375 0.0228055
-0.875 -2.25 0.0304531
-0.875 -2.125 0.0400382
-0.875 -2 0.0518277
-0.875 -1.875 0.0660526
-0.875 -1.75 0.0828805
-0.875 -1.625 0.102387
-0.875 -1.5 0.124525
-0.875 -1.375 0.149104
-0.875 -1.25 0.175765
-0.875 -1.125 0.20398
-0.875 -1 0.233048
-0.875 -0.875 0.262124
-0.875 -0.75 0.290245
-0.875 -0.625 0.316387
-0.875 -0.5 0.339521
-0.875 -0.375 0.358679
-0.875 -0.25 0.373022
-0.875 -0.125 0.381902
-0.875 0 0.384909
-0.875 0.125 0.381902
-0.875 0.25 0.373022
-0.875 0.375 0.358679
-0.875 0.5 0.339521
-0.875 0.625 0.316387
-0.875 0.75 0.290245
-0.875 0.875 0.262124
-0.875 1 0.233048
-0.875 1.125 0.20398
-0.875 1.25 0.175765
-0.875 1.375 0.149104
-0.875 1.5 0.124525
-0.875 1.625 0.102387
-0.875 1.75 0.0828805
-0.875 1.875 0.0660526
-0.875 2 0.0518277
-0.875 2.125 0.0400382
-0.875 2.25 0.0304531
-0.875 2.375 0.0228055
-0.875 2.5 0.0168152
-0.875 2.625 0.0122073
-0.875 2.75 0.00872534
-0.875 2.875 0.00613994
-0.875 3 0.00425304
-0.875 3.125 0.00289885
-0.875 3.25 0.0019425
-0.875 3.375 0.00127698
-0.875 3.5 0.000819198
-0.875 3.625 0.0005057
-0.875 3.75 0.000288323
-0.875 3.875 0.000129909
-0.875 4 0

-0.75 -4 0
-0.75 -3.875 0.000143831
-0.75 -3.75 0.000319223
-0.75 -3.625 0.000559898
-0.75 -3.5 0.000906994
-0.75 -3.375 0.00141384
-0.75 -3.25 0.00215069
-0.75 -3.125 0.00320953
-0.75 -3 0.00470885
-0.75 -2.875 0.00679799
-0.75 -2.75 0.00966047
-0.75 -2.625 0.0135156
-0.75 -2.5 0.0186174
-0.75 -2.375 0.0252497
-0.75 -2.25 0.0337169
-0.75 -2.125 0.0443292
-0.75 -2 0.0573823
-0.75 -1.875 0.0731317
-0.75 -1.75 0.0917631
-0.75 -1.625 0.11336
-0.75 -1.5 0.137871
-0.75 -1.375 0.165084
-0.75 -1.25 0.194603
-0.75 -1.125 0.225841
-0.75 -1 0.258025
-0.75 -0.875 0.290217
-0.75 -0.75 0.321352
-0.75 -0.625 0.350296
-0.75 -0.5 0.375909
-0.75 -0.375 0.39712
-0.75 -0.25 0.413
-0.75 -0.125 0.422832
-0.75 0 0.426161
-0.75 0.125 0.422832
-0.75 0.25 0.413
-0.75 0.375 0.39712
-0.75 0.5 0.375909
-0.75 0.625 0.350296
-0.75 0.75 0.321352
-0.75 0.875 0.290217
-0.75 1 0.258025
-0.75 1.125 0.225841
-0.75 1.25 0.194603
-0.75 1.375 0.165084
-0.75 1.5 0.137871
-0.75 1.625 0.11336
-0.75 1.75 0.0917631
-0.75 1.875 0.0731317
-0.75 2 0.0573823
-0.75 2.125 0.0443292
-0.75 2.25 0.0337169
-0.75 2.375 0.0252497
-0.75 2.5 0.0186174
-0.75 2.625 0.0135156
-0.75 2.75 0.00966047
-0.75 2.875 0.00679799
-0.75 3 0.00470885
-0.75 3.125 0.00320953
-0.75 3.25 0.00215069
-0.75 3.375 0.00141384
-0.75 3.5 0.000906994
-0.75 3.625 0.000559898
-0.75 3.75 0.000319223
-0.75 3.875 0.000143831
-0.75 4 0

-0.625 -4 0
-0.625 -3.875 0.000156773
-0.625 -3.75 0.000347946
-0.625 -3.625 0.000610277
-0.625 -3.5 0.000988604
-0.625 -3.375 0.00154106
-0.625 -3.25 0.00234421
-0.625 -3.125 0.00349832
-0.625 -3 0.00513255
-0.625 -2.875 0.00740966
-0.625 -2.75 0.0105297
-0.625 -2.625 0.0147317
-0.625 -2.5 0.0202925
-0.625 -2.375 0.0275216
-0.625 -2.25 0.0367507
-0.625 -2.125 0.0483179
-0.625 -2 0.0625455
-0.625 -1.875 0.079712
-0.625 -1.75 0.10002
-0.625 -1.625 0.12356
-0.625 -1.5 0.150276
-0.625 -1.375 0.179938
-0.625 -1.25 0.212113
-0.625 -1.125 0.246162
-0.625 -1 0.281242
-0.625 -0.875 0.31633
-0.625 -0.75 0.350267
-0.625 -0.625 0.381815
-0.625 -0.5 0.409733
-0.625 -0.375 0.432852
-0.625 -0.25 0.450162
-0.625 -0.125 0.460878
-0.625 0 0.464507
-0.625 0.125 0.460878
-0.625 0.25 0.450162
-0.625 0.375 0.432852
-0.625 0.5 0.409733
-0.625 0.625 0.381815
-0.625 0.75 0.350267
-0.625 0.875 0.31633
-0.625 1 0.281242
-0.625 1.125 0.246162
-0.625 1.25 0.212113
-0.625 1.375 0.179938
-0.625 1.5 0.150276
-0.625 1.625 0.12356
-0.625 1.75 0.10002
-0.625 1.875 0.079712
-0.625 2 0.0625455
-0.625 2.125 0.0483179
-0.625 2.25 0.0367507
-0.625 2.375 0.0275216
-0.625 2.5 0.0202925
-0.625 2.625 0.0147317
-0.625 2.75 0.0105297
-0.625 2.875 0.00740966
-0.625 3 0.00513255
-0.625 3.125 0.00349832
-0.625 3.25 0.00234421
-0.625 3.375 0.00154106
-0.625 3.5 0.000988604
-0.625 3.625 0.000610277
-0.625 3.75 0.000347946
-0.625 3.875 0.000156773
-0.625 4 0

-0.5 -4 0
-0.5 -3.875 0.000168225
-0.5 -3.75 0.000373362
-0.5 -3.625 0.000654854
-0.5 -3.5 0.00106082
-0.5 -3.375 0.00165362
-0.5 -3.25 0.00251544
-0.5 -3.125 0.00375385
-0.5 -3 0.00550745
-0.5 -2.875 0.0079509
-0.5 -2.75 0.0112988
-0.5 -2.625 0.0158078
-0.5 -2.5 0.0217748
-0.5 -2.375 0.0295319
-0.5 -2.25 0.0394351
-0.5 -2.125 0.0518473
-0.5 -2 0.0671141
-0.5 -1.875 0.0855346
-0.5 -1.75 0.107326
-0.5 -1.625 0.132585
-0.5 -1.5 0.161253
-0.5 -1.375 0.193081
-0.5 -1.25 0.227607
-0.5 -1.125 0.264143
-0.5 -1 0.301785
-0.5 -0.875 0.339436
-0.5 -0.75 0.375852
-0.5 -0.625 0.409705
-0.5 -0.5 0.439662
-0.5 -0.375 0.46447
-0.5 -0.25 0.483044
-0.5 -0.125 0.494543
-0.5 0 0.498437
-0.5 0.125 0.494543
-0.5 0.25 0.483044
-0.5 0.375 0.46447
-0.5 0.5 0.439662
-0.5 0.625 0.409705
-0.5 0.75 0.375852
-0.5 0.875 0.339436
-0.5 1 0.301785
-0.5 1.125 0.264143
-0.5 1.25 0.227607
-0.5 1.375 0.193081
-0.5 1.5 0.161253
-0.5 1.625 0.132585
-0.5 1.75 0.107326
-0.5 1.875 0.0855346
-0.5 2 0.0671141
-0.5 2.125 0.0518473
-0.5 2.25 0.0394351
-0.5 2.375 0.0295319
-0.5 2.5 0.0217748
-0.5 2.625 0.0158078
-0.5 2.75 0.0112988
-0.5 2.875 0.0079509
-0.5 3 0.00550745
-0.5 3.125 0.00375385
-0.5 3.25 0.00251544
-0.5 3.375 0.00165362
-0.5 3.5 0.00106082
-0.5 3.625 0.000654854
-0.5 3.75 0.000373362
-0.5 3.875 0.000168225
-0.5 4 0

-0.375 -4 0
-0.375 -3.875 0.000177707
-0.375 -3.75 0.000394408
-0.375 -3.625 0.000691768
-0.375 -3.5 0.00112061
-0.375 -3.375 0.00174684
-0.375 -3.25 0.00265723
-0.375 -3.125 0.00396546
-0.375 -3 0.00581791
-0.375 -2.875 0.00839908
-0.375 -2.75 0.0119358
-0.375 -2.625 0.0166989
-0.375 -2.5 0.0230022
-0.375 -2.375 0.0311966
-0.375 -2.25 0.0416581
-0.375 -2.125 0.0547699
-0.375 -2 0.0708973
-0.375 -1.875 0.0903561
-0.375 -1.75 0.113376
-0.375 -1.625 0.140059
-0.375 -1.5 0.170343
-0.375 -1.375 0.203965
-0.375 -1.25 0.240437
-0.375 -1.125 0.279032
-0.375 -1 0.318796
-0.375 -0.875 0.35857
-0.375 -0.75 0.397038
-0.375 -0.625 0.4328
-0.375 -0.5 0.464445
-0.375 -0.375 0.490652
-0.375 -0.25 0.510272
-0.375 -0.125 0.52242
-0.375 0 0.526533
-0.375 0.125 0.52242
-0.375 0.25 0.510272
-0.375 0.375 0.490652
-0.375 0.5 0.464445
-0.375 0.625 0.4328
-0.375 0.75 0.397038
-0.375 0.875 0.35857
-0.375 1 0.318796
-0.375 1.125 0.279032
-0.375 1.25 0.240437
-0.375 1.375 0.203965
-0.375 1.5 0.170343
-0.375 1.625 0.140059
-0.375 1.75 0.113376
-0.375 1.875 0.0903561
-0.375 2 0.0708973
-0.375 2.125 0.0547699
-0.375 2.25 0.0416581
-0.375 2.375 0.0311966
-0.375 2.5 0.0230022
-0.375 2.625 0.0166989
-0.375 2.75 0.0119358
-0.375 2.875 0.00839908
-0.375 3 0.00581791
-0.375 3.125 0.00396546
-0.375 3.25 0.00265723
-0.375 3.375 0.00174684
-0.375 3.5 0.00112061
-0.375 3.625 0.000691768
-0.375 3.75 0.000394408
-0.375 3.875 0.000177707
-0.375 4 0

-0.25 -4 0
-0.25 -3.875 0.000184807
-0.25 -3.75 0.000410165
-0.25 -3.625 0.000719404
-0.25 -3.5 0.00116538
-0.25 -3.375 0.00181662
-0.25 -3.25 0.00276339
-0.25 -3.125 0.00412388
-0.25 -3 0.00605033
-0.25 -2.875 0.00873463
-0.25 -2.75 0.0124126
-0.25 -2.625 0.017366
-0.25 -2.5 0.0239212
-0.25 -2.375 0.0324429
-0.25 -2.25 0.0433223
-0.25 -2.125 0.0569579
-0.25 -2 0.0737296
-0.25 -1.875 0.0939658
-0.25 -1.75 0.117905
-0.25 -1.625 0.145654
-0.25 -1.5 0.177148
-0.25 -1.375 0.212113
-0.25 -1.25 0.250042
-0.25 -1.125 0.29018
-0.25 -1 0.331532
-0.25 -0.875 0.372895
-0.25 -0.75 0.4129
-0.25 -0.625 0.45009
-0.25 -0.5 0.482999
-0.25 -0.375 0.510253
-0.25 -0.25 0.530658
-0.25 -0.125 0.543291
-0.25 0 0.547568
-0.25 0.125 0.543291
-0.25 0.25 0.530658
-0.25 0.375 0.510253
-0.25 0.5 0.482999
-0.25 0.625 0.45009
-0.25 0.75 0.4129
-0.25 0.875 0.372895
-0.25 1 0.331532
-0.25 1.125 0.29018
-0.25 1.25 0.250042
-0.25 1.375 0.212113
-0.25 1.5 0.177148
-0.25 1.625 0.145654
-0.25 1.75 0.117905
-0.25 1.875 0.0939658
-0.25 2 0.0737296
-0.25 2.125 0.0569579
-0.25 2.25 0.0433223
-0.25 2.375 0.0324429
-0.25 2.5 0.0239212
-0.25 2.625 0.017366
-0.25 2.75 0.0124126
-0.25 2.875 0.00873463
-0.25 3 0.00605033
-0.25 3.125 0.00412388
-0.25 3.25 0.00276339
-0.25 3.375 0.00181662
-0.25 3.5 0.00116538
-0.25 3.625 0.000719404
-0.25 3.75 0.000410165
-0.25 3.875 0.000184807
-0.25 4 0

-0.125 -4 0
-0.125 -3.875 0.000189202
-0.125 -3.75 0.00041992
-0.125 -3.625 0.000736514
-0.125 -3.5 0.0011931
-0.125 -3.375 0.00185983
-0.125 -3.25 0.00282911
-0.125 -3.125 0.00422195
-0.125 -3 0.00619422
-0.125 -2.875 0.00894236
-0.125 -2.75 0.0127078
-0.125 -2.625 0.017779
-0.125 -2.5 0.0244901
-0.125 -2.375 0.0332145
-0.125 -2.25 0.0443526
-0.125 -2.125 0.0583125
-0.125 -2 0.0754831
-0.125 -1.875 0.0962006
-0.125 -1.75 0.120709
-0.125 -1.625 0.149118
-0.125 -1.5 0.181361
-0.125 -1.375 0.217158
-0.125 -1.25 0.255989
-0.125 -1.125 0.297081
-0.125 -1 0.339417
-0.125 -0.875 0.381763
-0.125 -0.75 0.42272
-0.125 -0.625 0.460794
-0.125 -0.5 0.494487
-0.125 -0.375 0.522388
-0.125 -0.25 0.543278
-0.125 -0.125 0.556212
-0.125 0 0.560591
-0.125 0.125 0.556212
-0.125 0.25 0.543278
-0.125 0.375 0.522388
-0.125 0.5 0.494487
-0.125 0.625 0.460794
-0.125 0.75 0.42272
-0.125 0.875 0.381763
-0.125 1 0.339417
-0.125 1.125 0.297081
-0.125 1.25 0.255989
-0.125 1.375 0.217158
-0.125 1.5 0.181361
-0.125 1.625 0.149118
-0.125 1.75 0.120709
-0.125 1.875 0.0962006
-0.125 2 0.0754831
-0.125 2.125 0.0583125
-0.125 2.25 0.0443526
-0.125 2.375 0.0332145
-0.125 2.5 0.0244901
-0.125 2.625 0.017779
-0.125 2.75 0.0127078
-0.125 2.875 0.00894236
-0.125 3 0.00619422
-0.125 3.125 0.00422195
-0.125 3.25 0.00282911
-0.125 3.375 0.00185983
-0.125 3.5 0.0011931
-0.125 3.625 0.000736514
-0.125 3.75 0.00041992
-0.125 3.875 0.000189202
-0.125 4 0

0 -4 0
0 -3.875 0.00019069
0 -3.75 0.000423223
0 -3.625 0.000742307
0 -3.5 0.00120248
0 -3.375 0.00187446
0 -3.25 0.00285136
0 -3.125 0.00425516
0 -3 0.00624295
0 -2.875 0.0090127
0 -2.75 0.0128077
0 -2.625 0.0179188
0 -2.5 0.0246827
0 -2.375 0.0334758
0 -2.25 0.0447015
0 -2.125 0.0587712
0 -2 0.0760768
0 -1.875 0.0969573
0 -1.75 0.121659
0 -1.625 0.150291
0 -1.5 0.182788
0 -1.375 0.218866
0 -1.25 0.258002
0 -1.125 0.299418
0 -1 0.342087
0 -0.875 0.384766
0 -0.75 0.426045
0 -0.625 0.464419
0 -0.5 0.498376
0 -0.375 0.526497
0 -0.25 0.547552
0 -0.125 0.560587
0 0 0.565
0 0.125 0.560587
0 0.25 0.547552
0 0.375 0.526497
0 0.5 0.498376
0 0.625 0.464419
0 0.75 0.426045
0 0.875 0.384766
0 1 0.342087
0 1.125 0.299418
0 1.25 0.258002
0 1.375 0.218866
0 1.5 0.182788
0 1.625 0.150291
0 1.75 0.121659
0 1.875 0.0969573
0 2 0.0760768
0 2.125 0.0587712
0 2.25 0.0447015
0 2.375 0.0334758
0 2.5 0.0246827
0 2.625 0.0179188
0 2.75 0.0128077
0 2.875 0.0090127
0 3 0.00624295
0 3.125 0.00425516
0 3.25 0.00285136
0 3.375 0.00187446
0 3.5 0.00120248
0 3.625 0.000742307
0 3.75 0.000423223
0 3.875 0.00019069
0 4 0

0.125 -4 0
0.125 -3.875 0.000189202
0.125 -3.75 0.00041992
0.125 -3.625 0.000736514
0.125 -3.5 0.0011931
0.125 -3.375 0.00185983
0.125 -3.25 0.00282911
0.125 -3.125 0.00422195
0.125 -3 0.00619422
0.125 -2.875 0.00894236
0.125 -2.75 0.0127078
0.125 -2.625 0.017779
0.125 -2.5 0.0244901
0.125 -2.375 0.0332145
0.125 -2.25 0.0443526
0.125 -2.125 0.0583125
0.125 -2 0.0754831
0.125 -1.875 0.0962006
0.125 -1.75 0.120709
0.125 -1.625 0.149118
0.125 -1.5 0.181361
0.125 -1.375 0.217158
0.125 -1.25 0.255989
0.125 -1.125 0.297081
0.125 -1 0.339417
0.125 -0.875 0.381763
0.125 -0.75 0.42272
0.125 -0.625 0.460794
0.125 -0.5 0.494487
0.125 -0.375 0.522388
0.125 -0.25 0.543278
0.125 -0.125 0.556212
0.125 0 0.560591
0.125 0.125 0.556212
0.125 0.25 0.543278
0.125 0.375 0.522388
0.125 0.5 0.494487
0.125 0.625 0.460794
0.125 0.75 0.42272
0.125 0.875 0.381763
0.125 1 0.339417
0.125 1.125 0.297081
0.125 1.25 0.255989
0.125 1.375 0.217158
0.125 1.5 0.181361
0.125 1.625 0.149118
0.125 1.75 0.120709
0.125 1.875 0.0962006
0.125 2 0.0754831
0.125 2.125 0.0583125
0.125 2.25 0.0443526
0.125 2.375 0.0332145
0.125 2.5 0.0244901
0.125 2.625 0.017779
0.125 2.75 0.0127078
0.125 2.875 0.00894236
0.125 3 0.00619422
0.125 3.125 0.00422195
0.125 3.25 0.00282911
0.125 3.375 0.00185983
0.125 3.5 0.0011931
0.125 3.625 0.000736514
0.125 3.75 0.00041992
0.125 3.875 0.000189202
0.125 4 0

0.25 -4 0
0.25 -3.875 0.000184807
0.25 -3.75 0.000410165
0.25 -3.625 0.000719404
0.25 -3.5 0.00116538
0.25 -3.375 0.00181662
0.25 -3.25 0.00276339
0.25 -3.125 0.00412388
0.25 -3 0.00605033
0.25 -2.875 0.00873463
0.25 -2.75 0.0124126
0.25 -2.625 0.017366
0.25 -2.5 0.0239212
0.25 -2.375 0.0324429
0.25 -2.25 0.0433223
0.25 -2.125 0.0569579
0.25 -2 0.0737296
0.25 -1.875 0.0939658
0.25 -1.75 0.117905
0.25 -1.625 0.145654
0.25 -1.5 0.177148
0.25 -1.375 0.212113
0.25 -1.25 0.250042
0.25 -1.125 0.29018
0.25 -1 0.331532
0.25 -0.875 0.372895
0.25 -0.75 0.4129
0.25 -0.625 0.45009
0.25 -0.5 0.482999
0.25 -0.375 0.510253
0.25 -0.25 0.530658
0.25 -0.125 0.543291
0.25 0 0.547568
0.25 0.125 0.543291
0.25 0.25 0.530658
0.25 0.375 0.510253
0.25 0.5 0.482999
0.25 0.625 0.45009
0.25 0.75 0.4129
0.25 0.875 0.372895
0.25 1 0.331532
0.25 1.125 0.29018
0.25 1.25 0.250042
0.25 1.375 0.212113
0.25 1.5 0.177148
0.25 1.625 0.145654
0.25 1.75 0.117905
0.25 1.875 0.0939658
0.25 2 0.0737296
0.25 2.125 0.0569579
0.25 2.25 0.0433223
0.25 2.375 0.0324429
0.25 2.5 0.0239212
0.25 2.625 0.017366
0.25 2.75 0.0124126
0.25 2.875 0.00873463
0.25 3 0.00605033
0.25 3.125 0.00412388
0.25 3.25 0.00276339
0.25 3.375 0.00181662
0.25 3.5 0.00116538
0.25 3.625 0.000719404
0.25 3.75 0.000410165
0.25 3.875 0.000184807
0.25 4 0

0.375 -4 0
0.375 -3.875 0.000177707
0.375 -3.75 0.000394408
0.375 -3.625 0.000691768
0.375 -3.5 0.00112061
0.375 -3.375 0.00174684
0.375 -3.25 0.00265723
0.375 -3.125 0.00396546
0.375 -3 0.00581791
0.375 -2.875 0.00839908
0.375 -2.75 0.0119358
0.375 -2.625 0.0166989
0.375 -2.5 0.0230022
0.375 -2.375 0.0311966
0.375 -2.25 0.0416581
0.375 -2.125 0.0547699
0.375 -2 0.0708973
0.375 -1.875 0.0903561
0.375 -1.75 0.113376
0.375 -1.625 0.140059
0.375 -1.5 0.170343
0.375 -1.375 0.203965
0.375 -1.25 0.240437
0.375 -1.125 0.279032
0.375 -1 0.318796
0.375 -0.875 0.35857
0.375 -0.75 0.397038
0.375 -0.625 0.4328
0.375 -0.5 0.464445
0.375 -0.375 0.490652
0.375 -0.25 0.510272
0.375 -0.125 0.52242
0.375 0 0.526533
0.375 0.125 0.52242
0.375 0.25 0.510272
0.375 0.375 0.490652
0.375 0.5 0.464445
0.375 0.625 0.4328
0.375 0.75 0.397038
0.375 0.875 0.35857
0.375 1 0.318796
0.375 1.125 0.279032
0.375 1.25 0.240437
0.375 1.375 0.203965
0.375 1.5 0.170343
0.375 1.625 0.140059
0.375 1.75 0.113376
0.375 1.875 0.0903561
0.375 2 0.0708973
0.375 2.125 0.0547699
0.375 2.25 0.0416581
0.375 2.375 0.0311966
0.375 2.5 0.0230022
0.375 2.625 0.0166989
0.375 2.75 0.0119358
0.375 2.875 0.00839908
0.375 3 0.00581791
0.375 3.125 0.00396546
0.375 3.25 0.00265723
0.375 3.375 0.00174684
0.375 3.5 0.00112061
0.375 3.625 0.000691768
0.375 3.75 0.000394408
0.375 3.875 0.000177707
0.375 4 0

0.5 -4 0
0.5 -3.875 0.000168225
0.5 -3.75 0.000373362
0.5 -3.625 0.000654854
0.5 -3.5 0.00106082
0.5 -3.375 0.00165362
0.5 -3.25 0.00251544
0.5 -3.125 0.00375385
0.5 -3 0.00550745
0.5 -2.875 0.0079509
0.5 -2.75 0.0112988
0.5 -2.625 0.0158078
0.5 -2.5 0.0217748
0.5 -2.375 0.0295319
0.5 -2.25 0.0394351
0.5 -2.125 0.0518473
0.5 -2 0.0671141
0.5 -1.875 0.0855346
0.5 -1.75 0.107326
0.5 -1.625 0.132585
0.5 -1.5 0.161253
0.5 -1.375 0.193081
0.5 -1.25 0.227607
0.5 -1.125 0.264143
0.5 -1 0.301785
0.5 -0.875 0.339436
0.5 -0.75 0.375852
0.5 -0.625 0.409705
0.5 -0.5 0.439662
0.5 -0.375 0.46447
0.5 -0.25 0.483044
0.5 -0.125 0.494543
0.5 0 0.498437
0.5 0.125 0.494543
0.5 0.25 0.483044
0.5 0.375 0.46447
0.5 0.5 0.439662
0.5 0.625 0.409705
0.5 0.75 0.375852
0.5 0.875 0.339436
0.5 1 0.301785
0.5 1.125 0.264143
0.5 1.25 0.227607
0.5 1.375 0.193081
0.5 1.5 0.161253
0.5 1.625 0.132585
0.5 1.75 0.107326
0.5 1.875 0.0855346
0.5 2 0.0671141
0.5 2.125 0.0518473
0.5 2.25 0.0394351
0.5 2.375 0.0295319
0.5 2.5 0.0217748
0.5 2.625 0.0158078
0.5 2.75 0.0112988
0.5 2.875 0.0079509
0.5 3 0.00550745
0.5 3.125 0.00375385
0.5 3.25 0.00251544
0.5 3.375 0.00165362
0.5 3.5 0.00106082
0.5 3.625 0.000654854
0.5 3.75 0.000373362
0.5 3.875 0.000168225
0.5 4 0

0.625 -4 0
0.625 -3.875 0.000156773
0.625 -3.75 0.000347946
0.625 -3.625 0.000610277
0.625 -3.5 0.000988604
0.625 -3.375 0.00154106
0.625 -3.25 0.00234421
0.625 -3.125 0.00349832
0.625 -3 0.00513255
0.625 -2.875 0.00740966
0.625 -2.75 0.0105297
0.625 -2.625 0.0147317
0.625 -2.5 0.0202925
0.625 -2.375 0.0275216
0.625 -2.25 0.0367507
0.625 -2.125 0.0483179
0.625 -2 0.0625455
0.625 -1.875 0.079712
0.625 -1.75 0.10002
0.625 -1.625 0.12356
0.625 -1.5 0.150276
0.625 -1.375 0.179938
0.625 -1.25 0.212113
0.625 -1.125 0.246162
0.625 -1 0.281242
0.625 -0.875 0.31633
0.625 -0.75 0.350267
0.625 -0.625 0.381815
0.625 -0.5 0.409733
0.625 -0.375 0.432852
0.625 -0.25 0.450162
0.625 -0.125 0.460878
0.625 0 0.464507
0.625 0.125 0.460878
0.625 0.25 0.450162
0.625 0.375 0.432852
0.625 0.5 0.409733
0.625 0.625 0.381815
0.625 0.75 0.350267
0.625 0.875 0.31633
0.625 1 0.281242
0.625 1.125 0.246162
0.625 1.25 0.212113
0.625 1.375 0.179938
0.625 1.5 0.150276
0.625 1.625 0.12356
0.625 1.75 0.10002
0.625 1.875 0.079712
0.625 2 0.0625455
0.625 2.125 0.0483179
0.625 2.25 0.0367507
0.625 2.375 0.0275216
0.625 2.5 0.0202925
0.625 2.625 0.0147317
0.625 2.75 0.0105297
0.625 2.875 0.00740966
0.625 3 0.00513255
0.625 3.125 0.00349832
0.625 3.25 0.00234421
0.625 3.375 0.00154106
0.625 3.5 0.000988604
0.625 3.625 0.000610277
0.625 3.75 0.000347946
0.625 3.875 0.000156773
0.625 4 0

0.75 -4 0
0.75 -3.875 0.000143831
0.75 -3.75 0.000319223
0.75 -3.625 0.000559898
0.75 -3.5 0.000906994
0.75 -3.375 0.00141384
0.75 -3.25 0.00215069
0.75 -3.125 0.00320953
0.75 -3 0.00470885
0.75 -2.875 0.00679799
0.75 -2.75 0.00966047
0.75 -2.625 0.0135156
0.75 -2.5 0.0186174
0.75 -2.375 0.0252497
0.75 -2.25 0.0337169
0.75 -2.125 0.0443292
0.75 -2 0.0573823
0.75 -1.875 0.0731317
0.75 -1.75 0.0917631
0.75 -1.625 0.11336
0.75 -1.5 0.137871
0.75 -1.375 0.165084
0.75 -1.25 0.194603
0.75 -1.125 0.225841
0.75 -1 0.258025
0.75 -0.875 0.290217
0.75 -0.75 0.321352
0.75 -0.625 0.350296
0.75 -0.5 0.375909
0.75 -0.375 0.39712
0.75 -0.25 0.413
0.75 -0.125 0.422832
0.75 0 0.426161
0.75 0.125 0.422832
0.75 0.25 0.413
0.75 0.375 0.39712
0.75 0.5 0.375909
0.75 0.625 0.350296
0.75 0.75 0.321352
0.75 0.875 0.290217
0.75 1 0.258025
0.75 1.125 0.225841
0.75 1.25 0.194603
0.75 1.375 0.165084
0.75 1.5 0.137871
0.75 1.625 0.11336
0.75 1.75 0.0917631
0.75 1.875 0.0731317
0.75 2 0.0573823
0.75 2.125 0.0443292
0.75 2.25 0.0337169
0.75 2.375 0.0252497
0.75 2.5 0.0186174
0.75 2.625 0.0135156
0.75 2.75 0.00966047
0.75 2.875 0.00679799
0.75 3 0.00470885
0.75 3.125 0.00320953
0.75 3.25 0.00215069
0.75 3.375 0.00141384
0.75 3.5 0.000906994
0.75 3.625 0.000559898
0.75 3.75 0.000319223
0.75 3.875 0.000143831
0.75 4 0

0.875 -4 0
0.875 -3.875 0.000129909
0.875 -3.75 0.000288323
0.875 -3.625 0.0005057
0.875 -3.5 0.000819198
0.875 -3.375 0.00127698
0.875 -3.25 0.0019425
0.875 -3.125 0.00289885
0.875 -3 0.00425304
0.875 -2.875 0.00613994
0.875 -2.75 0.00872534
0.875 -2.625 0.0122073
0.875 -2.5 0.0168152
0.875 -2.375 0.0228055
0.875 -2.25 0.0304531
0.875 -2.125 0.0400382
0.875 -2 0.0518277
0.875 -1.875 0.0660526
0.875 -1.75 0.0828805
0.875 -1.625 0.102387
0.875 -1.5 0.124525
0.875 -1.375 0.149104
0.875 -1.25 0.175765
0.875 -1.125 0.20398
0.875 -1 0.233048
0.875 -0.875 0.262124
0.875 -0.75 0.290245
0.875 -0.625 0.316387
0.875 -0.5 0.339521
0.875 -0.375 0.358679
0.875 -0.25 0.373022
0.875 -0.125 0.381902
0.875 0 0.384909
0.875 0.125 0.381902
0.875 0.25 0.373022
0.875 0.375 0.358679
0.875 0.5 0.339521
0.875 0.625 0.316387
0.875 0.75 0.290245
0.875 0.875 0.262124
0.875 1 0.233048
0.875 1.125 0.20398
0.875 1.25 0.175765
0.875 1.375 0.149104
0.875 1.5 0.124525
0.875 1.625 0.102387
0.875 1.75 0.0828805
0.875 1.875 0.0660526
0.875 2 0.0518277
0.875 2.125 0.0400382
0.875 2.25 0.0304531
0.875 2.375 0.0228055
0.875 2.5 0.0168152
0.875 2.625 0.0122073
0.875 2.75 0.00872534
0.875 2.875 0.00613994
0.875 3 0.00425304
0.875 3.125 0.00289885
0.875 3.25 0.0019425
0.875 3.375 0.00127698
0.875 3.5 0.000819198
0.875 3.625 0.0005057
0.875 3.75 0.000288323
0.875 3.875 0.000129909
0.875 4 0

1 -4 0
1 -3.875 0.000115512
1 -3.75 0.00025637
1 -3.625 0.000449658
1 -3.5 0.000728413
1 -3.375 0.00113547
1 -3.25 0.00172723
1 -3.125 0.0025776
1 -3 0.00378171
1 -2.875 0.00545951
1 -2.75 0.00775838
1 -2.625 0.0108545
1 -2.5 0.0149517
1 -2.375 0.0202782
1 -2.25 0.0270783
1 -2.125 0.0356011
1 -2 0.0460841
1 -1.875 0.0587326
1 -1.75 0.0736955
1 -1.625 0.0910399
1 -1.5 0.110725
1 -1.375 0.13258
1 -1.25 0.156287
1 -1.125 0.181374
1 -1 0.207222
1 -0.875 0.233075
1 -0.75 0.25808
1 -0.625 0.281325
1 -0.5 0.301895
1 -0.375 0.31893
1 -0.25 0.331683
1 -0.125 0.339579
1 0 0.342253
1 0.125 0.339579
1 0.25 0.331683
1 0.375 0.31893
1 0.5 0.301895
1 0.625 0.281325
1 0.75 0.25808
1 0.875 0.233075
1 1 0.207222
1 1.125 0.181374
1 1.25 0.156287
1 1.375 0.13258
1 1.5 0.110725
1 1.625 0.0910399
1 1.75 0.0736955
1 1.875 0.0587326
1 2 0.0460841
1 2.125 0.0356011
1 2.25 0.0270783
1 2.375 0.0202782
1 2.5 0.0149517
1 2.625 0.0108545
1 2.75 0.00775838
1 2.875 0.00545951
1 3 0.00378171
1 3.125 0.0025776
1 3.25 0.00172723
1 3.375 0.00113547
1 3.5 0.000728413
1 3.625 0.000449658
1 3.75 0.00025637
1 3.875 0.000115512
1 4 0

1.125 -4 0
1.125 -3.875 0.000101117
1.125 -3.75 0.000224422
1.125 -3.625 0.000393622
1.125 -3.5 0.000637639
1.125 -3.375 0.000993965
1.125 -3.25 0.00151199
1.125 -3.125 0.00225638
1.125 -3 0.00331044
1.125 -2.875 0.00477915
1.125 -2.75 0.00679154
1.125 -2.625 0.0095018
1.125 -2.5 0.0130885
1.125 -2.375 0.0177511
1.125 -2.25 0.0237038
1.125 -2.125 0.0311645
1.125 -2 0.0403411
1.125 -1.875 0.0514134
1.125 -1.75 0.0645117
1.125 -1.625 0.0796946
1.125 -1.5 0.0969265
1.125 -1.375 0.116058
1.125 -1.25 0.13681
1.125 -1.125 0.158772
1.125 -1 0.181398
1.125 -0.875 0.204029
1.125 -0.75 0.225918
1.125 -0.625 0.246267
1.125 -0.5 0.264273
1.125 -0.375 0.279185
1.125 -0.25 0.290349
1.125 -0.125 0.297261
1.125 0 0.299602
1.125 0.125 0.297261
1.125 0.25 0.290349
1.125 0.375 0.279185
1.125 0.5 0.264273
1.125 0.625 0.246267
1.125 0.75 0.225918
1.125 0.875 0.204029
1.125 1 0.181398
1.125 1.125 0.158772
1.125 1.25 0.13681
1.125 1.375 0.116058
1.125 1.5 0.0969265
1.125 1.625 0.0796946
1.125 1.75 0.0645117
1.125 1.875 0.0514134
1.125 2 0.0403411
1.125 2.125 0.0311645
1.125 2.25 0.0237038
1.125 2.375 0.0177511
1.125 2.5 0.0130885
1.125 2.625 0.0095018
1.125 2.75 0.00679154
1.125 2.875 0.00477915
1.125 3 0.00331044
1.125 3.125 0.00225638
1.125 3.25 0.00151199
1.125 3.375 0.000993965
1.125 3.5 0.000637639
1.125 3.625 0.000393622
1.125 3.75 0.000224422
1.125 3.875 0.000101117
1.125 4 0

1.25 -4 0
1.25 -3.875 8.7143e-05
1.25 -3.75 0.000193408
1.25 -3.625 0.000339225
1.25 -3.5 0.00054952
1.25 -3.375 0.000856603
1.25 -3.25 0.00130304
1.25 -3.125 0.00194456
1.25 -3 0.00285295
1.25 -2.875 0.00411869
1.25 -2.75 0.00585298
1.25 -2.625 0.00818869
1.25 -2.5 0.0112797
1.25 -2.375 0.015298
1.25 -2.25 0.020428
1.25 -2.125 0.0268577
1.25 -2 0.0347662
1.25 -1.875 0.0443083
1.25 -1.75 0.0555964
1.25 -1.625 0.0686811
1.25 -1.5 0.0835317
1.25 -1.375 0.100019
1.25 -1.25 0.117904
1.25 -1.125 0.13683
1.25 -1 0.156329
1.25 -0.875 0.175833
1.25 -0.75 0.194697
1.25 -0.625 0.212234
1.25 -0.5 0.227752
1.25 -0.375 0.240603
1.25 -0.25 0.250224
1.25 -0.125 0.256181
1.25 0 0.258198
1.25 0.125 0.256181
1.25 0.25 0.250224
1.25 0.375 0.240603
1.25 0.5 0.227752
1.25 0.625 0.212234
1.25 0.75 0.194697
1.25 0.875 0.175833
1.25 1 0.156329
1.25 1.125 0.13683
1.25 1.25 0.117904
1.25 1.375 0.100019
1.25 1.5 0.0835317
1.25 1.625 0.0686811
1.25 1.75 0.0555964
1.25 1.875 0.0443083
1.25 2 0.0347662
1.25 2.125 0.0268577
1.25 2.25 0.020428
1.25 2.375 0.015298
1.25 2.5 0.0112797
1.25 2.625 0.00818869
1.25 2.75 0.00585298
1.25 2.875 0.00411869
1.25 3 0.00285295
1.25 3.125 0.00194456
1.25 3.25 0.00130304
1.25 3.375 0.000856603
1.25 3.5 0.00054952
1.25 3.625 0.000339225
1.25 3.75 0.000193408
1.25 3.875 8.7143e-05
1.25 4 0

1.375 -4 0
1.375 -3.875 7.39361e-05
1.375 -3.75 0.000164096
1.375 -3.625 0.000287814
1.375 -3.5 0.000466238
1.375 -3.375 0.000726781
1.375 -3.25 0.00110556
1.375 -3.125 0.00164985
1.375 -3 0.00242057
1.375 -2.875 0.00349449
1.375 -2.75 0.00496594
1.375 -2.625 0.00694766
1.375 -2.5 0.00957021
1.375 -2.375 0.0129795
1.375 -2.25 0.0173321
1.375 -2.125 0.0227873
1.375 -2 0.0294972
1.375 -1.875 0.0375932
1.375 -1.75 0.0471706
1.375 -1.625 0.0582722
1.375 -1.5 0.0708721
1.375 -1.375 0.0848608
1.375 -1.25 0.100035
1.375 -1.125 0.116093
1.375 -1 0.132637
1.375 -0.875 0.149185
1.375 -0.75 0.16519
1.375 -0.625 0.180069
1.375 -0.5 0.193235
1.375 -0.375 0.204138
1.375 -0.25 0.212302
1.375 -0.125 0.217356
1.375 0 0.219067
1.375 0.125 0.217356
1.375 0.25 0.212302
1.375 0.375 0.204138
1.375 0.5 0.193235
1.375 0.625 0.180069
1.375 0.75 0.16519
1.375 0.875 0.149185
1.375 1 0.132637
1.375 1.125 0.116093
1.375 1.25 0.100035
1.375 1.375 0.0848608
1.375 1.5 0.0708721
1.375 1.625 0.0582722
1.375 1.75 0.0471706
1.375 1.875 0.0375932
1.375 2 0.0294972
1.375 2.125 0.0227873
1.375 2.25 0.0173321
1.375 2.375 0.0129795
1.375 2.5 0.00957021
1.375 2.625 0.00694766
1.375 2.75 0.00496594
1.375 2.875 0.00349449
1.375 3 0.00242057
1.375 3.125 0.00164985
1.375 3.25 0.00110556
1.375 3.375 0.000726781
1.375 3.5 0.000466238
1.375 3.625 0.000287814
1.375 3.75 0.000164096
1.375 3.875 7.39361e-05
1.375 4 0

1.5 -4 0
1.5 -3.875 6.17591e-05
1.5 -3.75 0.00013707
1.5 -3.625 0.000240412
1.5 -3.5 0.00038945
1.5 -3.375 0.000607082
1.5 -3.25 0.000923474
1.5 -3.125 0.00137812
1.5 -3 0.00202191
1.5 -2.875 0.00291895
1.5 -2.75 0.00414806
1.5 -2.625 0.0058034
1.5 -2.5 0.00799403
1.5 -2.375 0.0108418
1.5 -2.25 0.0144775
1.5 -2.125 0.0190343
1.5 -2 0.0246391
1.5 -1.875 0.0314017
1.5 -1.75 0.0394017
1.5 -1.625 0.048675
1.5 -1.5 0.0591997
1.5 -1.375 0.0708844
1.5 -1.25 0.0835595
1.5 -1.125 0.0969728
1.5 -1 0.110792
1.5 -0.875 0.124615
1.5 -0.75 0.137984
1.5 -0.625 0.150412
1.5 -0.5 0.16141
1.5 -0.375 0.170517
1.5 -0.25 0.177336
1.5 -0.125 0.181558
1.5 0 0.182987
1.5 0.125 0.181558
1.5 0.25 0.177336
1.5 0.375 0.170517
1.5 0.5 0.16141
1.5 0.625 0.150412
1.5 0.75 0.137984
1.5 0.875 0.124615
1.5 1 0.110792
1.5 1.125 0.0969728
1.5 1.25 0.0835595
1.5 1.375 0.0708844
1.5 1.5 0.0591997
1.5 1.625 0.048675
1.5 1.75 0.0394017
1.5 1.875 0.0314017
1.5 2 0.0246391
1.5 2.125 0.0190343
1.5 2.25 0.0144775
1.5 2.375 0.0108418
1.5 2.5 0.00799403
1.5 2.625 0.0058034
1.5 2.75 0.00414806
1.5 2.875 0.00291895
1.5 3 0.00202191
1.5 3.125 0.00137812
1.5 3.25 0.000923474
1.5 3.375 0.000607082
1.5 3.5 0.00038945
1.5 3.625 0.000240412
1.5 3.75 0.00013707
1.5 3.875 6.17591e-05
1.5 4 0

1.625 -4 0
1.625 -3.875 5.07889e-05
1.625 -3.75 0.000112722
1.625 -3.625 0.000197708
1.625 -3.5 0.000320273
1.625 -3.375 0.000499248
1.625 -3.25 0.00075944
1.625 -3.125 0.00113333
1.625 -3 0.00166276
1.625 -2.875 0.00240047
1.625 -2.75 0.00341125
1.625 -2.625 0.00477255
1.625 -2.5 0.00657407
1.625 -2.375 0.00891603
1.625 -2.25 0.0119059
1.625 -2.125 0.0156533
1.625 -2 0.0202625
1.625 -1.875 0.0258239
1.625 -1.75 0.0324029
1.625 -1.625 0.0400289
1.625 -1.5 0.0486842
1.625 -1.375 0.0582934
1.625 -1.25 0.068717
1.625 -1.125 0.0797477
1.625 -1 0.0911123
1.625 -0.875 0.10248
1.625 -0.75 0.113474
1.625 -0.625 0.123695
1.625 -0.5 0.132739
1.625 -0.375 0.140229
1.625 -0.25 0.145836
1.625 -0.125 0.149308
1.625 0 0.150484
1.625 0.125 0.149308
1.625 0.25 0.145836
1.625 0.375 0.140229
1.625 0.5 0.132739
1.625 0.625 0.123695
1.625 0.75 0.113474
1.625 0.875 0.10248
1.625 1 0.0911123
1.625 1.125 0.0797477
1.625 1.25 0.068717
1.625 1.375 0.0582934
1.625 1.5 0.0486842
1.625 1.625 0.0400289
1.625 1.75 0.0324029
1.625 1.875 0.0258239
1.625 2 0.0202625
1.625 2.125 0.0156533
1.625 2.25 0.0119059
1.625 2.375 0.00891603
1.625 2.5 0.00657407
1.625 2.625 0.00477255
1.625 2.75 0.00341125
1.625 2.875 0.00240047
1.625 3 0.00166276
1.625 3.125 0.00113333
1.625 3.25 0.00075944
1.625 3.375 0.000499248
1.625 3.5 0.000320273
1.625 3.625 0.000197708
1.625 3.75 0.000112722
1.625 3.875 5.07889e-05
1.625 4 0

1.75 -4 0
1.75 -3.875 4.11213e-05
1.75 -3.75 9.12658e-05
1.75 -3.625 0.000160075
1.75 -3.5 0.000259309
1.75 -3.375 0.000404217
1.75 -3.25 0.000614881
1.75 -3.125 0.000917603
1.75 -3 0.00134626
1.75 -2.875 0.00194354
1.75 -2.75 0.00276192
1.75 -2.625 0.0038641
1.75 -2.5 0.0053227
1.75 -2.375 0.00721887
1.75 -2.25 0.00963964
1.75 -2.125 0.0126737
1.75 -2 0.0164056
1.75 -1.875 0.0209083
1.75 -1.75 0.026235
1.75 -1.625 0.0324095
1.75 -1.5 0.0394172
1.75 -1.375 0.0471973
1.75 -1.25 0.0556368
1.75 -1.125 0.0645678
1.75 -1 0.0737692
1.75 -0.875 0.0829728
1.75 -0.75 0.0918743
1.75 -0.625 0.100149
1.75 -0.5 0.107472
1.75 -0.375 0.113536
1.75 -0.25 0.118077
1.75 -0.125 0.120888
1.75 0 0.121839
1.75 0.125 0.120888
1.75 0.25 0.118077
1.75 0.375 0.113536
1.75 0.5 0.107472
1.75 0.625 0.100149
1.75 0.75 0.0918743
1.75 0.875 0.0829728
1.75 1 0.0737692
1.75 1.125 0.0645678
1.75 1.25 0.0556368
1.75 1.375 0.0471973
1.75 1.5 0.0394172
1.75 1.625 0.0324095
1.75 1.75 0.026235
1.75 1.875 0.0209083
1.75 2 0.0164056
1.75 2.125 0.0126737
1.75 2.25 0.00963964
1.75 2.375 0.00721887
1.75 2.5 0.0053227
1.75 2.625 0.0038641
1.75 2.75 0.00276192
1.75 2.875 0.00194354
1.75 3 0.00134626
1.75 3.125 0.000917603
1.75 3.25 0.000614881
1.75 3.375 0.000404217
1.75 3.5 0.000259309
1.75 3.625 0.000160075
1.75 3.75 9.12658e-05
1.75 3.875 4.11213e-05
1.75 4 0

1.875 -4 0
1.875 -3.875 3.27793e-05
1.875 -3.75 7.27513e-05
1.875 -3.625 0.000127601
1.875 -3.5 0.000206705
1.875 -3.375 0.000322216
1.875 -3.25 0.000490145
1.875 -3.125 0.000731456
1.875 -3 0.00107315
1.875 -2.875 0.00154927
1.875 -2.75 0.00220163
1.875 -2.625 0.00308022
1.875 -2.5 0.00424292
1.875 -2.375 0.00575443
1.875 -2.25 0.00768412
1.875 -2.125 0.0101027
1.875 -2 0.0130775
1.875 -1.875 0.0166668
1.875 -1.75 0.0209129
1.875 -1.625 0.0258348
1.875 -1.5 0.0314209
1.875 -1.375 0.0376227
1.875 -1.25 0.0443502
1.875 -1.125 0.0514694
1.875 -1 0.0588042
1.875 -0.875 0.0661407
1.875 -0.75 0.0732364
1.875 -0.625 0.0798328
1.875 -0.5 0.0856701
1.875 -0.375 0.0905041
1.875 -0.25 0.0941232
1.875 -0.125 0.096364
1.875 0 0.0971227
1.875 0.125 0.096364
1.875 0.25 0.0941232
1.875 0.375 0.0905041
1.875 0.5 0.0856701
1.875 0.625 0.0798328
1.875 0.75 0.0732364
1.875 0.875 0.0661407
1.875 1 0.0588042
1.875 1.125 0.0514694
1.875 1.25 0.0443502
1.875 1.375 0.0376227
1.875 1.5 0.0314209
1.875 1.625 0.0258348
1.875 1.75 0.0209129
1.875 1.875 0.0166668
1.875 2 0.0130775
1.875 2.125 0.0101027
1.875 2.25 0.00768412
1.875 2.375 0.00575443
1.875 2.5 0.00424292
1.875 2.625 0.00308022
1.875 2.75 0.00220163
1.875 2.875 0.00154927
1.875 3 0.00107315
1.875 3.125 0.000731456
1.875 3.25 0.000490145
1.875 3.375 0.000322216
1.875 3.5 0.000206705
1.875 3.625 0.000127601
1.875 3.75 7.27513e-05
1.875 3.875 3.27793e-05
1.875 4 0

2 -4 0
2 -3.875 2.57261e-05
2 -3.75 5.70972e-05
2 -3.625 0.000100145
2 -3.5 0.000162228
2 -3.375 0.000252884
2 -3.25 0.000384678
2 -3.125 0.000574066
2 -3 0.000842238
2 -2.875 0.00121591
2 -2.75 0.0017279
2 -2.625 0.00241744
2 -2.5 0.00332996
2 -2.375 0.00451623
2 -2.25 0.0060307
2 -2.125 0.00792885
2 -2 0.0102636
2 -1.875 0.0130805
2 -1.75 0.016413
2 -1.625 0.0202758
2 -1.5 0.02466
2 -1.375 0.0295273
2 -1.25 0.0348072
2 -1.125 0.0403946
2 -1 0.0461511
2 -0.875 0.0519089
2 -0.75 0.0574779
2 -0.625 0.0626549
2 -0.5 0.0672361
2 -0.375 0.07103
2 -0.25 0.0738704
2 -0.125 0.075629
2 0 0.0762244
2 0.125 0.075629
2 0.25 0.0738704
2 0.375 0.07103
2 0.5 0.0672361
2 0.625 0.0626549
2 0.75 0.0574779
2 0.875 0.0519089
2 1 0.0461511
2 1.125 0.0403946
2 1.25 0.0348072
2 1.375 0.0295273
2 1.5 0.02466
2 1.625 0.0202758
2 1.75 0.016413
2 1.875 0.0130805
2 2 0.0102636
2 2.125 0.00792885
2 2.25 0.0060307
2 2.375 0.00451623
2 2.5 0.00332996
2 2.625 0.00241744
2 2.75 0.0017279
2 2.875 0.00121591
2 3 0.000842238
2 3.125 0.000574066
2 3.25 0.000384678
2 3.375 0.000252884
2 3.5 0.000162228
2 3.625 0.000100145
2 3.75 5.70972e-05
2 3.875 2.57261e-05
2 4 0

2.125 -4 0
2.125 -3.875 1.9879e-05
2.125 -3.75 4.41199e-05
2.125 -3.625 7.73836e-05
2.125 -3.5 0.000125356
2.125 -3.375 0.000195407
2.125 -3.25 0.000297247
2.125 -3.125 0.00044359
2.125 -3 0.000650811
2.125 -2.875 0.000939551
2.125 -2.75 0.00133518
2.125 -2.625 0.00186799
2.125 -2.5 0.00257311
2.125 -2.375 0.00348976
2.125 -2.25 0.00466002
2.125 -2.125 0.00612675
2.125 -2 0.00793082
2.125 -1.875 0.0101076
2.125 -1.75 0.0126826
2.125 -1.625 0.0156675
2.125 -1.5 0.0190551
2.125 -1.375 0.0228162
2.125 -1.25 0.0268961
2.125 -1.125 0.0312135
2.125 -1 0.0356617
2.125 -0.875 0.0401109
2.125 -0.75 0.0444141
2.125 -0.625 0.0484145
2.125 -0.5 0.0519544
2.125 -0.375 0.054886
2.125 -0.25 0.0570809
2.125 -0.125 0.0584397
2.125 0 0.0588999
2.125 0.125 0.0584397
2.125 0.25 0.0570809
2.125 0.375 0.054886
2.125 0.5 0.0519544
2.125 0.625 0.0484145
2.125 0.75 0.0444141
2.125 0.875 0.0401109
2.125 1 0.0356617
2.125 1.125 0.0312135
2.125 1.25 0.0268961
2.125 1.375 0.0228162
2.125 1.5 0.0190551
2.125 1.625 0.0156675
2.125 1.75 0.0126826
2.125 1.875 0.0101076
2.125 2 0.00793082
2.125 2.125 0.00612675
2.125 2.25 0.00466002
2.125 2.375 0.00348976
2.125 2.5 0.00257311
2.125 2.625 0.00186799
2.125 2.75 0.00133518
2.125 2.875 0.000939551
2.125 3 0.000650811
2.125 3.125 0.00044359
2.125 3.25 0.000297247
2.125 3.375 0.000195407
2.125 3.5 0.000125356
2.125 3.625 7.73836e-05
2.125 3.75 4.41199e-05
2.125 3.875 1.9879e-05
2.125 4 0

2.25 -4 0
2.25 -3.875 1.5124e-05
2.25 -3.75 3.35665e-05
2.25 -3.625 5.88737e-05
2.25 -3.5 9.53711e-05
2.25 -3.375 0.000148666
2.25 -3.25 0.000226147
2.25 -3.125 0.000337484
2.25 -3 0.000495139
2.25 -2.875 0.000714813
2.25 -2.75 0.0010158
2.25 -2.625 0.00142118
2.25 -2.5 0.00195763
2.25 -2.375 0.00265502
2.25 -2.25 0.00354536
2.25 -2.125 0.00466125
2.25 -2 0.00603379
2.25 -1.875 0.00768985
2.25 -1.75 0.00964895
2.25 -1.625 0.0119198
2.25 -1.5 0.0144972
2.25 -1.375 0.0173587
2.25 -1.25 0.0204626
2.25 -1.125 0.0237473
2.25 -1 0.0271315
2.25 -0.875 0.0305165
2.25 -0.75 0.0337904
2.25 -0.625 0.0368339
2.25 -0.5 0.0395271
2.25 -0.375 0.0417574
2.25 -0.25 0.0434273
2.25 -0.125 0.0444611
2.25 0 0.0448112
2.25 0.125 0.0444611
2.25 0.25 0.0434273
2.25 0.375 0.0417574
2.25 0.5 0.0395271
2.25 0.625 0.0368339
2.25 0.75 0.0337904
2.25 0.875 0.0305165
2.25 1 0.0271315
2.25 1.125 0.0237473
2.25 1.25 0.0204626
2.25 1.375 0.0173587
2.25 1.5 0.0144972
2.25 1.625 0.0119198
2.25 1.75 0.00964895
2.25 1.875 0.00768985
2.25 2 0.00603379
2.25 2.125 0.00466125
2.25 2.25 0.00354536
2.25 2.375 0.00265502
2.25 2.5 0.00195763
2.25 2.625 0.00142118
2.25 2.75 0.0010158
2.25 2.875 0.000714813
2.25 3 0.000495139
2.25 3.125 0.000337484
2.25 3.25 0.000226147
2.25 3.375 0.000148666
2.25 3.5 9.53711e-05
2.25 3.625 5.88737e-05
2.25 3.75 3.35665e-05
2.25 3.875 1.5124e-05
2.25 4 0

2.375 -4 0
2.375 -3.875 1.13291e-05
2.375 -3.75 2.51441e-05
2.375 -3.625 4.41012e-05
2.375 -3.5 7.14408e-05
2.375 -3.375 0.000111363
2.375 -3.25 0.000169402
2.375 -3.125 0.000252803
2.375 -3 0.0003709
2.375 -2.875 0.000535453
2.375 -2.75 0.000760921
2.375 -2.625 0.00106458
2.375 -2.5 0.00146643
2.375 -2.375 0.00198883
2.375 -2.25 0.00265576
2.375 -2.125 0.00349165
2.375 -2 0.0045198
2.375 -1.875 0.00576033
2.375 -1.75 0.00722785
2.375 -1.625 0.00892894
2.375 -1.5 0.0108596
2.375 -1.375 0.0130031
2.375 -1.25 0.0153282
2.375 -1.125 0.0177887
2.375 -1 0.0203237
2.375 -0.875 0.0228593
2.375 -0.75 0.0253118
2.375 -0.625 0.0275916
2.375 -0.5 0.029609
2.375 -0.375 0.0312797
2.375 -0.25 0.0325306
2.375 -0.125 0.033305
2.375 0 0.0335672
2.375 0.125 0.033305
2.375 0.25 0.0325306
2.375 0.375 0.0312797
2.375 0.5 0.029609
2.375 0.625 0.0275916
2.375 0.75 0.0253118
2.375 0.875 0.0228593
2.375 1 0.0203237
2.375 1.125 0.0177887
2.375 1.25 0.0153282
2.375 1.375 0.0130031
2.375 1.5 0.0108596
2.375 1.625 0.00892894
2.375 1.75 0.00722785
2.375 1.875 0.00576033
2.375 2 0.0045198
2.375 2.125 0.00349165
2.375 2.25 0.00265576
2.375 2.375 0.00198883
2.375 2.5 0.00146643
2.375 2.625 0.00106458
2.375 2.75 0.000760921
2.375 2.875 0.000535453
2.375 3 0.0003709
2.375 3.125 0.000252803
2.375 3.25 0.000169402
2.375 3.375 0.000111363
2.375 3.5 7.14408e-05
2.375 3.625 4.41012e-05
2.375 3.75 2.51441e-05
2.375 3.875 1.13291e-05
2.375 4 0

2.5 -4 0
2.5 -3.875 8.35574e-06
2.5 -3.75 1.8545e-05
2.5 -3.625 3.25267e-05
2.5 -3.5 5.26909e-05
2.5 -3.375 8.21357e-05
2.5 -3.25 0.000124942
2.5 -3.125 0.000186454
2.5 -3 0.000273556
2.5 -2.875 0.000394922
2.5 -2.75 0.000561215
2.5 -2.625 0.000785175
2.5 -2.5 0.00108156
2.5 -2.375 0.00146685
2.5 -2.25 0.00195875
2.5 -2.125 0.00257526
2.5 -2 0.00333357
2.5 -1.875 0.00424851
2.5 -1.75 0.00533088
2.5 -1.625 0.00658552
2.5 -1.5 0.00800946
2.5 -1.375 0.00959037
2.5 -1.25 0.0113052
2.5 -1.125 0.01312
2.5 -1 0.0149897
2.5 -0.875 0.0168598
2.5 -0.75 0.0186686
2.5 -0.625 0.0203501
2.5 -0.5 0.021838
2.5 -0.375 0.0230703
2.5 -0.25 0.0239928
2.5 -0.125 0.024564
2.5 0 0.0247574
2.5 0.125 0.024564
2.5 0.25 0.0239928
2.5 0.375 0.0230703
2.5 0.5 0.021838
2.5 0.625 0.0203501
2.5 0.75 0.0186686
2.5 0.875 0.0168598
2.5 1 0.0149897
2.5 1.125 0.01312
2.5 1.25 0.0113052
2.5 1.375 0.00959037
2.5 1.5 0.00800946
2.5 1.625 0.00658552
2.5 1.75 0.00533088
2.5 1.875 0.00424851
2.5 2 0.00333357
2.5 2.125 0.00257526
2.5 2.25 0.00195875
2.5 2.375 0.00146685
2.5 2.5 0.00108156
2.5 2.625 0.000785175
2.5 2.75 0.000561215
2.5 2.875 0.000394922
2.5 3 0.000273556
2.5 3.125 0.000186454
2.5 3.25 0.000124942
2.5 3.375 8.21357e-05
2.5 3.5 5.26909e-05
2.5 3.625 3.25267e-05
2.5 3.75 1.8545e-05
2.5 3.875 8.35574e-06
2.5 4 0

2.625 -4 0
2.625 -3.875 6.06785e-06
2.625 -3.75 1.34672e-05
2.625 -3.625 2.36206e-05
2.625 -3.5 3.82636e-05
2.625 -3.375 5.96461e-05
2.625 -3.25 9.07317e-05
2.625 -3.125 0.000135401
2.625 -3 0.000198654
2.625 -2.875 0.000286788
2.625 -2.75 0.000407549
2.625 -2.625 0.000570186
2.625 -2.5 0.000785417
2.625 -2.375 0.00106522
2.625 -2.25 0.00142242
2.625 -2.125 0.00187013
2.625 -2 0.0024208
2.625 -1.875 0.00308523
2.625 -1.75 0.00387123
2.625 -1.625 0.00478233
2.625 -1.5 0.00581639
2.625 -1.375 0.00696443
2.625 -1.25 0.00820976
2.625 -1.125 0.00952762
2.625 -1 0.0108854
2.625 -0.875 0.0122434
2.625 -0.75 0.013557
2.625 -0.625 0.014778
2.625 -0.5 0.0158586
2.625 -0.375 0.0167534
2.625 -0.25 0.0174234
2.625 -0.125 0.0178381
2.625 0 0.0179786
2.625 0.125 0.0178381
2.625 0.25 0.0174234
2.625 0.375 0.0167534
2.625 0.5 0.0158586
2.625 0.625 0.014778
2.625 0.75 0.013557
2.625 0.875 0.0122434
2.625 1 0.0108854
2.625 1.125 0.00952762
2.625 1.25 0.00820976
2.625 1.375 0.00696443
2.625 1.5 0.00581639
2.625 1.625 0.00478233
2.625 1.75 0.00387123
2.625 1.875 0.00308523
2.625 2 0.0024208
2.625 2.125 0.00187013
2.625 2.25 0.00142242
2.625 2.375 0.00106522
2.625 2.5 0.000785417
2.625 2.625 0.000570186
2.625 2.75 0.000407549
2.625 2.875 0.000286788
2.625 3 0.000198654
2.625 3.125 0.000135401
2.625 3.25 9.07317e-05
2.625 3.375 5.96461e-05
2.625 3.5 3.82636e-05
2.625 3.625 2.36206e-05
2.625 3.75 1.34672e-05
2.625 3.875 6.06785e-06
2.625 4 0

2.75 -4 0
2.75 -3.875 4.33848e-06
2.75 -3.75 9.62893e-06
2.75 -3.625 1.68886e-05
2.75 -3.5 2.73582e-05
2.75 -3.375 4.26466e-05
2.75 -3.25 6.48726e-05
2.75 -3.125 9.68111e-05
2.75 -3 0.000142036
2.75 -2.875 0.000205052
2.75 -2.75 0.000291395
2.75 -2.625 0.00040768
2.75 -2.5 0.000561568
2.75 -2.375 0.000761622
2.75 -2.25 0.00101702
2.75 -2.125 0.00133713
2.75 -2 0.00173086
2.75 -1.875 0.00220592
2.75 -1.75 0.00276791
2.75 -1.625 0.00341934
2.75 -1.5 0.00415868
2.75 -1.375 0.00497952
2.75 -1.25 0.00586992
2.75 -1.125 0.00681219
2.75 -1 0.00778297
2.75 -0.875 0.00875398
2.75 -0.75 0.00969314
2.75 -0.625 0.0105662
2.75 -0.5 0.0113388
2.75 -0.375 0.0119786
2.75 -0.25 0.0124576
2.75 -0.125 0.0127542
2.75 0 0.0128546
2.75 0.125 0.0127542
2.75 0.25 0.0124576
2.75 0.375 0.0119786
2.75 0.5 0.0113388
2.75 0.625 0.0105662
2.75 0.75 0.00969314
2.75 0.875 0.00875398
2.75 1 0.00778297
2.75 1.125 0.00681219
2.75 1.25 0.00586992
2.75 1.375 0.00497952
2.75 1.5 0.00415868
2.75 1.625 0.00341934
2.75 1.75 0.00276791
2.75 1.875 0.00220592
2.75 2 0.00173086
2.75 2.125 0.00133713
2.75 2.25 0.00101702
2.75 2.375 0.000761622
2.75 2.5 0.000561568
2.75 2.625 0.00040768
2.75 2.75 0.000291395
2.75 2.875 0.000205052
2.75 3 0.000142036
2.75 3.125 9.68111e-05
2.75 3.25 6.48726e-05
2.75 3.375 4.26466e-05
2.75 3.5 2.73582e-05
2.75 3.625 1.68886e-05
2.75 3.75 9.62893e-06
2.75 3.875 4.33848e-06
2.75 4 0

2.875 -4 0
2.875 -3.875 3.05397e-06
2.875 -3.75 6.77806e-06
2.875 -3.625 1.18883e-05
2.875 -3.5 1.92582e-05
2.875 -3.375 3.00201e-05
2.875 -3.25 4.56656e-05
2.875 -3.125 6.81479e-05
2.875 -3 9.9983e-05
2.875 -2.875 0.000144342
2.875 -2.75 0.000205121
2.875 -2.625 0.000286977
2.875 -2.5 0.000395303
2.875 -2.375 0.000536126
2.875 -2.25 0.000715911
2.875 -2.125 0.000941242
2.875 -2 0.0012184
2.875 -1.875 0.00155281
2.875 -1.75 0.0019484
2.875 -1.625 0.00240697
2.875 -1.5 0.00292741
2.875 -1.375 0.00350522
2.875 -1.25 0.004132
2.875 -1.125 0.00479528
2.875 -1 0.00547864
2.875 -0.875 0.00616217
2.875 -0.75 0.00682326
2.875 -0.625 0.00743783
2.875 -0.5 0.00798167
2.875 -0.375 0.00843204
2.875 -0.25 0.00876923
2.875 -0.125 0.008978
2.875 0 0.00904868
2.875 0.125 0.008978
2.875 0.25 0.00876923
2.875 0.375 0.00843204
2.875 0.5 0.00798167
2.875 0.625 0.00743783
2.875 0.75 0.00682326
2.875 0.875 0.00616217
2.875 1 0.00547864
2.875 1.125 0.00479528
2.875 1.25 0.004132
2.875 1.375 0.00350522
2.875 1.5 0.00292741
2.875 1.625 0.00240697
2.875 1.75 0.0019484
2.875 1.875 0.00155281
2.875 2 0.0012184
2.875 2.125 0.000941242
2.875 2.25 0.000715911
2.875 2.375 0.000536126
2.875 2.5 0.000395303
2.875 2.625 0.000286977
2.875 2.75 0.000205121
2.875 2.875 0.000144342
2.875 3 9.9983e-05
2.875 3.125 6.81479e-05
2.875 3.25 4.56656e-05
2.875 3.375 3.00201e-05
2.875 3.5 1.92582e-05
2.875 3.625 1.18883e-05
2.875 3.75 6.77806e-06
2.875 3.875 3.05397e-06
2.875 4 0

3 -4 0
3 -3.875 2.11617e-06
3 -3.75 4.69668e-06
3 -3.625 8.2377e-06
3 -3.5 1.33445e-05
3 -3.375 2.08016e-05
3 -3.25 3.16428e-05
3 -3.125 4.72213e-05
3 -3 6.92806e-05
3 -2.875 0.000100018
3 -2.75 0.000142133
3 -2.625 0.000198853
3 -2.5 0.000273915
3 -2.375 0.000371495
3 -2.25 0.000496072
3 -2.125 0.000652209
3 -2 0.000844257
3 -1.875 0.00107598
3 -1.75 0.0013501
3 -1.625 0.00166784
3 -1.5 0.00202847
3 -1.375 0.00242885
3 -1.25 0.00286316
3 -1.125 0.00332277
3 -1 0.00379628
3 -0.875 0.00426991
3 -0.75 0.004728
3 -0.625 0.00515385
3 -0.5 0.00553069
3 -0.375 0.00584277
3 -0.25 0.00607641
3 -0.125 0.00622107
3 0 0.00627005
3 0.125 0.00622107
3 0.25 0.00607641
3 0.375 0.00584277
3 0.5 0.00553069
3 0.625 0.00515385
3 0.75 0.004728
3 0.875 0.00426991
3 1 0.00379628
3 1.125 0.00332277
3 1.25 0.00286316
3 1.375 0.00242885
3 1.5 0.00202847
3 1.625 0.00166784
3 1.75 0.0013501
3 1.875 0.00107598
3 2 0.000844257
3 2.125 0.000652209
3 2.25 0.000496072
3 2.375 0.000371495
3 2.5 0.000273915
3 2.625 0.000198853
3 2.75 0.000142133
3 2.875 0.000100018
3 3 6.92806e-05
3 3.125 4.72213e-05
3 3.25 3.16428e-05
3 3.375 2.08016e-05
3 3.5 1.33445e-05
3 3.625 8.2377e-06
3 3.75 4.69668e-06
3 3.875 2.11617e-06
3 4 0

3.125 -4 0
3.125 -3.875 1.44289e-06
3.125 -3.75 3.20239e-06
3.125 -3.625 5.61679e-06
3.125 -3.5 9.0988e-06
3.125 -3.375 1.41834e-05
3.125 -3.25 2.15753e-05
3.125 -3.125 3.21974e-05
3.125 -3 4.72383e-05
3.125 -2.875 6.81961e-05
3.125 -2.75 9.6912e-05
3.125 -2.625 0.000135586
3.125 -2.5 0.000186766
3.125 -2.375 0.0002533
3.125 -2.25 0.000338241
3.125 -2.125 0.000444702
3.125 -2 0.000575648
3.125 -1.875 0.000733644
3.125 -1.75 0.00092055
3.125 -1.625 0.0011372
3.125 -1.5 0.00138309
3.125 -1.375 0.00165609
3.125 -1.25 0.00195222
3.125 -1.125 0.00226559
3.125 -1 0.00258846
3.125 -0.875 0.0029114
3.125 -0.75 0.00322374
3.125 -0.625 0.0035141
3.125 -0.5 0.00377105
3.125 -0.375 0.00398383
3.125 -0.25 0.00414314
3.125 -0.125 0.00424177
3.125 0 0.00427517
3.125 0.125 0.00424177
3.125 0.25 0.00414314
3.125 0.375 0.00398383
3.125 0.5 0.00377105
3.125 0.625 0.0035141
3.125 0.75 0.00322374
3.125 0.875 0.0029114
3.125 1 0.00258846
3.125 1.125 0.00226559
3.125 1.25 0.00195222
3.125 1.375 0.00165609
3.125 1.5 0.00138309
3.125 1.625 0.0011372
3.125 1.75 0.00092055
3.125 1.875 0.000733644
3.125 2 0.000575648
3.125 2.125 0.000444702
3.125 2.25 0.000338241
3.125 2.375 0.0002533
3.125 2.5 0.000186766
3.125 2.625 0.000135586
3.125 2.75 9.6912e-05
3.125 2.875 6.81961e-05
3.125 3 4.72383e-05
3.125 3.125 3.21974e-05
3.125 3.25 2.15753e-05
3.125 3.375 1.41834e-05
3.125 3.5 9.0988e-06
3.125 3.625 5.61679e-06
3.125 3.75 3.20239e-06
3.125 3.875 1.44289e-06
3.125 4 0

3.25 -4 0
3.25 -3.875 9.67227e-07
3.25 -3.75 2.14669e-06
3.25 -3.625 3.76516e-06
3.25 -3.5 6.09929e-06
3.25 -3.375 9.5077e-06
3.25 -3.25 1.44628e-05
3.25 -3.125 2.15832e-05
3.25 -3 3.16658e-05
3.25 -2.875 4.57146e-05
3.25 -2.75 6.4964e-05
3.25 -2.625 9.08888e-05
3.25 -2.5 0.000125197
3.25 -2.375 0.000169797
3.25 -2.25 0.000226737
3.25 -2.125 0.000298102
3.25 -2 0.000385881
3.25 -1.875 0.000491791
3.25 -1.75 0.000617082
3.25 -1.625 0.000762313
3.25 -1.5 0.000927144
3.25 -1.375 0.00111014
3.25 -1.25 0.00130865
3.25 -1.125 0.00151872
3.25 -1 0.00173515
3.25 -0.875 0.00195163
3.25 -0.75 0.00216101
3.25 -0.625 0.00235565
3.25 -0.5 0.00252789
3.25 -0.375 0.00267052
3.25 -0.25 0.00277732
3.25 -0.125 0.00284343
3.25 0 0.00286582
3.25 0.125 0.00284343
3.25 0.25 0.00277732
3.25 0.375 0.00267052
3.25 0.5 0.00252789
3.25 0.625 0.00235565
3.25 0.75 0.00216101
3.25 0.875 0.00195163
3.25 1 0.00173515
3.25 1.125 0.00151872
3.25 1.25 0.00130865
3.25 1.375 0.00111014
3.25 1.5 0.000927144
3.25 1.625 0.000762313
3.25 1.75 0.000617082
3.25 1.875 0.000491791
3.25 2 0.000385881
3.25 2.125 0.000298102
3.25 2.25 0.000226737
3.25 2.375 0.000169797
3.25 2.5 0.000125197
3.25 2.625 9.08888e-05
3.25 2.75 6.4964e-05
3.25 2.875 4.57146e-05
3.25 3 3.16658e-05
3.25 3.125 2.15832e-05
3.25 3.25 1.44628e-05
3.25 3.375 9.5077e-06
3.25 3.5 6.09929e-06
3.25 3.625 3.76516e-06
3.25 3.75 2.14669e-06
3.25 3.875 9.67227e-07
3.25 4 0

3.375 -4 0
3.375 -3.875 6.3608e-07
3.375 -3.75 1.41173e-06
3.375 -3.625 2.47609e-06
3.375 -3.5 4.01109e-06
3.375 -3.375 6.25257e-06
3.375 -3.25 9.51122e-06
3.375 -3.125 1.41938e-05
3.375 -3 2.08244e-05
3.375 -2.875 3.00634e-05
3.375 -2.75 4.27225e-05
3.375 -2.625 5.97714e-05
3.375 -2.5 8.23336e-05
3.375 -2.375 0.000111664
3.375 -2.25 0.00014911
3.375 -2.125 0.000196042
3.375 -2 0.000253768
3.375 -1.875 0.000323418
3.375 -1.75 0.000405813
3.375 -1.625 0.000501322
3.375 -1.5 0.00060972
3.375 -1.375 0.000730066
3.375 -1.25 0.000860612
3.375 -1.125 0.00099876
3.375 -1 0.00114109
3.375 -0.875 0.00128345
3.375 -0.75 0.00142115
3.375 -0.625 0.00154915
3.375 -0.5 0.00166242
3.375 -0.375 0.00175622
3.375 -0.25 0.00182645
3.375 -0.125 0.00186993
3.375 0 0.00188466
3.375 0.125 0.00186993
3.375 0.25 0.00182645
3.375 0.375 0.00175622
3.375 0.5 0.00166242
3.375 0.625 0.00154915
3.375 0.75 0.00142115
3.375 0.875 0.00128345
3.375 1 0.00114109
3.375 1.125 0.00099876
3.375 1.25 0.000860612
3.375 1.375 0.000730066
3.375 1.5 0.00060972
3.375 1.625 0.000501322
3.375 1.75 0.000405813
3.375 1.875 0.000323418
3.375 2 0.000253768
3.375 2.125 0.000196042
3.375 2.25 0.00014911
3.375 2.375 0.000111664
3.375 2.5 8.23336e-05
3.375 2.625 5.97714e-05
3.375 2.75 4.27225e-05
3.375 2.875 3.00634e-05
3.375 3 2.08244e-05
3.375 3.125 1.41938e-05
3.375 3.25 9.51122e-06
3.375 3.375 6.25257e-06
3.375 3.5 4.01109e-06
3.375 3.625 2.47609e-06
3.375 3.75 1.41173e-06
3.375 3.875 6.3608e-07
3.375 4 0

3.5 -4 0
3.5 -3.875 4.082e-07
3.5 -3.75 9.0597e-07
3.5 -3.625 1.58902e-06
3.5 -3.5 2.57409e-06
3.5 -3.375 4.01255e-06
3.5 -3.25 6.10376e-06
3.5 -3.125 9.10879e-06
3.5 -3 1.33639e-05
3.5 -2.875 1.9293e-05
3.5 -2.75 2.74168e-05
3.5 -2.625 3.83579e-05
3.5 -2.5 5.2837e-05
3.5 -2.375 7.16598e-05
3.5 -2.25 9.56901e-05
3.5 -2.125 0.000125808
3.5 -2 0.000162854
3.5 -1.875 0.000207551
3.5 -1.75 0.000260428
3.5 -1.625 0.00032172
3.5 -1.5 0.000391284
3.5 -1.375 0.000468515
3.5 -1.25 0.000552291
3.5 -1.125 0.000640947
3.5 -1 0.000732287
3.5 -0.875 0.000823648
3.5 -0.75 0.000912011
3.5 -0.625 0.000994156
3.5 -0.5 0.00106685
3.5 -0.375 0.00112704
3.5 -0.25 0.00117211
3.5 -0.125 0.00120002
3.5 0 0.00120947
3.5 0.125 0.00120002
3.5 0.25 0.00117211
3.5 0.375 0.00112704
3.5 0.5 0.00106685
3.5 0.625 0.000994156
3.5 0.75 0.000912011
3.5 0.875 0.000823648
3.5 1 0.000732287
3.5 1.125 0.000640947
3.5 1.25 0.000552291
3.5 1.375 0.000468515
3.5 1.5 0.000391284
3.5 1.625 0.00032172
3.5 1.75 0.000260428
3.5 1.875 0.000207551
3.5 2 0.000162854
3.5 2.125 0.000125808
3.5 2.25 9.56901e-05
3.5 2.375 7.16598e-05
3.5 2.5 5.2837e-05
3.5 2.625 3.83579e-05
3.5 2.75 2.74168e-05
3.5 2.875 1.9293e-05
3.5 3 1.33639e-05
3.5 3.125 9.10879e-06
3.5 3.25 6.10376e-06
3.5 3.375 4.01255e-06
3.5 3.5 2.57409e-06
3.5 3.625 1.58902e-06
3.5 3.75 9.0597e-07
3.5 3.875 4.082e-07
3.5 4 0

3.625 -4 0
3.625 -3.875 2.52071e-07
3.625 -3.75 5.59454e-07
3.625 -3.625 9.81248e-07
3.625 -3.5 1.58955e-06
3.625 -3.375 2.47782e-06
3.625 -3.25 3.76919e-06
3.625 -3.125 5.62486e-06
3.625 -3 8.25249e-06
3.625 -2.875 1.19138e-05
3.625 -2.75 1.69304e-05
3.625 -2.625 2.36867e-05
3.625 -2.5 3.26279e-05
3.625 -2.375 4.42513e-05
3.625 -2.25 5.90905e-05
3.625 -2.125 7.76891e-05
3.625 -2 0.000100565
3.625 -1.875 0.000128167
3.625 -1.75 0.000160819
3.625 -1.625 0.000198668
3.625 -1.5 0.000241625
3.625 -1.375 0.000289317
3.625 -1.25 0.000341051
3.625 -1.125 0.000395797
3.625 -1 0.000452201
3.625 -0.875 0.000508618
3.625 -0.75 0.000563185
3.625 -0.625 0.00061391
3.625 -0.5 0.000658799
3.625 -0.375 0.000695972
3.625 -0.25 0.000723803
3.625 -0.125 0.000741034
3.625 0 0.000746869
3.625 0.125 0.000741034
3.625 0.25 0.000723803
3.625 0.375 0.000695972
3.625 0.5 0.000658799
3.625 0.625 0.00061391
3.625 0.75 0.000563185
3.625 0.875 0.000508618
3.625 1 0.000452201
3.625 1.125 0.000395797
3.625 1.25 0.000341051
3.625 1.375 0.000289317
3.625 1.5 0.000241625
3.625 1.625 0.000198668
3.625 1.75 0.000160819
3.625 1.875 0.000128167
3.625 2 0.000100565
3.625 2.125 7.76891e-05
3.625 2.25 5.90905e-05
3.625 2.375 4.42513e-05
3.625 2.5 3.26279e-05
3.625 2.625 2.36867e-05
3.625 2.75 1.69304e-05
3.625 2.875 1.19138e-05
3.625 3 8.25249e-06
3.625 3.125 5.62486e-06
3.625 3.25 3.76919e-06
3.625 3.375 2.47782e-06
3.625 3.5 1.58955e-06
3.625 3.625 9.81248e-07
3.625 3.75 5.59454e-07
3.625 3.875 2.52071e-07
3.625 4 0

3.75 -4 0
3.75 -3.875 1.43758e-07
3.75 -3.75 3.19061e-07
3.75 -3.625 5.59614e-07
3.75 -3.5 9.06534e-07
3.75 -3.375 1.41312e-06
3.75 -3.25 2.1496e-06
3.75 -3.125 3.2079e-06
3.75 -3 4.70646e-06
3.75 -2.875 6.79454e-06
3.75 -2.75 9.65557e-06
3.75 -2.625 1.35087e-05
3.75 -2.5 1.86079e-05
3.75 -2.375 2.52369e-05
3.75 -2.25 3.36998e-05
3.75 -2.125 4.43067e-05
3.75 -2 5.73532e-05
3.75 -1.875 7.30946e-05
3.75 -1.75 9.17165e-05
3.75 -1.625 0.000113302
3.75 -1.5 0.000137801
3.75 -1.375 0.000165
3.75 -1.25 0.000194504
3.75 -1.125 0.000225726
3.75 -1 0.000257894
3.75 -0.875 0.000290069
3.75 -0.75 0.000321189
3.75 -0.625 0.000350118
3.75 -0.5 0.000375718
3.75 -0.375 0.000396918
3.75 -0.25 0.000412791
3.75 -0.125 0.000422618
3.75 0 0.000425945
3.75 0.125 0.000422618
3.75 0.25 0.000412791
3.75 0.375 0.000396918
3.75 0.5 0.000375718
3.75 0.625 0.000350118
3.75 0.75 0.000321189
3.75 0.875 0.000290069
3.75 1 0.000257894
3.75 1.125 0.000225726
3.75 1.25 0.000194504
3.75 1.375 0.000165
3.75 1.5 0.000137801
3.75 1.625 0.000113302
3.75 1.75 9.17165e-05
3.75 1.875 7.30946e-05
3.75 2 5.73532e-05
3.75 2.125 4.43067e-05
3.75 2.25 3.36998e-05
3.75 2.375 2.52369e-05
3.75 2.5 1.86079e-05
3.75 2.625 1.35087e-05
3.75 2.75 9.65557e-06
3.75 2.875 6.79454e-06
3.75 3 4.70646e-06
3.75 3.125 3.2079e-06
3.75 3.25 2.1496e-06
3.75 3.375 1.41312e-06
3.75 3.5 9.06534e-07
3.75 3.625 5.59614e-07
3.75 3.75 3.19061e-07
3.75 3.875 1.43758e-07
3.75 4 0

3.875 -4 0
3.875 -3.875 6.47856e-08
3.875 -3.75 1.43787e-07
3.875 -3.625 2.52194e-07
3.875 -3.5 4.08535e-07
3.875 -3.375 6.36833e-07
3.875 -3.25 9.6873e-07
3.875 -3.125 1.44566e-06
3.875 -3 2.121e-06
3.875 -2.875 3.062e-06
3.875 -2.75 4.35134e-06
3.875 -2.625 6.0878e-06
3.875 -2.5 8.38578e-06
3.875 -2.375 1.13732e-05
3.875 -2.25 1.5187e-05
3.875 -2.125 1.99671e-05
3.875 -2 2.58466e-05
3.875 -1.875 3.29406e-05
3.875 -1.75 4.13326e-05
3.875 -1.625 5.10603e-05
3.875 -1.5 6.21008e-05
3.875 -1.375 7.43582e-05
3.875 -1.25 8.76545e-05
3.875 -1.125 0.000101725
3.875 -1 0.000116222
3.875 -0.875 0.000130722
3.875 -0.75 0.000144746
3.875 -0.625 0.000157783
3.875 -0.5 0.00016932
3.875 -0.375 0.000178874
3.875 -0.25 0.000186027
3.875 -0.125 0.000190455
3.875 0 0.000191955
3.875 0.125 0.000190455
3.875 0.25 0.000186027
3.875 0.375 0.000178874
3.875 0.5 0.00016932
3.875 0.625 0.000157783
3.875 0.75 0.000144746
3.875 0.875 0.000130722
3.875 1 0.000116222
3.875 1.125 0.000101725
3.875 1.25 8.76545e-05
3.875 1.375 7.43582e-05
3.875 1.5 6.21008e-05
3.875 1.625 5.10603e-05
3.875 1.75 4.13326e-05
3.875 1.875 3.29406e-05
3.875 2 2.58466e-05
3.875 2.125 1.99671e-05
3.875 2.25 1.5187e-05
3.875 2.375 1.13732e-05
3.875 2.5 8.38578e-06
3.875 2.625 6.0878e-06
3.875 2.75 4.35134e-06
3.875 2.875 3.062e-06
3.875 3 2.121e-06
3.875 3.125 1.44566e-06
3.875 3.25 9.6873e-07
3.875 3.375 6.36833e-07
3.875 3.5 4.08535e-07
3.875 3.625 2.52194e-07
3.875 3.75 1.43787e-07
3.875 3.875 6.47856e-08
3.875 4 0

4 -4 0
4 -3.875 0
4 -3.75 0
4 -3.625 0
4 -3.5 0
4 -3.375 0
4 -3.25 0
4 -3.125 0
4 -3 0
4 -2.875 0
4 -2.75 0
4 -2.625 0
4 -2.5 0
4 -2.375 0
4 -2.25 0
4 -2.125 0
4 -2 0
4 -1.875 0
4 -1.75 0
4 -1.625 0
4 -1.5 0
4 -1.375 0
4 -1.25 0
4 -1.125 0
4 -1 0
4 -0.875 0
4 -0.75 0
4 -0.625 0
4 -0.5 0
4 -0.375 0
4 -0.25 0
4 -0.125 0
4 0 0
4 0.125 0
4 0.25 0
4 0.375 0
4 0.5 0
4 0.625 0
4 0.75 0
4 0.875 0
4 1 0
4 1.125 0
4 1.25 0
4 1.375 0
4 1.5 0
4 1.625 0
4 1.75 0
4 1.875 0
4 2 0
4 2.125 0
4 2.25 0
4 2.375 0
4 2.5 0
4 2.625 0
4 2.75 0
4 2.875 0
4 3 0
4 3.125 0
4 3.25 0
4 3.375 0
4 3.5 0
4 3.625 0
4 3.75 0
4 3.875 0
4 4 0

