273.253 273.253 273.255 273.257 273.258 273.26 273.261 273.261 273.261 273.261 273.261 273.259 273.258 273.256 273.253 273.25 273.246 273.242 273.237 273.232 273.227 273.22 273.214 273.207 273.2 273.192 273.184 273.176 273.168 273.16 273.152 273.144 273.136 273.128 273.12 273.113 273.106 273.099 273.092 273.086 273.081 273.075 273.071 273.067 273.063 273.06 273.057 273.056 273.054 273.053 273.053
273.253 273.254 273.256 273.258 273.26 273.261 273.262 273.262 273.262 273.262 273.262 273.26 273.259 273.257 273.254 273.251 273.247 273.243 273.238 273.233 273.228 273.221 273.215 273.208 273.201 273.193 273.185 273.177 273.169 273.161 273.153 273.144 273.136 273.128 273.121 273.113 273.106 273.099 273.093 273.087 273.081 273.076 273.071 273.067 273.063 273.06 273.058 273.056 273.054 273.054 273.053
273.261 273.262 273.264 273.266 273.268 273.269 273.27 273.271 273.271 273.27 273.27 273.269 273.267 273.265 273.262 273.259 273.255 273.251 273.246 273.24 273.235 273.228 273.221 273.214 273.207 273.199 273.191 273.183 273.174 273.166 273.157 273.149 273.14 273.132 273.124 273.117 273.109 273.102 273.095 273.089 273.083 273.078 273.073 273.069 273.065 273.062 273.059 273.057 273.056 273.055 273.055
273.276 273.277 273.279 273.281 273.282 273.283 273.284 273.285 273.285 273.285 273.284 273.283 273.281 273.279 273.276 273.273 273.269 273.264 273.259 273.253 273.247 273.24 273.233 273.225 273.218 273.209 273.201 273.192 273.183 273.174 273.165 273.156 273.148 273.139 273.131 273.122 273.115 273.107 273.1 273.094 273.088 273.082 273.077 273.072 273.068 273.065 273.062 273.06 273.059 273.058 273.058
273.296 273.297 273.299 273.301 273.303 273.304 273.305 273.306 273.306 273.306 273.305 273.304 273.302 273.299 273.296 273.293 273.288 273.283 273.278 273.272 273.265 273.258 273.25 273.242 273.233 273.224 273.215 273.206 273.196 273.186 273.177 273.167 273.158 273.149 273.14 273.131 273.122 273.115 273.107 273.1 273.093 273.087 273.082 273.077 273.073 273.069 273.066 273.064 273.063 273.062 273.061
273.323 273.324 273.326 273.329 273.33 273.332 273.333 273.334 273.334 273.333 273.333 273.331 273.329 273.326 273.323 273.319 273.314 273.309 273.303 273.296 273.288 273.28 273.272 273.263 273.254 273.244 273.234 273.224 273.213 273.203 273.192 273.182 273.171 273.161 273.151 273.142 273.133 273.124 273.116 273.108 273.101 273.095 273.089 273.083 273.079 273.075 273.072 273.069 273.068 273.067 273.066
273.357 273.358 273.361 273.363 273.365 273.366 273.367 273.368 273.368 273.368 273.367 273.365 273.363 273.36 273.356 273.352 273.347 273.34 273.334 273.326 273.318 273.309 273.3 273.29 273.279 273.269 273.257 273.246 273.234 273.223 273.211 273.199 273.188 273.177 273.166 273.156 273.145 273.136 273.127 273.118 273.111 273.103 273.097 273.091 273.086 273.082 273.078 273.076 273.074 273.073 273.072
273.398 273.399 273.402 273.404 273.406 273.408 273.409 273.41 273.41 273.41 273.409 273.407 273.404 273.401 273.397 273.392 273.386 273.379 273.372 273.363 273.354 273.344 273.333 273.322 273.311 273.298 273.286 273.273 273.26 273.247 273.234 273.221 273.208 273.196 273.184 273.172 273.161 273.15 273.14 273.131 273.122 273.114 273.107 273.101 273.095 273.09 273.086 273.083 273.081 273.08 273.08
273.446 273.448 273.451 273.454 273.456 273.458 273.459 273.46 273.46 273.46 273.459 273.457 273.454 273.45 273.445 273.44 273.433 273.425 273.417 273.407 273.397 273.386 273.374 273.361 273.348 273.334 273.32 273.305 273.291 273.276 273.261 273.247 273.232 273.218 273.205 273.192 273.179 273.167 273.156 273.145 273.135 273.127 273.119 273.111 273.105 273.1 273.096 273.092 273.09 273.089 273.088
273.503 273.505 273.508 273.511 273.514 273.516 273.517 273.518 273.519 273.518 273.517 273.515 273.511 273.507 273.502 273.495 273.488 273.479 273.469 273.459 273.447 273.434 273.42 273.406 273.391 273.375 273.359 273.343 273.326 273.31 273.293 273.277 273.26 273.244 273.229 273.214 273.2 273.187 273.174 273.162 273.151 273.141 273.132 273.124 273.117 273.111 273.106 273.103 273.1 273.099 273.098
273.568 273.571 273.574 273.578 273.581 273.583 273.585 273.586 273.586 273.586 273.584 273.582 273.578 273.573 273.567 273.56 273.551 273.542 273.53 273.518 273.505 273.49 273.475 273.458 273.441 273.423 273.405 273.386 273.367 273.348 273.329 273.311 273.292 273.274 273.257 273.24 273.224 273.209 273.195 273.181 273.169 273.158 273.147 273.138 273.131 273.124 273.119 273.114 273.111 273.11 273.109
273.643 273.646 273.65 273.654 273.657 273.66 273.662 273.663 273.664 273.663 273.661 273.659 273.655 273.649 273.642 273.634 273.624 273.613 273.601 273.586 273.571 273.554 273.537 273.518 273.498 273.478 273.457 273.436 273.414 273.393 273.371 273.35 273.329 273.308 273.289 273.27 273.251 273.234 273.218 273.203 273.189 273.176 273.165 273.155 273.146 273.138 273.132 273.128 273.124 273.122 273.122
273.728 273.731 273.736 273.74 273.744 273.747 273.749 273.751 273.751 273.751 273.749 273.746 273.742 273.736 273.728 273.719 273.707 273.695 273.68 273.664 273.647 273.628 273.607 273.586 273.564 273.54 273.516 273.492 273.467 273.443 273.418 273.394 273.37 273.347 273.324 273.303 273.282 273.263 273.244 273.227 273.211 273.197 273.184 273.173 273.163 273.154 273.148 273.142 273.139 273.137 273.136
273.824 273.828 273.833 273.837 273.842 273.845 273.848 273.85 273.851 273.85 273.849 273.845 273.84 273.833 273.825 273.814 273.802 273.787 273.771 273.752 273.732 273.711 273.687 273.663 273.637 273.611 273.583 273.555 273.527 273.499 273.471 273.443 273.416 273.39 273.364 273.34 273.316 273.294 273.274 273.254 273.237 273.22 273.206 273.193 273.182 273.172 273.165 273.159 273.154 273.152 273.151
273.932 273.936 273.942 273.947 273.952 273.956 273.959 273.961 273.963 273.962 273.96 273.957 273.951 273.944 273.934 273.922 273.908 273.891 273.873 273.852 273.829 273.804 273.777 273.749 273.72 273.69 273.658 273.626 273.594 273.562 273.53 273.499 273.468 273.438 273.409 273.381 273.355 273.33 273.306 273.284 273.264 273.246 273.23 273.215 273.202 273.192 273.183 273.177 273.172 273.169 273.169
274.053 274.057 274.063 274.069 274.075 274.079 274.083 274.086 274.088 274.088 274.086 274.082 274.076 274.068 274.057 274.043 274.027 274.009 273.987 273.963 273.937 273.909 273.878 273.846 273.813 273.778 273.742 273.706 273.669 273.633 273.596 273.56 273.525 273.491 273.458 273.427 273.397 273.368 273.342 273.317 273.295 273.274 273.256 273.239 273.225 273.213 273.204 273.196 273.191 273.188 273.187
274.186 274.191 274.198 274.205 274.211 274.217 274.222 274.225 274.227 274.228 274.226 274.222 274.216 274.206 274.194 274.179 274.161 274.14 274.116 274.088 274.058 274.026 273.991 273.954 273.916 273.876 273.835 273.794 273.752 273.71 273.669 273.628 273.588 273.55 273.513 273.477 273.443 273.411 273.381 273.354 273.328 273.305 273.284 273.266 273.25 273.237 273.226 273.217 273.212 273.208 273.207
274.335 274.34 274.348 274.356 274.363 274.37 274.375 274.38 274.383 274.384 274.382 274.378 274.371 274.361 274.348 274.331 274.31 274.286 274.259 274.228 274.194 274.157 274.117 274.075 274.031 273.986 273.939 273.892 273.844 273.797 273.75 273.703 273.658 273.614 273.572 273.532 273.494 273.458 273.424 273.393 273.364 273.338 273.315 273.295 273.277 273.262 273.25 273.24 273.234 273.23 273.229
274.498 274.504 274.513 274.522 274.531 274.539 274.545 274.551 274.555 274.556 274.555 274.551 274.544 274.533 274.518 274.5 274.477 274.449 274.418 274.383 274.344 274.302 274.256 274.209 274.158 274.107 274.053 274 273.945 273.891 273.838 273.786 273.734 273.685 273.637 273.592 273.549 273.508 273.471 273.436 273.404 273.375 273.349 273.326 273.306 273.289 273.276 273.265 273.258 273.254 273.253
274.678 274.685 274.695 274.705 274.715 274.725 274.733 274.74 274.745 274.748 274.747 274.744 274.736 274.725 274.708 274.687 274.662 274.631 274.595 274.555 274.511 274.463 274.411 274.356 274.299 274.24 274.18 274.118 274.057 273.995 273.935 273.876 273.818 273.762 273.708 273.657 273.609 273.563 273.521 273.482 273.446 273.414 273.385 273.359 273.337 273.318 273.303 273.292 273.284 273.279 273.278
274.876 274.883 274.895 274.906 274.918 274.929 274.939 274.948 274.955 274.959 274.96 274.956 274.949 274.936 274.919 274.896 274.867 274.832 274.792 274.747 274.696 274.641 274.582 274.52 274.455 274.387 274.318 274.249 274.179 274.109 274.041 273.974 273.908 273.845 273.785 273.728 273.673 273.623 273.575 273.532 273.492 273.455 273.423 273.395 273.37 273.35 273.333 273.32 273.311 273.306 273.305
275.091 275.1 275.112 275.126 275.14 275.153 275.166 275.177 275.186 275.192 275.194 275.191 275.184 275.171 275.152 275.126 275.094 275.055 275.01 274.958 274.901 274.838 274.771 274.7 274.625 274.549 274.47 274.391 274.312 274.233 274.156 274.08 274.006 273.936 273.868 273.804 273.743 273.686 273.633 273.585 273.54 273.5 273.464 273.433 273.406 273.383 273.364 273.35 273.34 273.334 273.333
275.326 275.335 275.35 275.365 275.381 275.398 275.413 275.427 275.439 275.447 275.451 275.45 275.443 275.43 275.409 275.381 275.345 275.301 275.25 275.192 275.126 275.055 274.978 274.897 274.813 274.725 274.636 274.546 274.457 274.368 274.28 274.195 274.112 274.033 273.957 273.885 273.817 273.754 273.695 273.641 273.592 273.547 273.508 273.473 273.443 273.418 273.397 273.382 273.371 273.365 273.363
275.581 275.591 275.607 275.625 275.644 275.664 275.683 275.701 275.716 275.727 275.734 275.735 275.729 275.715 275.693 275.663 275.623 275.574 275.516 275.449 275.375 275.294 275.207 275.114 275.018 274.918 274.817 274.715 274.614 274.513 274.415 274.319 274.226 274.137 274.052 273.972 273.897 273.826 273.761 273.701 273.647 273.597 273.554 273.515 273.482 273.454 273.432 273.415 273.403 273.396 273.394
275.856 275.868 275.886 275.907 275.929 275.953 275.976 275.999 276.018 276.034 276.044 276.048 276.043 276.03 276.007 275.973 275.929 275.874 275.809 275.733 275.649 275.556 275.457 275.351 275.242 275.129 275.014 274.899 274.784 274.67 274.559 274.452 274.348 274.248 274.154 274.065 273.981 273.903 273.831 273.764 273.704 273.65 273.602 273.56 273.523 273.493 273.468 273.449 273.436 273.429 273.427
276.153 276.165 276.186 276.21 276.237 276.266 276.295 276.322 276.348 276.369 276.383 276.39 276.388 276.376 276.352 276.316 276.267 276.205 276.131 276.046 275.95 275.844 275.731 275.611 275.486 275.357 275.227 275.096 274.967 274.839 274.714 274.594 274.478 274.367 274.262 274.162 274.07 273.983 273.904 273.831 273.765 273.705 273.652 273.606 273.566 273.533 273.506 273.485 273.471 273.463 273.461
276.47 276.484 276.508 276.536 276.568 276.603 276.639 276.673 276.706 276.733 276.754 276.766 276.767 276.756 276.732 276.693 276.639 276.57 276.486 276.389 276.28 276.16 276.03 275.893 275.751 275.605 275.457 275.309 275.163 275.019 274.88 274.745 274.615 274.492 274.375 274.265 274.163 274.068 273.98 273.9 273.827 273.762 273.704 273.654 273.61 273.574 273.545 273.522 273.507 273.498 273.496
276.81 276.825 276.852 276.885 276.923 276.965 277.009 277.053 277.094 277.13 277.159 277.177 277.183 277.175 277.15 277.108 277.049 276.972 276.877 276.767 276.642 276.504 276.356 276.2 276.038 275.872 275.705 275.538 275.373 275.212 275.055 274.904 274.76 274.623 274.494 274.373 274.26 274.156 274.06 273.972 273.893 273.821 273.758 273.703 273.656 273.617 273.585 273.561 273.544 273.534 273.532
277.17 277.187 277.217 277.256 277.302 277.353 277.407 277.462 277.514 277.561 277.6 277.627 277.639 277.634 277.61 277.566 277.5 277.414 277.307 277.181 277.038 276.881 276.712 276.533 276.348 276.16 275.97 275.782 275.596 275.415 275.241 275.073 274.913 274.761 274.619 274.486 274.362 274.247 274.142 274.046 273.96 273.882 273.814 273.754 273.703 273.66 273.626 273.6 273.581 273.571 273.569
277.551 277.569 277.604 277.649 277.704 277.766 277.833 277.901 277.968 278.029 278.08 278.118 278.139 278.139 278.117 278.07 277.998 277.901 277.78 277.636 277.472 277.292 277.098 276.894 276.683 276.469 276.254 276.041 275.833 275.63 275.435 275.249 275.072 274.905 274.748 274.602 274.466 274.341 274.226 274.122 274.028 273.945 273.87 273.806 273.751 273.704 273.667 273.639 273.619 273.608 273.606
277.95 277.97 278.01 278.064 278.129 278.205 278.287 278.372 278.457 278.535 278.603 278.655 278.687 278.695 278.675 278.626 278.547 278.438 278.3 278.135 277.947 277.739 277.516 277.283 277.042 276.798 276.555 276.316 276.082 275.856 275.639 275.432 275.237 275.053 274.881 274.721 274.573 274.437 274.313 274.2 274.098 274.008 273.928 273.858 273.799 273.749 273.709 273.679 273.658 273.646 273.644
278.367 278.389 278.434 278.497 278.576 278.668 278.769 278.876 278.982 279.083 279.172 279.242 279.289 279.307 279.292 279.241 279.154 279.031 278.873 278.684 278.467 278.227 277.97 277.701 277.426 277.149 276.874 276.604 276.342 276.091 275.85 275.622 275.407 275.205 275.017 274.843 274.682 274.535 274.4 274.278 274.169 274.071 273.985 273.911 273.847 273.794 273.751 273.719 273.696 273.684 273.681
278.799 278.822 278.874 278.948 279.043 279.154 279.279 279.411 279.546 279.675 279.791 279.885 279.952 279.983 279.975 279.923 279.828 279.688 279.507 279.287 279.035 278.757 278.46 278.151 277.836 277.52 277.209 276.906 276.613 276.333 276.067 275.816 275.58 275.36 275.155 274.966 274.792 274.633 274.488 274.357 274.239 274.135 274.043 273.963 273.895 273.838 273.793 273.758 273.734 273.721 273.718
279.242 279.267 279.326 279.414 279.526 279.661 279.814 279.979 280.148 280.313 280.464 280.59 280.682 280.732 280.733 280.682 280.576 280.418 280.208 279.953 279.659 279.334 278.989 278.631 278.269 277.91 277.558 277.218 276.892 276.582 276.289 276.013 275.756 275.516 275.294 275.09 274.902 274.731 274.575 274.435 274.309 274.198 274.1 274.015 273.942 273.882 273.834 273.797 273.772 273.758 273.755
279.692 279.719 279.786 279.889 280.023 280.186 280.373 280.578 280.791 281.002 281.197 281.364 281.49 281.564 281.578 281.528 281.412 281.23 280.987 280.687 280.342 279.961 279.557 279.142 278.726 278.317 277.92 277.539 277.176 276.834 276.512 276.211 275.931 275.672 275.432 275.212 275.011 274.828 274.662 274.512 274.378 274.26 274.156 274.065 273.989 273.925 273.874 273.835 273.809 273.794 273.79
280.144 280.172 280.249 280.369 280.528 280.724 280.952 281.205 281.473 281.742 281.995 282.215 282.384 282.49 282.522 282.475 282.346 282.137 281.852 281.499 281.09 280.64 280.165 279.683 279.204 278.737 278.29 277.864 277.463 277.087 276.735 276.408 276.105 275.826 275.569 275.333 275.118 274.922 274.746 274.587 274.445 274.32 274.21 274.115 274.034 273.967 273.913 273.872 273.844 273.828 273.825
280.591 280.622 280.709 280.847 281.034 281.267 281.543 281.855 282.19 282.533 282.861 283.149 283.374 283.52 283.575 283.532 283.39 283.149 282.814 282.395 281.907 281.371 280.811 280.247 279.695 279.165 278.663 278.19 277.748 277.336 276.955 276.601 276.275 275.976 275.701 275.45 275.221 275.014 274.827 274.659 274.51 274.377 274.262 274.162 274.077 274.006 273.95 273.907 273.878 273.861 273.858
281.028 281.06 281.158 281.316 281.533 281.808 282.138 282.518 282.936 283.372 283.798 284.173 284.468 284.663 284.746 284.71 284.552 284.274 283.88 283.382 282.796 282.152 281.487 280.828 280.194 279.594 279.032 278.51 278.026 277.579 277.167 276.788 276.439 276.12 275.828 275.562 275.32 275.101 274.904 274.728 274.571 274.432 274.311 274.206 274.118 274.044 273.985 273.941 273.91 273.893 273.889
281.445 281.479 281.588 281.766 282.014 282.333 282.723 283.18 283.695 284.251 284.81 285.299 285.68 285.933 286.048 286.02 285.846 285.527 285.066 284.472 283.763 282.974 282.178 281.41 280.685 280.011 279.389 278.817 278.292 277.81 277.369 276.964 276.594 276.256 275.947 275.667 275.413 275.183 274.977 274.792 274.628 274.483 274.357 274.248 274.155 274.079 274.018 273.971 273.94 273.922 273.918
281.836 281.872 281.99 282.188 282.466 282.828 283.278 283.816 284.442 285.156 285.938 286.579 287.06 287.377 287.527 287.507 287.316 286.955 286.422 285.719 284.848 283.827 282.862 281.97 281.152 280.404 279.723 279.104 278.54 278.026 277.557 277.128 276.738 276.382 276.058 275.764 275.498 275.258 275.043 274.851 274.68 274.53 274.399 274.286 274.19 274.111 274.048 274 273.967 273.949 273.945
282.194 282.23 282.358 282.572 282.876 283.276 283.779 284.393 285.135 286.058 287.359 288.204 288.791 289.168 289.349 289.337 289.131 288.731 288.129 287.313 286.228 284.679 283.495 282.477 281.571 280.757 280.024 279.363 278.764 278.221 277.727 277.277 276.868 276.496 276.158 275.852 275.575 275.326 275.103 274.904 274.727 274.572 274.436 274.32 274.221 274.14 274.074 274.025 273.991 273.973 273.969
282.51 282.549 282.683 282.91 283.233 283.661 284.203 284.872 285.693 286.738 288.223 289.186 289.845 290.265 290.468 290.46 290.243 289.813 289.162 288.266 287.056 285.314 283.999 282.892 281.92 281.055 280.281 279.586 278.959 278.391 277.876 277.408 276.982 276.596 276.246 275.928 275.642 275.385 275.155 274.95 274.768 274.608 274.469 274.349 274.248 274.165 274.098 274.048 274.013 273.994 273.99
282.783 282.822 282.96 283.194 283.529 283.972 284.533 285.227 286.082 287.171 288.71 289.716 290.402 290.84 291.051 291.044 290.82 290.375 289.7 288.769 287.51 285.706 284.339 283.189 282.183 281.288 280.488 279.769 279.121 278.534 278.002 277.518 277.079 276.681 276.32 275.993 275.699 275.435 275.198 274.988 274.802 274.638 274.496 274.374 274.271 274.185 274.118 274.066 274.031 274.012 274.008
283.008 283.048 283.188 283.424 283.76 284.203 284.762 285.449 286.29 287.353 288.855 289.834 290.504 290.931 291.136 291.125 290.9 290.455 289.784 288.864 287.626 285.853 284.504 283.361 282.353 281.451 280.641 279.91 279.249 278.649 278.104 277.608 277.158 276.749 276.379 276.045 275.744 275.474 275.233 275.018 274.828 274.662 274.517 274.393 274.288 274.202 274.134 274.082 274.046 274.026 274.022
283.185 283.226 283.365 283.598 283.928 284.359 284.896 285.548 286.33 287.291 288.627 289.504 290.114 290.506 290.692 290.673 290.45 290.021 289.38 288.515 287.373 285.76 284.507 283.417 282.437 281.549 280.743 280.01 279.343 278.734 278.18 277.675 277.216 276.8 276.423 276.083 275.777 275.502 275.257 275.039 274.847 274.678 274.532 274.407 274.301 274.214 274.145 274.093 274.058 274.038 274.034
283.318 283.359 283.496 283.722 284.039 284.449 284.952 285.55 286.238 287.012 287.849 288.539 289.058 289.398 289.556 289.528 289.311 288.906 288.312 287.534 286.575 285.456 284.386 283.384 282.452 281.592 280.8 280.072 279.405 278.792 278.232 277.72 277.254 276.832 276.45 276.106 275.796 275.519 275.271 275.051 274.857 274.688 274.54 274.415 274.309 274.222 274.153 274.101 274.066 274.046 274.042
283.409 283.45 283.583 283.801 284.103 284.488 284.954 285.494 286.096 286.737 287.376 287.934 288.368 288.657 288.786 288.747 288.537 288.158 287.615 286.917 286.087 285.162 284.221 283.301 282.423 281.595 280.822 280.104 279.439 278.824 278.259 277.742 277.272 276.845 276.46 276.113 275.802 275.523 275.274 275.053 274.859 274.689 274.542 274.416 274.311 274.225 274.157 274.106 274.071 274.051 274.047
283.461 283.503 283.633 283.842 284.129 284.491 284.923 285.414 285.947 286.499 287.032 287.502 287.871 288.116 288.219 288.171 287.969 287.613 287.112 286.477 285.733 284.912 284.057 283.203 282.37 281.574 280.82 280.112 279.45 278.833 278.262 277.74 277.267 276.838 276.452 276.105 275.793 275.514 275.266 275.046 274.852 274.682 274.536 274.411 274.307 274.223 274.156 274.107 274.072 274.053 274.049
283.48 283.522 283.648 283.851 284.127 284.471 284.877 285.332 285.819 286.314 286.785 287.199 287.524 287.737 287.822 287.768 287.571 287.233 286.761 286.17 285.48 284.72 283.921 283.112 282.313 281.54 280.802 280.102 279.442 278.821 278.24 277.713 277.238 276.81 276.425 276.079 275.769 275.492 275.246 275.027 274.835 274.667 274.522 274.399 274.297 274.215 274.152 274.105 274.072 274.053 274.049
283.468 283.51 283.634 283.832 284.102 284.436 284.827 285.263 285.726 286.192 286.633 287.019 287.321 287.518 287.593 287.536 287.342 287.014 286.559 285.99 285.328 284.598 283.828 283.043 282.264 281.505 280.775 280.081 279.422 278.795 278.189 277.658 277.184 276.759 276.379 276.037 275.731 275.457 275.214 274.999 274.809 274.643 274.501 274.38 274.28 274.202 274.146 274.101 274.069 274.05 274.046
283.468 283.468 283.592 283.789 284.057 284.39 284.78 285.214 285.675 286.139 286.578 286.963 287.264 287.461 287.535 287.478 287.285 286.958 286.505 285.938 285.279 284.552 283.785 283.003 282.227 281.471 280.745 280.053 279.396 278.772 278.087 277.566 277.102 276.686 276.312 275.977 275.677 275.409 275.171 274.959 274.773 274.611 274.471 274.353 274.255 274.178 274.141 274.096 274.064 274.046 274.046
