312.779 312.779 312.925 313.058 313.18 313.289 313.385 313.47 313.542 313.602 313.65 313.686 313.711 313.724 313.727 313.718 313.699 313.669 313.629 313.58 313.522 313.454 313.379 313.295 313.204 313.105 313 312.889 312.772 312.65 312.524 312.393 312.258 312.12 311.979 311.835 311.69 311.542 311.393 311.243 311.093 310.942 310.791 310.64 310.489 310.339 310.189 310.04 309.892 309.745 309.745
312.779 312.938 313.084 313.219 313.34 313.45 313.547 313.632 313.704 313.764 313.813 313.849 313.874 313.887 313.89 313.881 313.861 313.832 313.792 313.742 313.684 313.616 313.54 313.456 313.364 313.266 313.16 313.049 312.932 312.809 312.682 312.55 312.415 312.276 312.135 311.991 311.844 311.696 311.547 311.396 311.245 311.094 310.942 310.79 310.639 310.488 310.338 310.188 310.039 309.892 309.745
312.949 313.109 313.257 313.391 313.514 313.623 313.721 313.806 313.878 313.939 313.987 314.024 314.048 314.061 314.063 314.054 314.034 314.004 313.964 313.914 313.855 313.786 313.71 313.625 313.532 313.433 313.327 313.214 313.096 312.972 312.844 312.712 312.575 312.436 312.293 312.148 312.001 311.852 311.702 311.55 311.398 311.246 311.093 310.941 310.789 310.637 310.486 310.336 310.186 310.038 309.89
313.133 313.293 313.441 313.577 313.699 313.81 313.907 313.992 314.065 314.125 314.174 314.21 314.234 314.247 314.248 314.239 314.218 314.187 314.146 314.095 314.035 313.965 313.887 313.801 313.707 313.607 313.499 313.385 313.265 313.141 313.011 312.877 312.739 312.598 312.454 312.308 312.159 312.009 311.857 311.705 311.551 311.398 311.244 311.091 310.938 310.785 310.633 310.482 310.332 310.183 310.035
313.329 313.49 313.639 313.774 313.898 314.008 314.106 314.191 314.264 314.324 314.372 314.408 314.432 314.444 314.444 314.434 314.412 314.38 314.338 314.285 314.223 314.153 314.073 313.985 313.89 313.787 313.678 313.562 313.44 313.314 313.182 313.046 312.907 312.764 312.618 312.469 312.319 312.167 312.014 311.86 311.705 311.55 311.395 311.24 311.086 310.932 310.78 310.628 310.477 310.327 310.178
313.537 313.699 313.849 313.985 314.109 314.219 314.317 314.403 314.475 314.535 314.583 314.618 314.641 314.652 314.652 314.64 314.617 314.583 314.539 314.485 314.421 314.349 314.267 314.177 314.079 313.974 313.863 313.744 313.621 313.491 313.357 313.219 313.077 312.932 312.784 312.633 312.481 312.327 312.171 312.015 311.859 311.702 311.546 311.39 311.234 311.079 310.925 310.772 310.621 310.47 310.321
313.758 313.921 314.072 314.209 314.333 314.444 314.542 314.627 314.699 314.759 314.805 314.84 314.862 314.872 314.87 314.857 314.832 314.797 314.751 314.695 314.629 314.553 314.469 314.377 314.276 314.169 314.054 313.933 313.806 313.674 313.537 313.396 313.251 313.103 312.952 312.799 312.644 312.487 312.33 312.172 312.013 311.854 311.696 311.538 311.381 311.225 311.07 310.916 310.763 310.612 310.462
313.993 314.157 314.307 314.445 314.57 314.681 314.779 314.864 314.936 314.995 315.041 315.074 315.095 315.104 315.101 315.085 315.059 315.021 314.973 314.914 314.845 314.767 314.68 314.584 314.481 314.37 314.251 314.127 313.997 313.861 313.721 313.576 313.428 313.277 313.123 312.966 312.808 312.649 312.489 312.328 312.167 312.006 311.846 311.686 311.527 311.37 311.213 311.058 310.905 310.753 310.602
314.24 314.405 314.557 314.695 314.82 314.931 315.029 315.114 315.185 315.244 315.289 315.321 315.341 315.348 315.343 315.325 315.296 315.256 315.205 315.143 315.071 314.99 314.899 314.8 314.692 314.577 314.456 314.327 314.193 314.053 313.909 313.761 313.609 313.453 313.296 313.136 312.974 312.812 312.649 312.485 312.321 312.158 311.995 311.833 311.673 311.513 311.355 311.199 311.044 310.892 310.741
314.501 314.667 314.819 314.958 315.083 315.195 315.293 315.377 315.448 315.506 315.55 315.581 315.599 315.604 315.597 315.577 315.545 315.502 315.448 315.383 315.307 315.222 315.127 315.024 314.912 314.792 314.666 314.533 314.394 314.25 314.101 313.948 313.792 313.633 313.471 313.307 313.142 312.975 312.809 312.642 312.475 312.309 312.143 311.979 311.816 311.655 311.496 311.338 311.182 311.029 310.877
314.775 314.942 315.095 315.235 315.36 315.472 315.57 315.654 315.724 315.781 315.824 315.854 315.87 315.873 315.863 315.841 315.806 315.76 315.701 315.632 315.553 315.463 315.364 315.256 315.139 315.015 314.883 314.745 314.601 314.452 314.298 314.14 313.978 313.814 313.648 313.479 313.31 313.139 312.969 312.798 312.628 312.459 312.29 312.124 311.959 311.795 311.634 311.475 311.318 311.164 311.012
315.063 315.231 315.385 315.525 315.652 315.763 315.861 315.945 316.014 316.07 316.112 316.14 316.154 316.154 316.142 316.117 316.079 316.028 315.966 315.893 315.808 315.714 315.609 315.496 315.374 315.244 315.107 314.963 314.813 314.658 314.498 314.335 314.168 313.998 313.826 313.653 313.479 313.304 313.129 312.954 312.78 312.608 312.436 312.267 312.099 311.934 311.771 311.61 311.452 311.297 311.144
315.365 315.534 315.689 315.83 315.957 316.069 316.166 316.25 316.319 316.373 316.413 316.439 316.451 316.449 316.434 316.405 316.363 316.309 316.242 316.164 316.075 315.974 315.864 315.745 315.617 315.48 315.337 315.186 315.03 314.869 314.703 314.533 314.36 314.184 314.007 313.828 313.648 313.468 313.289 313.11 312.932 312.755 312.58 312.408 312.237 312.07 311.904 311.742 311.583 311.427 311.274
315.681 315.852 316.008 316.149 316.276 316.389 316.486 316.569 316.637 316.69 316.729 316.753 316.763 316.758 316.739 316.707 316.661 316.602 316.53 316.446 316.351 316.245 316.129 316.002 315.867 315.724 315.573 315.416 315.253 315.084 314.911 314.734 314.555 314.372 314.189 314.004 313.818 313.633 313.448 313.264 313.081 312.901 312.722 312.546 312.373 312.203 312.036 311.872 311.711 311.554 311.4
316.012 316.184 316.341 316.483 316.611 316.723 316.821 316.903 316.97 317.022 317.059 317.081 317.088 317.08 317.058 317.022 316.971 316.907 316.83 316.74 316.639 316.526 316.402 316.269 316.126 315.976 315.817 315.652 315.48 315.304 315.123 314.939 314.752 314.562 314.371 314.18 313.988 313.796 313.606 313.417 313.229 313.044 312.862 312.682 312.506 312.333 312.163 311.998 311.836 311.678 311.524
316.357 316.531 316.689 316.832 316.96 317.073 317.17 317.252 317.318 317.369 317.405 317.424 317.429 317.418 317.391 317.351 317.295 317.226 317.143 317.046 316.938 316.818 316.686 316.545 316.394 316.234 316.067 315.893 315.713 315.528 315.339 315.146 314.951 314.753 314.555 314.356 314.157 313.959 313.763 313.568 313.375 313.185 312.999 312.815 312.635 312.459 312.287 312.12 311.956 311.797 311.643
316.718 316.893 317.052 317.196 317.325 317.438 317.535 317.617 317.682 317.732 317.765 317.783 317.784 317.77 317.74 317.694 317.633 317.558 317.468 317.365 317.249 317.12 316.98 316.83 316.67 316.501 316.324 316.141 315.951 315.757 315.558 315.356 315.152 314.946 314.739 314.532 314.326 314.121 313.918 313.717 313.518 313.323 313.132 312.944 312.761 312.582 312.407 312.238 312.073 311.913 311.758
317.093 317.27 317.431 317.576 317.705 317.819 317.916 317.997 318.062 318.111 318.142 318.157 318.156 318.138 318.103 318.053 317.986 317.904 317.807 317.696 317.572 317.434 317.285 317.125 316.955 316.776 316.589 316.394 316.194 315.989 315.781 315.569 315.355 315.139 314.923 314.708 314.494 314.281 314.07 313.863 313.658 313.458 313.261 313.069 312.882 312.7 312.522 312.351 312.184 312.023 311.868
317.485 317.663 317.825 317.971 318.101 318.216 318.313 318.394 318.459 318.506 318.536 318.549 318.544 318.522 318.483 318.427 318.354 318.265 318.161 318.041 317.907 317.76 317.601 317.43 317.249 317.058 316.86 316.654 316.442 316.226 316.006 315.783 315.559 315.333 315.107 314.883 314.66 314.439 314.22 314.006 313.795 313.588 313.386 313.19 312.998 312.812 312.632 312.458 312.29 312.128 311.972
317.892 318.071 318.235 318.383 318.514 318.629 318.727 318.808 318.872 318.918 318.947 318.957 318.95 318.924 318.88 318.818 318.739 318.642 318.529 318.4 318.256 318.099 317.928 317.745 317.552 317.349 317.138 316.919 316.695 316.467 316.234 316 315.763 315.527 315.291 315.056 314.823 314.593 314.367 314.144 313.927 313.714 313.506 313.305 313.109 312.919 312.736 312.56 312.39 312.227 312.071
318.315 318.496 318.661 318.81 318.943 319.059 319.158 319.239 319.303 319.349 319.376 319.384 319.374 319.344 319.295 319.227 319.14 319.036 318.913 318.774 318.62 318.45 318.267 318.071 317.864 317.648 317.423 317.191 316.953 316.711 316.465 316.217 315.969 315.72 315.473 315.227 314.984 314.745 314.509 314.279 314.054 313.834 313.621 313.413 313.213 313.02 312.834 312.655 312.483 312.319 312.163
318.753 318.936 319.103 319.254 319.388 319.506 319.606 319.688 319.753 319.798 319.824 319.83 319.817 319.783 319.728 319.654 319.56 319.447 319.314 319.164 318.998 318.815 318.618 318.408 318.187 317.955 317.715 317.468 317.215 316.958 316.698 316.436 316.174 315.912 315.653 315.395 315.142 314.892 314.647 314.408 314.175 313.948 313.728 313.516 313.311 313.113 312.924 312.742 312.569 312.404 312.247
319.208 319.393 319.562 319.715 319.851 319.97 320.072 320.156 320.221 320.266 320.291 320.296 320.28 320.242 320.182 320.101 319.999 319.876 319.733 319.571 319.391 319.194 318.983 318.757 318.519 318.271 318.015 317.751 317.481 317.208 316.932 316.655 316.379 316.103 315.83 315.56 315.295 315.034 314.78 314.531 314.29 314.055 313.829 313.611 313.4 313.199 313.006 312.822 312.647 312.48 312.323
319.679 319.866 320.037 320.192 320.33 320.452 320.556 320.642 320.708 320.754 320.78 320.783 320.764 320.723 320.658 320.57 320.459 320.326 320.171 319.996 319.801 319.589 319.361 319.118 318.862 318.596 318.321 318.039 317.752 317.461 317.168 316.875 316.582 316.291 316.004 315.721 315.443 315.171 314.906 314.648 314.397 314.155 313.922 313.697 313.482 313.276 313.079 312.892 312.715 312.548 312.391
320.166 320.354 320.528 320.685 320.827 320.952 321.059 321.147 321.216 321.264 321.29 321.293 321.272 321.227 321.156 321.061 320.941 320.797 320.63 320.44 320.23 320 319.753 319.491 319.216 318.93 318.635 318.333 318.026 317.716 317.404 317.093 316.783 316.477 316.174 315.877 315.585 315.301 315.024 314.756 314.496 314.246 314.005 313.774 313.554 313.343 313.143 312.953 312.774 312.606 312.448
320.667 320.858 321.034 321.195 321.34 321.469 321.58 321.672 321.744 321.795 321.823 321.826 321.804 321.755 321.68 321.577 321.448 321.292 321.11 320.905 320.677 320.428 320.161 319.878 319.581 319.273 318.955 318.631 318.303 317.972 317.64 317.31 316.982 316.658 316.339 316.026 315.721 315.424 315.135 314.856 314.587 314.328 314.079 313.842 313.615 313.4 313.196 313.004 312.823 312.653 312.495
321.184 321.377 321.555 321.72 321.87 322.004 322.12 322.218 322.295 322.349 322.38 322.385 322.362 322.311 322.231 322.121 321.981 321.812 321.615 321.392 321.145 320.875 320.585 320.278 319.957 319.624 319.283 318.935 318.583 318.229 317.875 317.524 317.176 316.833 316.497 316.168 315.848 315.537 315.236 314.946 314.666 314.398 314.142 313.898 313.665 313.446 313.238 313.043 312.86 312.689 312.531
321.714 321.909 322.091 322.26 322.416 322.556 322.679 322.783 322.867 322.928 322.963 322.971 322.949 322.896 322.811 322.694 322.543 322.36 322.147 321.904 321.635 321.341 321.026 320.693 320.345 319.985 319.616 319.242 318.864 318.485 318.108 317.734 317.365 317.003 316.648 316.302 315.966 315.641 315.327 315.025 314.735 314.458 314.193 313.942 313.704 313.479 313.267 313.069 312.884 312.713 312.555
322.257 322.454 322.64 322.815 322.977 323.125 323.257 323.37 323.463 323.532 323.574 323.586 323.567 323.514 323.425 323.299 323.137 322.94 322.707 322.443 322.149 321.828 321.485 321.122 320.744 320.354 319.956 319.552 319.146 318.741 318.338 317.94 317.548 317.164 316.79 316.426 316.074 315.733 315.406 315.091 314.791 314.504 314.231 313.973 313.728 313.499 313.283 313.082 312.896 312.723 312.565
322.811 323.01 323.2 323.381 323.552 323.71 323.853 323.978 324.082 324.162 324.214 324.234 324.219 324.166 324.074 323.941 323.767 323.553 323.3 323.011 322.69 322.339 321.963 321.567 321.155 320.732 320.3 319.865 319.428 318.993 318.563 318.139 317.723 317.317 316.922 316.539 316.169 315.813 315.471 315.145 314.833 314.536 314.255 313.989 313.739 313.504 313.285 313.081 312.893 312.719 312.561
323.373 323.575 323.77 323.959 324.139 324.309 324.466 324.607 324.726 324.821 324.886 324.916 324.909 324.859 324.765 324.625 324.438 324.205 323.929 323.613 323.259 322.874 322.462 322.028 321.579 321.117 320.649 320.179 319.708 319.242 318.781 318.33 317.888 317.458 317.041 316.639 316.251 315.879 315.522 315.183 314.859 314.553 314.263 313.99 313.734 313.494 313.271 313.065 312.874 312.7 312.542
323.942 324.146 324.347 324.545 324.737 324.922 325.097 325.256 325.395 325.509 325.592 325.637 325.64 325.596 325.501 325.354 325.154 324.901 324.599 324.251 323.861 323.436 322.982 322.506 322.013 321.51 321.001 320.492 319.985 319.484 318.992 318.51 318.041 317.586 317.147 316.723 316.317 315.928 315.557 315.204 314.869 314.553 314.255 313.975 313.712 313.468 313.241 313.032 312.84 312.665 312.507
324.513 324.719 324.927 325.135 325.343 325.546 325.742 325.925 326.09 326.229 326.335 326.401 326.419 326.384 326.291 326.137 325.922 325.647 325.315 324.93 324.498 324.027 323.525 322.999 322.458 321.908 321.354 320.802 320.255 319.717 319.191 318.678 318.18 317.699 317.236 316.791 316.366 315.96 315.573 315.207 314.861 314.535 314.228 313.941 313.673 313.424 313.194 312.982 312.789 312.613 312.455
325.083 325.291 325.507 325.727 325.952 326.178 326.4 326.613 326.81 326.982 327.119 327.212 327.251 327.229 327.14 326.981 326.751 326.45 326.083 325.655 325.174 324.649 324.091 323.509 322.912 322.309 321.706 321.107 320.517 319.94 319.377 318.831 318.303 317.795 317.307 316.84 316.395 315.971 315.57 315.19 314.833 314.497 314.182 313.888 313.615 313.362 313.128 312.914 312.719 312.543 312.386
325.646 325.857 326.08 326.315 326.561 326.813 327.067 327.317 327.555 327.769 327.947 328.076 328.144 328.141 328.06 327.897 327.65 327.32 326.913 326.434 325.894 325.305 324.681 324.033 323.373 322.711 322.052 321.403 320.767 320.147 319.546 318.965 318.406 317.87 317.357 316.867 316.402 315.961 315.544 315.152 314.783 314.437 314.115 313.815 313.536 313.28 313.043 312.827 312.631 312.455 312.298
326.197 326.409 326.642 326.893 327.162 327.445 327.738 328.034 328.323 328.592 328.824 329.002 329.108 329.132 329.063 328.896 328.631 328.268 327.813 327.274 326.663 325.997 325.294 324.569 323.837 323.108 322.389 321.685 321 320.336 319.695 319.078 318.487 317.922 317.383 316.871 316.385 315.927 315.495 315.089 314.71 314.355 314.025 313.719 313.437 313.177 312.938 312.721 312.524 312.347 312.19
326.728 326.942 327.185 327.454 327.749 328.068 328.407 328.758 329.112 329.452 329.756 329.998 330.156 330.214 330.162 329.995 329.71 329.309 328.798 328.185 327.487 326.726 325.927 325.113 324.299 323.496 322.711 321.949 321.212 320.502 319.819 319.166 318.542 317.947 317.382 316.847 316.342 315.866 315.419 315.001 314.611 314.248 313.912 313.601 313.315 313.052 312.812 312.593 312.396 312.219 312.063
327.231 327.448 327.701 327.989 328.313 328.671 329.062 329.48 329.915 330.348 330.749 331.078 331.303 331.407 331.377 331.211 330.905 330.461 329.883 329.182 328.375 327.493 326.577 325.656 324.749 323.865 323.011 322.188 321.397 320.64 319.915 319.224 318.567 317.942 317.351 316.793 316.268 315.776 315.315 314.885 314.485 314.115 313.773 313.458 313.169 312.904 312.663 312.445 312.248 312.071 311.916
327.699 327.918 328.181 328.489 328.842 329.242 329.69 330.184 330.719 331.276 331.816 332.262 332.573 332.732 332.73 332.566 332.237 331.746 331.092 330.284 329.338 328.295 327.231 326.185 325.175 324.206 323.279 322.394 321.55 320.744 319.978 319.249 318.558 317.904 317.288 316.707 316.163 315.654 315.179 314.739 314.33 313.954 313.607 313.289 312.999 312.734 312.493 312.275 312.078 311.903 311.748
328.123 328.344 328.616 328.942 329.324 329.766 330.272 330.849 331.5 332.222 332.976 333.58 333.996 334.217 334.246 334.085 333.734 333.192 332.456 331.524 330.398 329.118 327.866 326.679 325.56 324.504 323.506 322.56 321.662 320.811 320.002 319.237 318.513 317.83 317.187 316.585 316.022 315.497 315.01 314.56 314.144 313.762 313.413 313.093 312.803 312.539 312.299 312.083 311.888 311.714 311.56
328.495 328.717 328.998 329.34 329.747 330.225 330.784 331.439 332.21 333.134 334.286 335.088 335.612 335.894 335.951 335.793 335.421 334.833 334.017 332.956 331.613 329.914 328.437 327.104 325.881 324.745 323.68 322.677 321.73 320.833 319.985 319.183 318.426 317.714 317.047 316.423 315.842 315.303 314.805 314.345 313.924 313.539 313.188 312.869 312.58 312.319 312.083 311.87 311.678 311.505 311.352
328.809 329.032 329.319 329.673 330.098 330.603 331.201 331.912 332.768 333.82 335.147 336.072 336.672 336.997 337.073 336.914 336.526 335.901 335.025 333.869 332.384 330.489 328.862 327.421 326.116 324.913 323.792 322.739 321.746 320.808 319.92 319.083 318.295 317.555 316.863 316.219 315.621 315.069 314.56 314.093 313.668 313.281 312.931 312.615 312.33 312.074 311.843 311.635 311.447 311.278 311.125
329.059 329.283 329.574 329.934 330.369 330.888 331.504 332.24 333.131 334.228 335.612 336.579 337.208 337.547 337.629 337.467 337.066 336.42 335.512 334.311 332.765 330.795 329.101 327.603 326.248 325 323.836 322.742 321.709 320.731 319.806 318.934 318.115 317.347 316.632 315.968 315.355 314.79 314.273 313.801 313.373 312.987 312.64 312.329 312.051 311.804 311.581 311.381 311.199 311.033 310.881
329.243 329.468 329.76 330.121 330.557 331.074 331.687 332.414 333.286 334.352 335.692 336.626 337.232 337.557 337.628 337.458 337.05 336.401 335.493 334.299 332.769 330.824 329.143 327.643 326.273 325.003 323.811 322.684 321.615 320.601 319.64 318.733 317.882 317.088 316.35 315.667 315.039 314.464 313.94 313.465 313.036 312.653 312.312 312.01 311.743 311.508 311.298 311.108 310.934 310.773 310.623
329.359 329.585 329.876 330.234 330.662 331.167 331.756 332.443 333.246 334.201 335.379 336.201 336.737 337.021 337.068 336.886 336.478 335.839 334.96 333.822 332.39 330.591 329.003 327.551 326.2 324.927 323.72 322.568 321.467 320.417 319.419 318.476 317.593 316.772 316.012 315.312 314.671 314.087 313.558 313.081 312.655 312.277 311.945 311.655 311.404 311.186 310.994 310.82 310.657 310.503 310.353
329.411 329.637 329.925 330.276 330.691 331.174 331.728 332.355 333.056 333.826 334.623 335.26 335.695 335.921 335.936 335.741 335.336 334.719 333.887 332.838 331.578 330.146 328.728 327.36 326.048 324.787 323.573 322.401 321.269 320.181 319.141 318.16 317.243 316.394 315.613 314.898 314.246 313.656 313.123 312.647 312.225 311.856 311.536 311.263 311.033 310.839 310.671 310.519 310.373 310.227 310.079
329.401 329.627 329.911 330.253 330.654 331.112 331.626 332.191 332.798 333.425 334.027 334.521 334.864 335.032 335.014 334.807 334.406 333.813 333.03 332.065 330.937 329.69 328.401 327.113 325.844 324.6 323.383 322.193 321.029 319.896 318.806 317.779 316.826 315.949 315.149 314.42 313.76 313.166 312.633 312.16 311.744 311.384 311.079 310.827 310.624 310.464 310.334 310.213 310.088 309.954 309.807
329.333 329.558 329.838 330.172 330.558 330.993 331.473 331.987 332.52 333.05 333.537 333.935 334.206 334.327 334.283 334.065 333.669 333.098 332.355 331.454 330.416 329.274 328.073 326.847 325.614 324.387 323.168 321.958 320.757 319.568 318.409 317.325 316.331 315.429 314.612 313.874 313.209 312.614 312.083 311.614 311.206 310.858 310.57 310.342 310.174 310.061 309.986 309.91 309.814 309.694 309.547
329.211 329.435 329.712 330.039 330.413 330.831 331.285 331.762 332.247 332.716 333.136 333.475 333.7 333.789 333.725 333.5 333.108 332.553 331.839 330.981 329.998 328.918 327.772 326.586 325.38 324.165 322.944 321.716 320.473 319.209 317.936 316.779 315.746 314.823 313.996 313.254 312.59 311.997 311.47 311.008 310.609 310.272 310 309.797 309.668 309.62 309.641 309.626 309.564 309.459 309.314
329.037 329.261 329.535 329.857 330.225 330.633 331.072 331.531 331.991 332.429 332.818 333.128 333.33 333.402 333.329 333.101 332.712 332.166 331.468 330.632 329.677 328.628 327.509 326.346 325.156 323.948 322.727 321.487 320.211 318.861 317.346 316.11 315.051 314.121 313.295 312.557 311.899 311.313 310.794 310.339 309.948 309.621 309.362 309.177 309.082 309.108 309.332 309.39 309.358 309.264 309.119
329.037 329.037 329.31 329.631 329.997 330.403 330.841 331.297 331.756 332.193 332.58 332.888 333.09 333.162 333.089 332.861 332.474 331.93 331.235 330.403 329.452 328.406 327.292 326.134 324.948 323.745 322.529 321.294 320.023 318.679 316.476 315.265 314.226 313.314 312.505 311.782 311.136 310.561 310.053 309.607 309.224 308.903 308.649 308.468 308.375 308.4 309.187 309.245 309.213 309.119 309.119
