290.509 290.509 290.572 290.628 290.675 290.714 290.745 290.769 290.784 290.791 290.79 290.782 290.766 290.743 290.713 290.676 290.633 290.583 290.527 290.466 290.399 290.327 290.251 290.17 290.086 289.998 289.907 289.813 289.717 289.62 289.521 289.421 289.321 289.221 289.121 289.021 288.923 288.826 288.73 288.637 288.545 288.457 288.371 288.288 288.208 288.131 288.057 287.987 287.921 287.858 287.858
290.509 290.579 290.643 290.698 290.746 290.785 290.816 290.84 290.855 290.862 290.861 290.853 290.837 290.814 290.784 290.747 290.703 290.653 290.597 290.536 290.469 290.397 290.32 290.239 290.154 290.066 289.974 289.88 289.784 289.686 289.587 289.487 289.386 289.286 289.185 289.085 288.986 288.889 288.793 288.699 288.608 288.519 288.432 288.349 288.268 288.191 288.118 288.047 287.981 287.918 287.858
290.598 290.668 290.732 290.788 290.836 290.875 290.906 290.93 290.945 290.952 290.951 290.943 290.927 290.903 290.873 290.835 290.791 290.741 290.684 290.622 290.554 290.482 290.404 290.322 290.237 290.148 290.056 289.961 289.864 289.765 289.665 289.564 289.463 289.361 289.26 289.159 289.06 288.961 288.865 288.77 288.678 288.588 288.501 288.417 288.337 288.259 288.185 288.114 288.047 287.984 287.924
290.704 290.774 290.839 290.895 290.943 290.982 291.014 291.037 291.052 291.059 291.058 291.049 291.033 291.009 290.978 290.94 290.895 290.844 290.786 290.723 290.654 290.581 290.502 290.419 290.333 290.242 290.149 290.053 289.955 289.855 289.753 289.651 289.548 289.446 289.343 289.241 289.141 289.041 288.944 288.848 288.755 288.665 288.577 288.492 288.411 288.332 288.258 288.187 288.119 288.055 287.996
290.827 290.898 290.963 291.019 291.067 291.107 291.139 291.162 291.176 291.183 291.182 291.173 291.156 291.131 291.099 291.06 291.015 290.962 290.904 290.839 290.769 290.694 290.614 290.53 290.441 290.349 290.254 290.157 290.057 289.955 289.852 289.748 289.644 289.539 289.435 289.332 289.23 289.129 289.03 288.933 288.839 288.747 288.658 288.573 288.49 288.411 288.336 288.264 288.196 288.132 288.072
290.967 291.039 291.104 291.161 291.21 291.249 291.281 291.304 291.318 291.325 291.323 291.313 291.295 291.27 291.237 291.197 291.15 291.096 291.036 290.97 290.898 290.821 290.739 290.653 290.563 290.469 290.372 290.272 290.17 290.066 289.961 289.855 289.748 289.642 289.536 289.43 289.326 289.224 289.123 289.025 288.929 288.836 288.746 288.659 288.575 288.495 288.419 288.347 288.278 288.214 288.153
291.126 291.198 291.264 291.321 291.37 291.409 291.441 291.464 291.478 291.484 291.481 291.471 291.452 291.426 291.392 291.35 291.301 291.246 291.184 291.116 291.042 290.963 290.879 290.79 290.697 290.601 290.501 290.399 290.294 290.187 290.08 289.971 289.862 289.753 289.645 289.537 289.431 289.326 289.223 289.123 289.025 288.931 288.839 288.751 288.666 288.585 288.508 288.435 288.366 288.301 288.24
291.302 291.375 291.441 291.498 291.547 291.587 291.619 291.641 291.655 291.66 291.657 291.646 291.626 291.598 291.563 291.52 291.469 291.412 291.348 291.277 291.201 291.119 291.032 290.941 290.845 290.745 290.643 290.537 290.429 290.32 290.209 290.097 289.985 289.873 289.762 289.652 289.543 289.436 289.331 289.228 289.128 289.031 288.938 288.848 288.762 288.68 288.602 288.527 288.458 288.392 288.331
291.495 291.569 291.636 291.694 291.743 291.783 291.814 291.837 291.85 291.855 291.851 291.838 291.817 291.788 291.751 291.706 291.653 291.593 291.527 291.454 291.375 291.29 291.2 291.105 291.005 290.902 290.796 290.687 290.576 290.463 290.348 290.233 290.117 290.002 289.888 289.774 289.662 289.552 289.444 289.339 289.237 289.138 289.043 288.951 288.863 288.779 288.7 288.625 288.554 288.488 288.426
291.707 291.782 291.849 291.908 291.957 291.997 292.028 292.05 292.063 292.067 292.062 292.049 292.026 291.995 291.956 291.909 291.854 291.791 291.722 291.646 291.563 291.475 291.381 291.282 291.179 291.072 290.962 290.849 290.733 290.616 290.498 290.378 290.259 290.14 290.021 289.904 289.789 289.676 289.565 289.457 289.352 289.25 289.153 289.059 288.969 288.884 288.803 288.727 288.655 288.588 288.526
291.937 292.012 292.081 292.14 292.189 292.23 292.261 292.283 292.295 292.298 292.292 292.277 292.253 292.22 292.179 292.129 292.071 292.006 291.933 291.854 291.767 291.675 291.577 291.474 291.367 291.255 291.14 291.022 290.902 290.78 290.657 290.533 290.409 290.286 290.163 290.042 289.923 289.806 289.691 289.58 289.472 289.368 289.268 289.172 289.08 288.993 288.911 288.833 288.761 288.693 288.631
292.185 292.262 292.331 292.39 292.44 292.481 292.512 292.533 292.545 292.547 292.54 292.523 292.498 292.463 292.419 292.367 292.306 292.237 292.161 292.077 291.987 291.89 291.788 291.68 291.567 291.451 291.331 291.207 291.082 290.955 290.827 290.698 290.569 290.44 290.313 290.187 290.064 289.943 289.824 289.709 289.598 289.491 289.388 289.289 289.195 289.106 289.022 288.943 288.87 288.802 288.739
292.452 292.529 292.599 292.66 292.71 292.751 292.782 292.803 292.814 292.815 292.807 292.789 292.761 292.724 292.677 292.622 292.558 292.486 292.405 292.317 292.222 292.12 292.013 291.9 291.782 291.659 291.533 291.404 291.273 291.14 291.006 290.871 290.737 290.603 290.471 290.34 290.212 290.086 289.963 289.844 289.729 289.618 289.512 289.411 289.314 289.223 289.138 289.057 288.983 288.914 288.85
292.737 292.816 292.887 292.948 292.999 293.04 293.071 293.091 293.102 293.102 293.093 293.073 293.043 293.003 292.954 292.896 292.828 292.751 292.666 292.574 292.473 292.366 292.253 292.134 292.009 291.881 291.749 291.613 291.475 291.336 291.195 291.054 290.914 290.774 290.636 290.5 290.366 290.235 290.108 289.984 289.865 289.751 289.641 289.537 289.438 289.344 289.257 289.175 289.099 289.029 288.965
293.042 293.122 293.194 293.256 293.307 293.348 293.379 293.4 293.41 293.409 293.398 293.376 293.344 293.302 293.25 293.188 293.116 293.035 292.945 292.847 292.741 292.628 292.508 292.382 292.251 292.116 291.976 291.834 291.689 291.542 291.394 291.247 291.099 290.953 290.808 290.666 290.526 290.39 290.258 290.13 290.006 289.887 289.774 289.666 289.564 289.469 289.379 289.295 289.218 289.147 289.083
293.366 293.448 293.52 293.583 293.635 293.677 293.708 293.728 293.737 293.736 293.723 293.7 293.666 293.621 293.565 293.499 293.423 293.337 293.242 293.138 293.026 292.906 292.779 292.646 292.507 292.364 292.216 292.066 291.913 291.759 291.603 291.448 291.293 291.139 290.988 290.839 290.693 290.551 290.413 290.279 290.151 290.028 289.911 289.799 289.694 289.596 289.504 289.418 289.34 289.268 289.203
293.71 293.792 293.866 293.93 293.983 294.025 294.056 294.076 294.085 294.083 294.069 294.044 294.007 293.959 293.9 293.83 293.749 293.658 293.557 293.446 293.327 293.2 293.065 292.924 292.777 292.625 292.469 292.31 292.149 291.985 291.821 291.658 291.495 291.333 291.174 291.018 290.865 290.716 290.572 290.433 290.3 290.172 290.05 289.935 289.827 289.725 289.631 289.544 289.464 289.391 289.326
294.073 294.157 294.232 294.297 294.351 294.394 294.425 294.445 294.454 294.45 294.435 294.408 294.369 294.318 294.255 294.18 294.094 293.998 293.89 293.773 293.646 293.511 293.368 293.218 293.062 292.901 292.735 292.566 292.395 292.222 292.049 291.876 291.704 291.534 291.367 291.203 291.042 290.887 290.736 290.591 290.452 290.319 290.193 290.073 289.961 289.857 289.76 289.671 289.589 289.515 289.45
294.456 294.542 294.619 294.684 294.739 294.783 294.815 294.835 294.843 294.839 294.823 294.794 294.752 294.698 294.631 294.552 294.461 294.358 294.243 294.118 293.983 293.839 293.687 293.527 293.361 293.189 293.013 292.834 292.652 292.469 292.286 292.103 291.921 291.742 291.565 291.393 291.224 291.061 290.903 290.752 290.607 290.468 290.337 290.213 290.098 289.99 289.89 289.799 289.716 289.641 289.575
294.859 294.947 295.025 295.092 295.148 295.193 295.225 295.246 295.254 295.25 295.233 295.202 295.158 295.1 295.03 294.945 294.848 294.738 294.617 294.483 294.339 294.185 294.023 293.852 293.675 293.492 293.305 293.114 292.921 292.726 292.531 292.338 292.145 291.956 291.77 291.588 291.411 291.239 291.074 290.915 290.764 290.62 290.483 290.355 290.235 290.124 290.021 289.928 289.843 289.767 289.7
295.283 295.372 295.452 295.52 295.578 295.624 295.658 295.679 295.688 295.683 295.665 295.633 295.586 295.526 295.45 295.361 295.258 295.141 295.011 294.868 294.714 294.55 294.376 294.194 294.004 293.809 293.609 293.405 293.199 292.992 292.786 292.58 292.376 292.176 291.979 291.787 291.601 291.421 291.247 291.081 290.923 290.772 290.63 290.497 290.373 290.258 290.152 290.056 289.97 289.893 289.826
295.726 295.817 295.899 295.969 296.029 296.076 296.112 296.134 296.144 296.139 296.121 296.087 296.039 295.975 295.895 295.8 295.69 295.566 295.427 295.274 295.11 294.933 294.747 294.552 294.349 294.14 293.926 293.708 293.489 293.268 293.048 292.83 292.614 292.401 292.193 291.991 291.794 291.605 291.423 291.248 291.083 290.926 290.778 290.639 290.511 290.392 290.283 290.185 290.096 290.018 289.95
296.19 296.283 296.366 296.439 296.501 296.55 296.588 296.612 296.623 296.619 296.601 296.566 296.516 296.449 296.365 296.264 296.147 296.014 295.865 295.702 295.526 295.337 295.136 294.927 294.709 294.485 294.256 294.023 293.788 293.553 293.318 293.086 292.856 292.631 292.411 292.197 291.99 291.791 291.599 291.416 291.243 291.079 290.925 290.781 290.647 290.525 290.413 290.311 290.221 290.142 290.074
296.674 296.768 296.854 296.93 296.994 297.046 297.086 297.113 297.126 297.124 297.106 297.071 297.019 296.949 296.861 296.754 296.63 296.487 296.328 296.153 295.963 295.76 295.545 295.319 295.085 294.845 294.599 294.349 294.098 293.846 293.596 293.348 293.105 292.866 292.632 292.406 292.188 291.977 291.776 291.584 291.403 291.231 291.071 290.921 290.783 290.656 290.54 290.436 290.344 290.264 290.195
297.177 297.274 297.362 297.44 297.508 297.564 297.607 297.638 297.653 297.653 297.637 297.602 297.549 297.476 297.384 297.271 297.139 296.987 296.817 296.629 296.424 296.205 295.973 295.73 295.478 295.219 294.954 294.686 294.417 294.148 293.881 293.617 293.357 293.103 292.856 292.617 292.386 292.164 291.953 291.751 291.561 291.382 291.215 291.059 290.915 290.784 290.665 290.558 290.464 290.382 290.313
297.7 297.799 297.89 297.971 298.043 298.103 298.151 298.186 298.206 298.209 298.195 298.162 298.108 298.033 297.937 297.818 297.677 297.515 297.332 297.13 296.909 296.673 296.422 296.159 295.887 295.607 295.322 295.035 294.745 294.457 294.171 293.889 293.613 293.343 293.081 292.828 292.584 292.351 292.128 291.917 291.717 291.53 291.356 291.194 291.045 290.909 290.786 290.677 290.581 290.498 290.428
298.241 298.342 298.436 298.522 298.598 298.664 298.718 298.758 298.784 298.792 298.782 298.751 298.698 298.622 298.521 298.396 298.247 298.073 297.876 297.658 297.419 297.163 296.892 296.608 296.313 296.011 295.703 295.393 295.082 294.773 294.467 294.166 293.872 293.585 293.307 293.039 292.781 292.535 292.301 292.079 291.871 291.675 291.493 291.325 291.17 291.03 290.903 290.791 290.693 290.608 290.538
298.8 298.903 299.001 299.091 299.173 299.246 299.307 299.355 299.388 299.403 299.398 299.371 299.32 299.244 299.14 299.009 298.85 298.664 298.452 298.216 297.957 297.679 297.384 297.075 296.756 296.429 296.096 295.762 295.427 295.095 294.767 294.446 294.132 293.827 293.532 293.248 292.976 292.717 292.471 292.238 292.02 291.815 291.626 291.451 291.291 291.145 291.015 290.9 290.799 290.714 290.643
299.375 299.48 299.582 299.678 299.768 299.848 299.919 299.977 300.019 300.043 300.046 300.025 299.978 299.902 299.795 299.658 299.489 299.29 299.061 298.805 298.524 298.221 297.9 297.563 297.216 296.861 296.501 296.139 295.779 295.422 295.071 294.727 294.392 294.068 293.755 293.455 293.168 292.894 292.636 292.392 292.163 291.95 291.753 291.571 291.405 291.255 291.121 291.002 290.9 290.813 290.742
299.964 300.072 300.179 300.281 300.379 300.471 300.553 300.623 300.678 300.714 300.728 300.715 300.673 300.6 300.491 300.348 300.169 299.955 299.707 299.428 299.121 298.79 298.439 298.072 297.693 297.307 296.916 296.525 296.136 295.752 295.376 295.008 294.651 294.306 293.975 293.657 293.354 293.067 292.795 292.54 292.301 292.078 291.873 291.684 291.512 291.357 291.219 291.098 290.993 290.905 290.834
300.566 300.676 300.788 300.899 301.007 301.111 301.208 301.294 301.365 301.417 301.445 301.444 301.41 301.341 301.232 301.083 300.893 300.662 300.393 300.089 299.753 299.39 299.004 298.602 298.188 297.766 297.342 296.918 296.498 296.085 295.681 295.288 294.907 294.541 294.189 293.854 293.534 293.232 292.947 292.68 292.43 292.198 291.985 291.789 291.611 291.451 291.309 291.185 291.078 290.989 290.918
301.177 301.29 301.407 301.528 301.649 301.769 301.883 301.989 302.081 302.153 302.199 302.214 302.193 302.13 302.023 301.868 301.666 301.418 301.124 300.79 300.42 300.02 299.595 299.153 298.699 298.238 297.775 297.316 296.862 296.417 295.984 295.564 295.159 294.77 294.397 294.043 293.707 293.389 293.09 292.811 292.55 292.309 292.088 291.885 291.701 291.537 291.391 291.264 291.155 291.065 290.993
301.794 301.909 302.034 302.165 302.301 302.44 302.577 302.707 302.825 302.923 302.994 303.031 303.026 302.974 302.87 302.711 302.496 302.227 301.906 301.537 301.128 300.684 300.214 299.725 299.225 298.72 298.216 297.717 297.226 296.748 296.283 295.835 295.403 294.99 294.597 294.223 293.869 293.536 293.223 292.932 292.66 292.41 292.18 291.971 291.781 291.612 291.462 291.332 291.222 291.13 291.058
302.413 302.53 302.662 302.807 302.961 303.122 303.286 303.447 303.598 303.73 303.833 303.899 303.916 303.879 303.78 303.618 303.39 303.097 302.744 302.335 301.879 301.384 300.86 300.318 299.766 299.211 298.66 298.118 297.588 297.073 296.576 296.097 295.639 295.201 294.785 294.391 294.02 293.671 293.344 293.04 292.759 292.499 292.261 292.045 291.85 291.676 291.523 291.39 291.277 291.185 291.113
303.028 303.148 303.288 303.447 303.623 303.811 304.008 304.207 304.399 304.574 304.72 304.823 304.871 304.854 304.765 304.6 304.357 304.038 303.646 303.189 302.677 302.121 301.535 300.93 300.318 299.708 299.105 298.516 297.944 297.39 296.858 296.348 295.862 295.399 294.961 294.547 294.157 293.792 293.452 293.136 292.843 292.575 292.329 292.106 291.906 291.728 291.571 291.436 291.322 291.228 291.156
303.633 303.755 303.905 304.081 304.28 304.5 304.737 304.982 305.227 305.458 305.659 305.811 305.899 305.91 305.835 305.669 305.41 305.06 304.623 304.109 303.528 302.898 302.236 301.558 300.878 300.205 299.547 298.907 298.289 297.695 297.127 296.585 296.07 295.581 295.12 294.686 294.279 293.898 293.544 293.216 292.913 292.636 292.383 292.154 291.949 291.766 291.607 291.469 291.354 291.259 291.187
304.221 304.346 304.506 304.7 304.926 305.183 305.465 305.767 306.078 306.381 306.655 306.873 307.014 307.061 307.005 306.84 306.564 306.178 305.687 305.102 304.438 303.716 302.963 302.198 301.44 300.698 299.978 299.284 298.619 297.984 297.379 296.804 296.26 295.746 295.262 294.808 294.383 293.987 293.619 293.279 292.967 292.681 292.421 292.186 291.977 291.791 291.629 291.489 291.372 291.278 291.205
304.785 304.912 305.083 305.296 305.552 305.848 306.183 306.552 306.945 307.343 307.715 308.021 308.231 308.325 308.293 308.131 307.836 307.409 306.856 306.185 305.415 304.576 303.708 302.842 301.995 301.176 300.392 299.642 298.929 298.251 297.609 297.002 296.428 295.889 295.382 294.908 294.466 294.055 293.675 293.324 293.002 292.709 292.442 292.203 291.989 291.8 291.636 291.495 291.377 291.282 291.209
305.315 305.444 305.626 305.859 306.145 306.484 306.877 307.323 307.816 308.339 308.851 309.276 309.573 309.725 309.722 309.564 309.249 308.777 308.151 307.376 306.47 305.473 304.462 303.475 302.53 301.631 300.779 299.973 299.212 298.492 297.813 297.174 296.572 296.007 295.479 294.986 294.527 294.102 293.709 293.348 293.018 292.717 292.446 292.202 291.985 291.794 291.628 291.486 291.368 291.272 291.199
305.804 305.936 306.127 306.379 306.694 307.075 307.527 308.056 308.667 309.356 310.082 310.667 311.07 311.285 311.315 311.162 310.827 310.308 309.602 308.705 307.623 306.395 305.2 304.076 303.027 302.047 301.13 300.269 299.461 298.701 297.987 297.316 296.687 296.099 295.549 295.038 294.563 294.124 293.72 293.35 293.012 292.706 292.429 292.182 291.963 291.771 291.604 291.462 291.343 291.248 291.175
306.244 306.377 306.577 306.845 307.185 307.603 308.109 308.717 309.45 310.34 311.469 312.25 312.764 313.042 313.102 312.954 312.6 312.036 311.253 310.231 308.937 307.29 305.876 304.612 303.464 302.409 301.432 300.522 299.671 298.873 298.126 297.426 296.771 296.159 295.59 295.061 294.572 294.12 293.706 293.327 292.983 292.672 292.392 292.143 291.923 291.73 291.564 291.422 291.304 291.209 291.137
306.627 306.761 306.968 307.249 307.607 308.052 308.598 309.263 310.081 311.1 312.405 313.311 313.902 314.224 314.304 314.158 313.789 313.192 312.351 311.238 309.805 307.967 306.408 305.041 303.817 302.703 301.676 300.724 299.835 299.004 298.227 297.499 296.82 296.187 295.598 295.053 294.55 294.088 293.665 293.279 292.929 292.615 292.333 292.084 291.864 291.672 291.507 291.367 291.25 291.156 291.083
306.949 307.084 307.295 307.583 307.952 308.411 308.975 309.667 310.52 311.586 312.947 313.898 314.518 314.857 314.944 314.796 314.417 313.801 312.932 311.776 310.285 308.377 306.755 305.336 304.069 302.917 301.855 300.87 299.951 299.091 298.286 297.533 296.831 296.178 295.572 295.012 294.497 294.025 293.594 293.202 292.849 292.533 292.251 292.002 291.784 291.595 291.433 291.296 291.181 291.089 291.016
307.206 307.343 307.555 307.844 308.214 308.674 309.235 309.917 310.753 311.788 313.107 314.025 314.623 314.949 315.027 314.873 314.49 313.872 313.005 311.86 310.389 308.511 306.906 305.49 304.215 303.048 301.967 300.959 300.016 299.13 298.301 297.525 296.801 296.13 295.508 294.935 294.409 293.929 293.491 293.096 292.741 292.424 292.143 291.897 291.683 291.5 291.343 291.21 291.099 291.008 290.937
307.398 307.536 307.747 308.033 308.397 308.843 309.382 310.025 310.793 311.717 312.876 313.682 314.212 314.497 314.554 314.39 314.007 313.403 312.567 311.48 310.111 308.38 306.875 305.513 304.263 303.101 302.015 300.993 300.031 299.123 298.27 297.472 296.729 296.039 295.403 294.819 294.284 293.797 293.355 292.958 292.602 292.286 292.009 291.768 291.561 291.385 291.236 291.11 291.005 290.917 290.845
307.528 307.666 307.875 308.154 308.505 308.93 309.433 310.017 310.683 311.426 312.2 312.824 313.254 313.482 313.507 313.331 312.954 312.372 311.586 310.591 309.395 308.04 306.706 305.434 304.23 303.089 302.006 300.977 299.998 299.07 298.194 297.373 296.61 295.904 295.255 294.661 294.12 293.628 293.184 292.785 292.431 292.118 291.846 291.613 291.416 291.251 291.114 290.998 290.9 290.816 290.745
307.597 307.735 307.94 308.211 308.548 308.949 309.413 309.936 310.508 311.107 311.688 312.171 312.508 312.679 312.673 312.486 312.114 311.559 310.822 309.914 308.853 307.684 306.484 305.297 304.142 303.027 301.952 300.918 299.925 298.974 298.07 297.224 296.441 295.72 295.061 294.46 293.913 293.419 292.974 292.577 292.225 291.917 291.653 291.429 291.245 291.097 290.978 290.877 290.789 290.711 290.64
307.609 307.748 307.949 308.212 308.534 308.913 309.343 309.815 310.314 310.815 311.283 311.669 311.936 312.061 312.029 311.832 311.466 310.933 310.239 309.397 308.427 307.366 306.258 305.137 304.024 302.932 301.866 300.827 299.817 298.837 297.897 297.022 296.218 295.484 294.816 294.211 293.662 293.168 292.725 292.33 291.983 291.682 291.426 291.214 291.047 290.922 290.83 290.751 290.677 290.605 290.535
307.57 307.708 307.906 308.162 308.473 308.835 309.239 309.675 310.126 310.567 310.969 311.295 311.517 311.61 311.559 311.355 310.994 310.478 309.814 309.015 308.103 307.105 306.053 304.976 303.894 302.82 301.76 300.716 299.687 298.669 297.669 296.755 295.932 295.189 294.518 293.912 293.365 292.874 292.434 292.045 291.703 291.408 291.161 290.963 290.815 290.722 290.676 290.627 290.569 290.505 290.435
307.48 307.618 307.814 308.066 308.371 308.723 309.113 309.53 309.956 310.368 310.738 311.036 311.234 311.311 311.251 311.044 310.686 310.18 309.532 308.756 307.872 306.905 305.883 304.829 303.764 302.701 301.646 300.6 299.555 298.492 297.361 296.407 295.573 294.829 294.162 293.561 293.021 292.535 292.102 291.718 291.383 291.095 290.855 290.667 290.537 290.481 290.533 290.52 290.477 290.418 290.348
307.48 307.48 307.676 307.927 308.23 308.58 308.969 309.384 309.809 310.219 310.587 310.884 311.082 311.159 311.099 310.893 310.536 310.032 309.386 308.614 307.733 306.77 305.752 304.702 303.642 302.583 301.532 300.49 299.449 298.39 296.883 295.948 295.13 294.401 293.747 293.158 292.628 292.152 291.727 291.351 291.022 290.74 290.505 290.321 290.193 290.138 290.463 290.45 290.407 290.348 290.348
