0 0 292.909
0 1 292.909
0 2 292.983
0 3 293.05
0 4 293.11
0 5 293.165
0 6 293.213
0 7 293.255
0 8 293.292
0 9 293.322
0 10 293.346
0 11 293.364
0 12 293.376
0 13 293.383
0 14 293.384
0 15 293.38
0 16 293.37
0 17 293.355
0 18 293.336
0 19 293.311
0 20 293.282
0 21 293.248
0 22 293.21
0 23 293.168
0 24 293.123
0 25 293.074
0 26 293.021
0 27 292.965
0 28 292.907
0 29 292.846
0 30 292.783
0 31 292.717
0 32 292.65
0 33 292.581
0 34 292.51
0 35 292.438
0 36 292.365
0 37 292.292
0 38 292.217
0 39 292.142
0 40 292.067
0 41 291.991
0 42 291.916
0 43 291.84
0 44 291.765
0 45 291.689
0 46 291.615
0 47 291.54
0 48 291.466
0 49 291.392
0 50 291.392

1 0 292.909
1 1 292.989
1 2 293.062
1 3 293.13
1 4 293.191
1 5 293.245
1 6 293.294
1 7 293.336
1 8 293.373
1 9 293.403
1 10 293.427
1 11 293.445
1 12 293.458
1 13 293.465
1 14 293.466
1 15 293.461
1 16 293.452
1 17 293.437
1 18 293.417
1 19 293.392
1 20 293.363
1 21 293.329
1 22 293.291
1 23 293.249
1 24 293.203
1 25 293.154
1 26 293.101
1 27 293.045
1 28 292.987
1 29 292.925
1 30 292.862
1 31 292.796
1 32 292.728
1 33 292.659
1 34 292.588
1 35 292.516
1 36 292.443
1 37 292.369
1 38 292.294
1 39 292.219
1 40 292.143
1 41 292.067
1 42 291.991
1 43 291.916
1 44 291.84
1 45 291.764
1 46 291.689
1 47 291.614
1 48 291.54
1 49 291.466
1 50 291.392

2 0 292.995
2 1 293.075
2 2 293.149
2 3 293.216
2 4 293.277
2 5 293.332
2 6 293.381
2 7 293.424
2 8 293.46
2 9 293.49
2 10 293.514
2 11 293.533
2 12 293.545
2 13 293.552
2 14 293.553
2 15 293.548
2 16 293.538
2 17 293.523
2 18 293.503
2 19 293.478
2 20 293.448
2 21 293.414
2 22 293.376
2 23 293.333
2 24 293.287
2 25 293.237
2 26 293.184
2 27 293.128
2 28 293.069
2 29 293.007
2 30 292.943
2 31 292.877
2 32 292.809
2 33 292.739
2 34 292.667
2 35 292.595
2 36 292.521
2 37 292.447
2 38 292.371
2 39 292.296
2 40 292.22
2 41 292.143
2 42 292.067
2 43 291.991
2 44 291.915
2 45 291.839
2 46 291.763
2 47 291.688
2 48 291.613
2 49 291.539
2 50 291.465

3 0 293.087
3 1 293.167
3 2 293.241
3 3 293.309
3 4 293.37
3 5 293.425
3 6 293.474
3 7 293.517
3 8 293.553
3 9 293.584
3 10 293.608
3 11 293.626
3 12 293.638
3 13 293.644
3 14 293.645
3 15 293.64
3 16 293.63
3 17 293.615
3 18 293.594
3 19 293.569
3 20 293.538
3 21 293.504
3 22 293.465
3 23 293.422
3 24 293.375
3 25 293.324
3 26 293.271
3 27 293.214
3 28 293.154
3 29 293.091
3 30 293.027
3 31 292.96
3 32 292.891
3 33 292.82
3 34 292.748
3 35 292.675
3 36 292.6
3 37 292.525
3 38 292.449
3 39 292.373
3 40 292.296
3 41 292.219
3 42 292.143
3 43 292.066
3 44 291.989
3 45 291.913
3 46 291.837
3 47 291.761
3 48 291.686
3 49 291.611
3 50 291.537

4 0 293.185
4 1 293.265
4 2 293.34
4 3 293.408
4 4 293.469
4 5 293.525
4 6 293.574
4 7 293.616
4 8 293.653
4 9 293.683
4 10 293.707
4 11 293.725
4 12 293.737
4 13 293.743
4 14 293.743
4 15 293.738
4 16 293.727
4 17 293.711
4 18 293.69
4 19 293.664
4 20 293.633
4 21 293.598
4 22 293.558
4 23 293.514
4 24 293.466
4 25 293.415
4 26 293.36
4 27 293.302
4 28 293.241
4 29 293.178
4 30 293.112
4 31 293.044
4 32 292.974
4 33 292.903
4 34 292.83
4 35 292.756
4 36 292.68
4 37 292.604
4 38 292.528
4 39 292.451
4 40 292.373
4 41 292.296
4 42 292.218
4 43 292.141
4 44 292.063
4 45 291.987
4 46 291.91
4 47 291.834
4 48 291.759
4 49 291.684
4 50 291.609

5 0 293.289
5 1 293.37
5 2 293.445
5 3 293.513
5 4 293.575
5 5 293.631
5 6 293.68
5 7 293.722
5 8 293.758
5 9 293.789
5 10 293.812
5 11 293.83
5 12 293.842
5 13 293.847
5 14 293.847
5 15 293.841
5 16 293.83
5 17 293.813
5 18 293.791
5 19 293.764
5 20 293.732
5 21 293.696
5 22 293.655
5 23 293.61
5 24 293.561
5 25 293.508
5 26 293.453
5 27 293.393
5 28 293.331
5 29 293.267
5 30 293.2
5 31 293.131
5 32 293.06
5 33 292.987
5 34 292.913
5 35 292.838
5 36 292.761
5 37 292.684
5 38 292.607
5 39 292.528
5 40 292.45
5 41 292.372
5 42 292.293
5 43 292.215
5 44 292.137
5 45 292.06
5 46 291.983
5 47 291.907
5 48 291.831
5 49 291.755
5 50 291.681

6 0 293.4
6 1 293.481
6 2 293.556
6 3 293.625
6 4 293.687
6 5 293.743
6 6 293.792
6 7 293.834
6 8 293.871
6 9 293.9
6 10 293.924
6 11 293.941
6 12 293.952
6 13 293.957
6 14 293.956
6 15 293.95
6 16 293.938
6 17 293.92
6 18 293.897
6 19 293.869
6 20 293.836
6 21 293.798
6 22 293.756
6 23 293.71
6 24 293.659
6 25 293.606
6 26 293.548
6 27 293.488
6 28 293.424
6 29 293.358
6 30 293.29
6 31 293.219
6 32 293.147
6 33 293.073
6 34 292.997
6 35 292.92
6 36 292.843
6 37 292.765
6 38 292.686
6 39 292.607
6 40 292.527
6 41 292.448
6 42 292.369
6 43 292.29
6 44 292.211
6 45 292.133
6 46 292.055
6 47 291.978
6 48 291.902
6 49 291.826
6 50 291.751

7 0 293.517
7 1 293.599
7 2 293.674
7 3 293.743
7 4 293.806
7 5 293.861
7 6 293.91
7 7 293.953
7 8 293.989
7 9 294.018
7 10 294.042
7 11 294.058
7 12 294.069
7 13 294.073
7 14 294.072
7 15 294.064
7 16 294.051
7 17 294.032
7 18 294.008
7 19 293.978
7 20 293.944
7 21 293.905
7 22 293.861
7 23 293.814
7 24 293.762
7 25 293.706
7 26 293.647
7 27 293.585
7 28 293.52
7 29 293.452
7 30 293.382
7 31 293.309
7 32 293.235
7 33 293.16
7 34 293.083
7 35 293.004
7 36 292.925
7 37 292.846
7 38 292.765
7 39 292.685
7 40 292.604
7 41 292.524
7 42 292.444
7 43 292.364
7 44 292.284
7 45 292.205
7 46 292.127
7 47 292.049
7 48 291.973
7 49 291.897
7 50 291.821

8 0 293.641
8 1 293.723
8 2 293.799
8 3 293.868
8 4 293.931
8 5 293.986
8 6 294.036
8 7 294.078
8 8 294.114
8 9 294.143
8 10 294.166
8 11 294.182
8 12 294.192
8 13 294.195
8 14 294.193
8 15 294.184
8 16 294.17
8 17 294.15
8 18 294.124
8 19 294.093
8 20 294.057
8 21 294.016
8 22 293.971
8 23 293.921
8 24 293.868
8 25 293.81
8 26 293.749
8 27 293.685
8 28 293.618
8 29 293.548
8 30 293.476
8 31 293.402
8 32 293.326
8 33 293.248
8 34 293.169
8 35 293.089
8 36 293.008
8 37 292.927
8 38 292.845
8 39 292.763
8 40 292.681
8 41 292.6
8 42 292.518
8 43 292.437
8 44 292.357
8 45 292.277
8 46 292.198
8 47 292.12
8 48 292.043
8 49 291.966
8 50 291.891

9 0 293.771
9 1 293.854
9 2 293.93
9 3 294
9 4 294.063
9 5 294.118
9 6 294.167
9 7 294.21
9 8 294.245
9 9 294.274
9 10 294.296
9 11 294.312
9 12 294.321
9 13 294.323
9 14 294.32
9 15 294.31
9 16 294.294
9 17 294.273
9 18 294.245
9 19 294.213
9 20 294.175
9 21 294.132
9 22 294.085
9 23 294.033
9 24 293.977
9 25 293.918
9 26 293.854
9 27 293.788
9 28 293.719
9 29 293.646
9 30 293.572
9 31 293.496
9 32 293.417
9 33 293.338
9 34 293.257
9 35 293.175
9 36 293.092
9 37 293.009
9 38 292.925
9 39 292.842
9 40 292.758
9 41 292.675
9 42 292.592
9 43 292.51
9 44 292.429
9 45 292.348
9 46 292.268
9 47 292.189
9 48 292.112
9 49 292.035
9 50 291.959

10 0 293.908
10 1 293.992
10 2 294.068
10 3 294.138
10 4 294.201
10 5 294.257
10 6 294.306
10 7 294.348
10 8 294.383
10 9 294.412
10 10 294.433
10 11 294.448
10 12 294.456
10 13 294.458
10 14 294.453
10 15 294.442
10 16 294.424
10 17 294.401
10 18 294.372
10 19 294.338
10 20 294.298
10 21 294.253
10 22 294.203
10 23 294.149
10 24 294.091
10 25 294.029
10 26 293.963
10 27 293.894
10 28 293.822
10 29 293.747
10 30 293.67
10 31 293.591
10 32 293.511
10 33 293.428
10 34 293.345
10 35 293.261
10 36 293.176
10 37 293.091
10 38 293.005
10 39 292.92
10 40 292.835
10 41 292.75
10 42 292.666
10 43 292.583
10 44 292.5
10 45 292.418
10 46 292.338
10 47 292.258
10 48 292.18
10 49 292.102
10 50 292.026

11 0 294.052
11 1 294.136
11 2 294.214
11 3 294.284
11 4 294.347
11 5 294.403
11 6 294.452
11 7 294.494
11 8 294.528
11 9 294.556
11 10 294.577
11 11 294.591
11 12 294.598
11 13 294.599
11 14 294.592
11 15 294.58
11 16 294.561
11 17 294.536
11 18 294.505
11 19 294.468
11 20 294.426
11 21 294.378
11 22 294.326
11 23 294.269
11 24 294.208
11 25 294.143
11 26 294.075
11 27 294.003
11 28 293.928
11 29 293.85
11 30 293.771
11 31 293.689
11 32 293.605
11 33 293.52
11 34 293.434
11 35 293.348
11 36 293.261
11 37 293.173
11 38 293.086
11 39 292.998
11 40 292.911
11 41 292.825
11 42 292.739
11 43 292.654
11 44 292.57
11 45 292.487
11 46 292.406
11 47 292.326
11 48 292.246
11 49 292.169
11 50 292.092

12 0 294.203
12 1 294.288
12 2 294.366
12 3 294.436
12 4 294.499
12 5 294.556
12 6 294.604
12 7 294.646
12 8 294.681
12 9 294.708
12 10 294.728
12 11 294.741
12 12 294.747
12 13 294.746
12 14 294.738
12 15 294.724
12 16 294.703
12 17 294.676
12 18 294.643
12 19 294.604
12 20 294.559
12 21 294.509
12 22 294.454
12 23 294.394
12 24 294.33
12 25 294.262
12 26 294.19
12 27 294.115
12 28 294.037
12 29 293.956
12 30 293.873
12 31 293.788
12 32 293.701
12 33 293.613
12 34 293.525
12 35 293.435
12 36 293.345
12 37 293.255
12 38 293.165
12 39 293.076
12 40 292.987
12 41 292.898
12 42 292.811
12 43 292.725
12 44 292.639
12 45 292.555
12 46 292.473
12 47 292.392
12 48 292.312
12 49 292.234
12 50 292.157

13 0 294.361
13 1 294.447
13 2 294.525
13 3 294.596
13 4 294.659
13 5 294.715
13 6 294.764
13 7 294.806
13 8 294.84
13 9 294.866
13 10 294.886
13 11 294.898
13 12 294.903
13 13 294.9
13 14 294.891
13 15 294.875
13 16 294.852
13 17 294.822
13 18 294.787
13 19 294.745
13 20 294.697
13 21 294.644
13 22 294.586
13 23 294.523
13 24 294.455
13 25 294.384
13 26 294.308
13 27 294.23
13 28 294.148
13 29 294.064
13 30 293.977
13 31 293.889
13 32 293.799
13 33 293.708
13 34 293.616
13 35 293.523
13 36 293.43
13 37 293.338
13 38 293.245
13 39 293.153
13 40 293.062
13 41 292.971
13 42 292.882
13 43 292.794
13 44 292.707
13 45 292.622
13 46 292.538
13 47 292.456
13 48 292.376
13 49 292.297
13 50 292.221

14 0 294.527
14 1 294.613
14 2 294.691
14 3 294.763
14 4 294.826
14 5 294.883
14 6 294.932
14 7 294.973
14 8 295.006
14 9 295.032
14 10 295.051
14 11 295.062
14 12 295.066
14 13 295.062
14 14 295.051
14 15 295.032
14 16 295.007
14 17 294.975
14 18 294.937
14 19 294.892
14 20 294.841
14 21 294.785
14 22 294.723
14 23 294.656
14 24 294.585
14 25 294.509
14 26 294.43
14 27 294.347
14 28 294.262
14 29 294.173
14 30 294.083
14 31 293.991
14 32 293.897
14 33 293.802
14 34 293.707
14 35 293.611
14 36 293.515
14 37 293.419
14 38 293.324
14 39 293.229
14 40 293.136
14 41 293.043
14 42 292.952
14 43 292.862
14 44 292.774
14 45 292.687
14 46 292.602
14 47 292.519
14 48 292.438
14 49 292.359
14 50 292.282

15 0 294.699
15 1 294.786
15 2 294.865
15 3 294.937
15 4 295.001
15 5 295.058
15 6 295.106
15 7 295.147
15 8 295.181
15 9 295.206
15 10 295.224
15 11 295.234
15 12 295.236
15 13 295.23
15 14 295.217
15 15 295.197
15 16 295.169
15 17 295.134
15 18 295.093
15 19 295.045
15 20 294.991
15 21 294.93
15 22 294.865
15 23 294.794
15 24 294.719
15 25 294.639
15 26 294.555
15 27 294.468
15 28 294.378
15 29 294.286
15 30 294.191
15 31 294.095
15 32 293.997
15 33 293.898
15 34 293.799
15 35 293.699
15 36 293.6
15 37 293.501
15 38 293.402
15 39 293.305
15 40 293.209
15 41 293.114
15 42 293.02
15 43 292.928
15 44 292.838
15 45 292.75
15 46 292.664
15 47 292.58
15 48 292.499
15 49 292.419
15 50 292.342

16 0 294.88
16 1 294.967
16 2 295.047
16 3 295.119
16 4 295.184
16 5 295.24
16 6 295.289
16 7 295.33
16 8 295.363
16 9 295.387
16 10 295.404
16 11 295.413
16 12 295.414
16 13 295.406
16 14 295.391
16 15 295.369
16 16 295.338
16 17 295.3
16 18 295.256
16 19 295.204
16 20 295.146
16 21 295.082
16 22 295.012
16 23 294.937
16 24 294.857
16 25 294.772
16 26 294.684
16 27 294.592
16 28 294.497
16 29 294.4
16 30 294.301
16 31 294.2
16 32 294.097
16 33 293.994
16 34 293.891
16 35 293.787
16 36 293.684
16 37 293.582
16 38 293.48
16 39 293.379
16 40 293.28
16 41 293.183
16 42 293.087
16 43 292.993
16 44 292.901
16 45 292.812
16 46 292.724
16 47 292.639
16 48 292.557
16 49 292.477
16 50 292.399

17 0 295.068
17 1 295.156
17 2 295.236
17 3 295.309
17 4 295.374
17 5 295.431
17 6 295.479
17 7 295.52
17 8 295.552
17 9 295.577
17 10 295.593
17 11 295.6
17 12 295.599
17 13 295.59
17 14 295.573
17 15 295.548
17 16 295.515
17 17 295.474
17 18 295.425
17 19 295.37
17 20 295.307
17 21 295.239
17 22 295.164
17 23 295.084
17 24 294.999
17 25 294.909
17 26 294.816
17 27 294.719
17 28 294.619
17 29 294.516
17 30 294.412
17 31 294.306
17 32 294.199
17 33 294.091
17 34 293.983
17 35 293.875
17 36 293.768
17 37 293.662
17 38 293.556
17 39 293.452
17 40 293.35
17 41 293.25
17 42 293.152
17 43 293.055
17 44 292.962
17 45 292.87
17 46 292.782
17 47 292.696
17 48 292.613
17 49 292.532
17 50 292.454

18 0 295.263
18 1 295.352
18 2 295.433
18 3 295.507
18 4 295.572
18 5 295.629
18 6 295.678
18 7 295.719
18 8 295.751
18 9 295.774
18 10 295.789
18 11 295.796
18 12 295.794
18 13 295.783
18 14 295.763
18 15 295.735
18 16 295.699
18 17 295.654
18 18 295.602
18 19 295.542
18 20 295.475
18 21 295.402
18 22 295.322
18 23 295.237
18 24 295.146
18 25 295.051
18 26 294.951
18 27 294.849
18 28 294.743
18 29 294.635
18 30 294.524
18 31 294.413
18 32 294.301
18 33 294.188
18 34 294.075
18 35 293.963
18 36 293.851
18 37 293.74
18 38 293.631
18 39 293.524
18 40 293.418
18 41 293.315
18 42 293.214
18 43 293.116
18 44 293.02
18 45 292.927
18 46 292.837
18 47 292.75
18 48 292.665
18 49 292.584
18 50 292.506

19 0 295.467
19 1 295.557
19 2 295.638
19 3 295.712
19 4 295.778
19 5 295.836
19 6 295.885
19 7 295.925
19 8 295.957
19 9 295.981
19 10 295.995
19 11 296
19 12 295.996
19 13 295.984
19 14 295.962
19 15 295.931
19 16 295.891
19 17 295.843
19 18 295.786
19 19 295.722
19 20 295.65
19 21 295.571
19 22 295.486
19 23 295.394
19 24 295.297
19 25 295.196
19 26 295.09
19 27 294.981
19 28 294.869
19 29 294.755
19 30 294.639
19 31 294.521
19 32 294.403
19 33 294.285
19 34 294.167
19 35 294.049
19 36 293.933
19 37 293.818
19 38 293.705
19 39 293.593
19 40 293.484
19 41 293.378
19 42 293.274
19 43 293.173
19 44 293.075
19 45 292.98
19 46 292.889
19 47 292.8
19 48 292.715
19 49 292.634
19 50 292.556

20 0 295.678
20 1 295.769
20 2 295.852
20 3 295.926
20 4 295.993
20 5 296.051
20 6 296.1
20 7 296.141
20 8 296.173
20 9 296.196
20 10 296.209
20 11 296.214
20 12 296.208
20 13 296.193
20 14 296.169
20 15 296.135
20 16 296.092
20 17 296.039
20 18 295.978
20 19 295.909
20 20 295.831
20 21 295.747
20 22 295.655
20 23 295.557
20 24 295.454
20 25 295.346
20 26 295.233
20 27 295.117
20 28 294.998
20 29 294.877
20 30 294.754
20 31 294.63
20 32 294.506
20 33 294.381
20 34 294.258
20 35 294.135
20 36 294.013
20 37 293.893
20 38 293.776
20 39 293.66
20 40 293.548
20 41 293.438
20 42 293.331
20 43 293.227
20 44 293.127
20 45 293.031
20 46 292.937
20 47 292.848
20 48 292.762
20 49 292.68
20 50 292.601

21 0 295.898
21 1 295.989
21 2 296.073
21 3 296.148
21 4 296.215
21 5 296.274
21 6 296.324
21 7 296.366
21 8 296.398
21 9 296.42
21 10 296.433
21 11 296.437
21 12 296.43
21 13 296.413
21 14 296.386
21 15 296.349
21 16 296.302
21 17 296.245
21 18 296.179
21 19 296.104
21 20 296.02
21 21 295.929
21 22 295.831
21 23 295.726
21 24 295.615
21 25 295.499
21 26 295.379
21 27 295.255
21 28 295.129
21 29 295
21 30 294.87
21 31 294.739
21 32 294.608
21 33 294.478
21 34 294.348
21 35 294.219
21 36 294.092
21 37 293.967
21 38 293.845
21 39 293.725
21 40 293.608
21 41 293.495
21 42 293.385
21 43 293.279
21 44 293.176
21 45 293.077
21 46 292.982
21 47 292.892
21 48 292.805
21 49 292.722
21 50 292.644

22 0 296.125
22 1 296.217
22 2 296.302
22 3 296.378
22 4 296.447
22 5 296.506
22 6 296.557
22 7 296.599
22 8 296.632
22 9 296.654
22 10 296.667
22 11 296.67
22 12 296.661
22 13 296.642
22 14 296.613
22 15 296.572
22 16 296.521
22 17 296.46
22 18 296.388
22 19 296.307
22 20 296.217
22 21 296.119
22 22 296.013
22 23 295.9
22 24 295.781
22 25 295.657
22 26 295.529
22 27 295.397
22 28 295.262
22 29 295.125
22 30 294.988
22 31 294.849
22 32 294.711
22 33 294.573
22 34 294.436
22 35 294.301
22 36 294.168
22 37 294.038
22 38 293.911
22 39 293.787
22 40 293.666
22 41 293.549
22 42 293.435
22 43 293.326
22 44 293.221
22 45 293.12
22 46 293.023
22 47 292.931
22 48 292.844
22 49 292.76
22 50 292.682

23 0 296.36
23 1 296.454
23 2 296.539
23 3 296.617
23 4 296.686
23 5 296.747
23 6 296.799
23 7 296.842
23 8 296.875
23 9 296.899
23 10 296.911
23 11 296.913
23 12 296.904
23 13 296.883
23 14 296.85
23 15 296.807
23 16 296.751
23 17 296.685
23 18 296.607
23 19 296.52
23 20 296.422
23 21 296.316
23 22 296.202
23 23 296.08
23 24 295.953
23 25 295.82
23 26 295.682
23 27 295.541
23 28 295.397
23 29 295.252
23 30 295.105
23 31 294.959
23 32 294.812
23 33 294.667
23 34 294.523
23 35 294.382
23 36 294.243
23 37 294.107
23 38 293.974
23 39 293.845
23 40 293.719
23 41 293.598
23 42 293.481
23 43 293.369
23 44 293.261
23 45 293.158
23 46 293.06
23 47 292.967
23 48 292.878
23 49 292.794
23 50 292.715

24 0 296.604
24 1 296.698
24 2 296.785
24 3 296.864
24 4 296.935
24 5 296.997
24 6 297.051
24 7 297.095
24 8 297.129
24 9 297.153
24 10 297.166
24 11 297.168
24 12 297.157
24 13 297.135
24 14 297.1
24 15 297.052
24 16 296.992
24 17 296.92
24 18 296.836
24 19 296.742
24 20 296.636
24 21 296.522
24 22 296.398
24 23 296.267
24 24 296.129
24 25 295.986
24 26 295.839
24 27 295.688
24 28 295.534
24 29 295.379
24 30 295.223
24 31 295.068
24 32 294.913
24 33 294.759
24 34 294.608
24 35 294.459
24 36 294.314
24 37 294.171
24 38 294.033
24 39 293.899
24 40 293.769
24 41 293.644
24 42 293.523
24 43 293.408
24 44 293.297
24 45 293.192
24 46 293.092
24 47 292.997
24 48 292.907
24 49 292.823
24 50 292.744

25 0 296.854
25 1 296.95
25 2 297.038
25 3 297.118
25 4 297.191
25 5 297.256
25 6 297.311
25 7 297.357
25 8 297.394
25 9 297.419
25 10 297.433
25 11 297.434
25 12 297.423
25 13 297.399
25 14 297.361
25 15 297.31
25 16 297.245
25 17 297.167
25 18 297.077
25 19 296.974
25 20 296.86
25 21 296.736
25 22 296.602
25 23 296.46
25 24 296.312
25 25 296.158
25 26 295.999
25 27 295.837
25 28 295.673
25 29 295.507
25 30 295.341
25 31 295.176
25 32 295.012
25 33 294.85
25 34 294.69
25 35 294.534
25 36 294.381
25 37 294.233
25 38 294.088
25 39 293.949
25 40 293.814
25 41 293.684
25 42 293.56
25 43 293.441
25 44 293.328
25 45 293.22
25 46 293.118
25 47 293.022
25 48 292.932
25 49 292.847
25 50 292.768

26 0 297.113
26 1 297.209
26 2 297.299
26 3 297.381
26 4 297.456
26 5 297.523
26 6 297.581
26 7 297.63
26 8 297.669
26 9 297.696
26 10 297.711
26 11 297.714
26 12 297.702
26 13 297.677
26 14 297.637
26 15 297.582
26 16 297.512
26 17 297.428
26 18 297.329
26 19 297.218
26 20 297.094
26 21 296.959
26 22 296.814
26 23 296.66
26 24 296.5
26 25 296.333
26 26 296.163
26 27 295.989
26 28 295.813
26 29 295.636
26 30 295.459
26 31 295.283
26 32 295.109
26 33 294.938
26 34 294.77
26 35 294.605
26 36 294.445
26 37 294.289
26 38 294.139
26 39 293.994
26 40 293.854
26 41 293.72
26 42 293.592
26 43 293.469
26 44 293.353
26 45 293.243
26 46 293.139
26 47 293.041
26 48 292.95
26 49 292.865
26 50 292.785

27 0 297.378
27 1 297.475
27 2 297.567
27 3 297.651
27 4 297.729
27 5 297.799
27 6 297.861
27 7 297.913
27 8 297.955
27 9 297.985
27 10 298.003
27 11 298.007
27 12 297.996
27 13 297.97
27 14 297.927
27 15 297.868
27 16 297.793
27 17 297.702
27 18 297.595
27 19 297.474
27 20 297.339
27 21 297.192
27 22 297.034
27 23 296.868
27 24 296.694
27 25 296.514
27 26 296.329
27 27 296.142
27 28 295.953
27 29 295.764
27 30 295.575
27 31 295.388
27 32 295.204
27 33 295.022
27 34 294.845
27 35 294.672
27 36 294.504
27 37 294.341
27 38 294.184
27 39 294.033
27 40 293.888
27 41 293.749
27 42 293.617
27 43 293.491
27 44 293.372
27 45 293.26
27 46 293.154
27 47 293.055
27 48 292.962
27 49 292.876
27 50 292.797

28 0 297.649
28 1 297.748
28 2 297.841
28 3 297.928
28 4 298.009
28 5 298.083
28 6 298.149
28 7 298.206
28 8 298.253
28 9 298.287
28 10 298.308
28 11 298.314
28 12 298.305
28 13 298.278
28 14 298.234
28 15 298.171
28 16 298.09
28 17 297.991
28 18 297.875
28 19 297.743
28 20 297.596
28 21 297.436
28 22 297.264
28 23 297.082
28 24 296.893
28 25 296.698
28 26 296.499
28 27 296.297
28 28 296.094
28 29 295.891
28 30 295.69
28 31 295.491
28 32 295.295
28 33 295.103
28 34 294.916
28 35 294.734
28 36 294.558
28 37 294.387
28 38 294.224
28 39 294.066
28 40 293.916
28 41 293.772
28 42 293.636
28 43 293.507
28 44 293.384
28 45 293.269
28 46 293.162
28 47 293.061
28 48 292.968
28 49 292.881
28 50 292.802

29 0 297.926
29 1 298.026
29 2 298.121
29 3 298.212
29 4 298.297
29 5 298.376
29 6 298.447
29 7 298.51
29 8 298.562
29 9 298.602
29 10 298.628
29 11 298.638
29 12 298.631
29 13 298.605
29 14 298.558
29 15 298.492
29 16 298.405
29 17 298.298
29 18 298.172
29 19 298.027
29 20 297.866
29 21 297.691
29 22 297.503
29 23 297.305
29 24 297.099
29 25 296.887
29 26 296.671
29 27 296.454
29 28 296.235
29 29 296.018
29 30 295.802
29 31 295.59
29 32 295.382
29 33 295.179
29 34 294.982
29 35 294.79
29 36 294.605
29 37 294.427
29 38 294.256
29 39 294.093
29 40 293.937
29 41 293.788
29 42 293.648
29 43 293.515
29 44 293.39
29 45 293.272
29 46 293.163
29 47 293.06
29 48 292.966
29 49 292.879
29 50 292.8

30 0 298.207
30 1 298.308
30 2 298.406
30 3 298.5
30 4 298.591
30 5 298.676
30 6 298.754
30 7 298.824
30 8 298.884
30 9 298.932
30 10 298.964
30 11 298.979
30 12 298.976
30 13 298.951
30 14 298.904
30 15 298.834
30 16 298.74
30 17 298.624
30 18 298.486
30 19 298.328
30 20 298.151
30 21 297.958
30 22 297.752
30 23 297.535
30 24 297.31
30 25 297.08
30 26 296.846
30 27 296.61
30 28 296.375
30 29 296.142
30 30 295.912
30 31 295.686
30 32 295.465
30 33 295.25
30 34 295.041
30 35 294.84
30 36 294.646
30 37 294.46
30 38 294.282
30 39 294.112
30 40 293.95
30 41 293.797
30 42 293.652
30 43 293.515
30 44 293.387
30 45 293.267
30 46 293.156
30 47 293.052
30 48 292.957
30 49 292.87
30 50 292.791

31 0 298.492
31 1 298.594
31 2 298.694
31 3 298.793
31 4 298.89
31 5 298.982
31 6 299.069
31 7 299.149
31 8 299.219
31 9 299.276
31 10 299.317
31 11 299.34
31 12 299.341
31 13 299.319
31 14 299.272
31 15 299.198
31 16 299.098
31 17 298.972
31 18 298.821
31 19 298.647
31 20 298.452
31 21 298.239
31 22 298.012
31 23 297.774
31 24 297.528
31 25 297.276
31 26 297.022
31 27 296.767
31 28 296.513
31 29 296.263
31 30 296.017
31 31 295.776
31 32 295.541
31 33 295.314
31 34 295.094
31 35 294.882
31 36 294.679
31 37 294.484
31 38 294.299
31 39 294.122
31 40 293.955
31 41 293.797
31 42 293.647
31 43 293.507
31 44 293.376
31 45 293.254
31 46 293.141
31 47 293.036
31 48 292.94
31 49 292.852
31 50 292.773

32 0 298.777
32 1 298.88
32 2 298.984
32 3 299.088
32 4 299.192
32 5 299.294
32 6 299.392
32 7 299.484
32 8 299.566
32 9 299.635
32 10 299.689
32 11 299.721
32 12 299.731
32 13 299.713
32 14 299.666
32 15 299.59
32 16 299.482
32 17 299.345
32 18 299.179
32 19 298.986
32 20 298.77
32 21 298.535
32 22 298.284
32 23 298.021
32 24 297.75
32 25 297.475
32 26 297.198
32 27 296.922
32 28 296.649
32 29 296.38
32 30 296.116
32 31 295.86
32 32 295.611
32 33 295.37
32 34 295.139
32 35 294.916
32 36 294.703
32 37 294.5
32 38 294.307
32 39 294.124
32 40 293.951
32 41 293.787
32 42 293.634
32 43 293.49
32 44 293.356
32 45 293.232
32 46 293.117
32 47 293.011
32 48 292.914
32 49 292.826
32 50 292.747

33 0 299.062
33 1 299.166
33 2 299.274
33 3 299.384
33 4 299.497
33 5 299.61
33 6 299.721
33 7 299.827
33 8 299.926
33 9 300.012
33 10 300.08
33 11 300.127
33 12 300.147
33 13 300.136
33 14 300.091
33 15 300.012
33 16 299.897
33 17 299.746
33 18 299.563
33 19 299.349
33 20 299.108
33 21 298.846
33 22 298.567
33 23 298.275
33 24 297.977
33 25 297.675
33 26 297.374
33 27 297.074
33 28 296.779
33 29 296.491
33 30 296.209
33 31 295.936
33 32 295.672
33 33 295.418
33 34 295.174
33 35 294.94
33 36 294.718
33 37 294.506
33 38 294.305
33 39 294.115
33 40 293.936
33 41 293.768
33 42 293.611
33 43 293.464
33 44 293.327
33 45 293.201
33 46 293.084
33 47 292.977
33 48 292.879
33 49 292.791
33 50 292.712

34 0 299.344
34 1 299.449
34 2 299.561
34 3 299.678
34 4 299.801
34 5 299.927
34 6 300.054
34 7 300.18
34 8 300.298
34 9 300.405
34 10 300.494
34 11 300.559
34 12 300.593
34 13 300.592
34 14 300.551
34 15 300.47
34 16 300.346
34 17 300.181
34 18 299.977
34 19 299.738
34 20 299.468
34 21 299.174
34 22 298.861
34 23 298.537
34 24 298.208
34 25 297.876
34 26 297.547
34 27 297.222
34 28 296.904
34 29 296.594
34 30 296.294
34 31 296.003
34 32 295.724
34 33 295.455
34 34 295.199
34 35 294.954
34 36 294.721
34 37 294.501
34 38 294.292
34 39 294.096
34 40 293.911
34 41 293.738
34 42 293.577
34 43 293.427
34 44 293.288
34 45 293.159
34 46 293.041
34 47 292.933
34 48 292.835
34 49 292.747
34 50 292.668

35 0 299.619
35 1 299.725
35 2 299.842
35 3 299.967
35 4 300.102
35 5 300.243
35 6 300.39
35 7 300.538
35 8 300.683
35 9 300.817
35 10 300.933
35 11 301.022
35 12 301.075
35 13 301.087
35 14 301.052
35 15 300.969
35 16 300.837
35 17 300.655
35 18 300.428
35 19 300.158
35 20 299.853
35 21 299.519
35 22 299.168
35 23 298.805
35 24 298.439
35 25 298.075
35 26 297.715
35 27 297.363
35 28 297.021
35 29 296.688
35 30 296.368
35 31 296.059
35 32 295.764
35 33 295.481
35 34 295.211
35 35 294.955
35 36 294.713
35 37 294.483
35 38 294.267
35 39 294.064
35 40 293.875
35 41 293.697
35 42 293.532
35 43 293.379
35 44 293.238
35 45 293.108
35 46 292.988
35 47 292.88
35 48 292.781
35 49 292.693
35 50 292.614

36 0 299.884
36 1 299.992
36 2 300.113
36 3 300.248
36 4 300.395
36 5 300.555
36 6 300.724
36 7 300.9
36 8 301.077
36 9 301.247
36 10 301.399
36 11 301.52
36 12 301.599
36 13 301.628
36 14 301.602
36 15 301.518
36 16 301.376
36 17 301.176
36 18 300.92
36 19 300.613
36 20 300.265
36 21 299.884
36 22 299.484
36 23 299.077
36 24 298.67
36 25 298.269
36 26 297.876
36 27 297.495
36 28 297.126
36 29 296.771
36 30 296.43
36 31 296.103
36 32 295.791
36 33 295.493
36 34 295.211
36 35 294.943
36 36 294.691
36 37 294.453
36 38 294.229
36 39 294.02
36 40 293.825
36 41 293.644
36 42 293.475
36 43 293.32
36 44 293.177
36 45 293.045
36 46 292.925
36 47 292.816
36 48 292.717
36 49 292.629
36 50 292.55

37 0 300.136
37 1 300.244
37 2 300.371
37 3 300.515
37 4 300.677
37 5 300.856
37 6 301.052
37 7 301.261
37 8 301.478
37 9 301.695
37 10 301.896
37 11 302.06
37 12 302.173
37 13 302.224
37 14 302.21
37 15 302.126
37 16 301.973
37 17 301.751
37 18 301.462
37 19 301.112
37 20 300.708
37 21 300.267
37 22 299.809
37 23 299.349
37 24 298.895
37 25 298.453
37 26 298.026
37 27 297.614
37 28 297.219
37 29 296.84
37 30 296.478
37 31 296.132
37 32 295.803
37 33 295.491
37 34 295.196
37 35 294.916
37 36 294.654
37 37 294.407
37 38 294.177
37 39 293.962
37 40 293.762
37 41 293.577
37 42 293.406
37 43 293.248
37 44 293.104
37 45 292.971
37 46 292.851
37 47 292.741
37 48 292.643
37 49 292.555
37 50 292.477

38 0 300.37
38 1 300.479
38 2 300.611
38 3 300.765
38 4 300.942
38 5 301.142
38 6 301.366
38 7 301.613
38 8 301.88
38 9 302.159
38 10 302.429
38 11 302.652
38 12 302.807
38 13 302.887
38 14 302.886
38 15 302.804
38 16 302.64
38 17 302.394
38 18 302.067
38 19 301.663
38 20 301.19
38 21 300.668
38 22 300.136
38 23 299.613
38 24 299.108
38 25 298.623
38 26 298.16
38 27 297.717
38 28 297.295
38 29 296.892
38 30 296.509
38 31 296.145
38 32 295.799
38 33 295.472
38 34 295.163
38 35 294.873
38 36 294.601
38 37 294.346
38 38 294.109
38 39 293.889
38 40 293.685
38 41 293.496
38 42 293.323
38 43 293.164
38 44 293.018
38 45 292.886
38 46 292.765
38 47 292.656
38 48 292.558
38 49 292.47
38 50 292.393

39 0 300.582
39 1 300.692
39 2 300.828
39 3 300.992
39 4 301.183
39 5 301.404
39 6 301.657
39 7 301.945
39 8 302.271
39 9 302.631
39 10 303.009
39 11 303.311
39 12 303.519
39 13 303.629
39 14 303.644
39 15 303.563
39 16 303.388
39 17 303.117
39 18 302.749
39 19 302.282
39 20 301.72
39 21 301.08
39 22 300.454
39 23 299.86
39 24 299.3
39 25 298.772
39 26 298.273
39 27 297.8
39 28 297.351
39 29 296.925
39 30 296.521
39 31 296.138
39 32 295.776
39 33 295.435
39 34 295.113
39 35 294.812
39 36 294.53
39 37 294.268
39 38 294.024
39 39 293.799
39 40 293.591
39 41 293.4
39 42 293.225
39 43 293.066
39 44 292.92
39 45 292.788
39 46 292.668
39 47 292.56
39 48 292.463
39 49 292.376
39 50 292.298

40 0 300.768
40 1 300.879
40 2 301.019
40 3 301.19
40 4 301.394
40 5 301.633
40 6 301.913
40 7 302.24
40 8 302.626
40 9 303.088
40 10 303.664
40 11 304.064
40 12 304.327
40 13 304.468
40 14 304.496
40 15 304.417
40 16 304.231
40 17 303.937
40 18 303.529
40 19 302.998
40 20 302.327
40 21 301.478
40 22 300.739
40 23 300.073
40 24 299.461
40 25 298.892
40 26 298.36
40 27 297.859
40 28 297.385
40 29 296.936
40 30 296.512
40 31 296.111
40 32 295.733
40 33 295.377
40 34 295.043
40 35 294.731
40 36 294.44
40 37 294.171
40 38 293.921
40 39 293.692
40 40 293.481
40 41 293.288
40 42 293.113
40 43 292.953
40 44 292.809
40 45 292.678
40 46 292.56
40 47 292.453
40 48 292.357
40 49 292.271
40 50 292.194

41 0 300.925
41 1 301.036
41 2 301.18
41 3 301.357
41 4 301.569
41 5 301.822
41 6 302.121
41 7 302.476
41 8 302.905
41 9 303.43
41 10 304.094
41 11 304.556
41 12 304.857
41 13 305.019
41 14 305.057
41 15 304.978
41 16 304.783
41 17 304.471
41 18 304.033
41 19 303.455
41 20 302.712
41 21 301.765
41 22 300.951
41 23 300.231
41 24 299.578
41 25 298.977
41 26 298.416
41 27 297.89
41 28 297.393
41 29 296.924
41 30 296.48
41 31 296.061
41 32 295.667
41 33 295.297
41 34 294.951
41 35 294.629
41 36 294.33
41 37 294.053
41 38 293.799
41 39 293.566
41 40 293.353
41 41 293.159
41 42 292.984
41 43 292.826
41 44 292.684
41 45 292.555
41 46 292.44
41 47 292.336
41 48 292.242
41 49 292.157
41 50 292.081

42 0 301.049
42 1 301.162
42 2 301.307
42 3 301.487
42 4 301.705
42 5 301.964
42 6 302.272
42 7 302.64
42 8 303.086
42 9 303.635
42 10 304.326
42 11 304.81
42 12 305.124
42 13 305.294
42 14 305.335
42 15 305.254
42 16 305.053
42 17 304.73
42 18 304.276
42 19 303.676
42 20 302.903
42 21 301.918
42 22 301.07
42 23 300.322
42 24 299.644
42 25 299.02
42 26 298.438
42 27 297.891
42 28 297.374
42 29 296.885
42 30 296.423
42 31 295.986
42 32 295.577
42 33 295.193
42 34 294.835
42 35 294.503
42 36 294.196
42 37 293.914
42 38 293.655
42 39 293.419
42 40 293.205
42 41 293.012
42 42 292.838
42 43 292.683
42 44 292.544
42 45 292.42
42 46 292.309
42 47 292.209
42 48 292.118
42 49 292.034
42 50 291.959

43 0 301.141
43 1 301.254
43 2 301.4
43 3 301.581
43 4 301.799
43 5 302.058
43 6 302.364
43 7 302.727
43 8 303.163
43 9 303.696
43 10 304.367
43 11 304.833
43 12 305.136
43 13 305.299
43 14 305.334
43 15 305.249
43 16 305.046
43 17 304.721
43 18 304.267
43 19 303.67
43 20 302.905
43 21 301.932
43 22 301.091
43 23 300.341
43 24 299.657
43 25 299.021
43 26 298.425
43 27 297.862
43 28 297.327
43 29 296.82
43 30 296.339
43 31 295.886
43 32 295.46
43 33 295.063
43 34 294.694
43 35 294.352
43 36 294.038
43 37 293.751
43 38 293.488
43 39 293.251
43 40 293.037
43 41 292.845
43 42 292.674
43 43 292.523
43 44 292.39
43 45 292.272
43 46 292.167
43 47 292.072
43 48 291.985
43 49 291.904
43 50 291.829

44 0 301.2
44 1 301.312
44 2 301.458
44 3 301.637
44 4 301.851
44 5 302.104
44 6 302.398
44 7 302.742
44 8 303.144
44 9 303.621
44 10 304.21
44 11 304.621
44 12 304.889
44 13 305.031
44 14 305.054
44 15 304.963
44 16 304.759
44 17 304.44
44 18 304
44 19 303.431
44 20 302.715
44 21 301.816
44 22 301.022
44 23 300.296
44 24 299.62
44 25 298.983
44 26 298.379
44 27 297.803
44 28 297.253
44 29 296.728
44 30 296.228
44 31 295.757
44 32 295.316
44 33 294.905
44 34 294.525
44 35 294.175
44 36 293.854
44 37 293.562
44 38 293.297
44 39 293.059
44 40 292.846
44 41 292.657
44 42 292.491
44 43 292.346
44 44 292.22
44 45 292.111
44 46 292.015
44 47 291.928
44 48 291.847
44 49 291.769
44 50 291.694

45 0 301.225
45 1 301.338
45 2 301.482
45 3 301.658
45 4 301.866
45 5 302.107
45 6 302.384
45 7 302.697
45 8 303.048
45 9 303.433
45 10 303.832
45 11 304.15
45 12 304.368
45 13 304.481
45 14 304.488
45 15 304.391
45 16 304.188
45 17 303.88
45 18 303.463
45 19 302.939
45 20 302.309
45 21 301.593
45 22 300.884
45 23 300.2
45 24 299.544
45 25 298.913
45 26 298.306
45 27 297.72
45 28 297.154
45 29 296.61
45 30 296.09
45 31 295.599
45 32 295.14
45 33 294.716
45 34 294.325
45 35 293.967
45 36 293.641
45 37 293.346
45 38 293.08
45 39 292.842
45 40 292.631
45 41 292.446
45 42 292.286
45 43 292.149
45 44 292.034
45 45 291.937
45 46 291.853
45 47 291.777
45 48 291.704
45 49 291.631
45 50 291.557

46 0 301.22
46 1 301.333
46 2 301.475
46 3 301.646
46 4 301.847
46 5 302.076
46 6 302.333
46 7 302.616
46 8 302.919
46 9 303.233
46 10 303.534
46 11 303.781
46 12 303.952
46 13 304.036
46 14 304.027
46 15 303.923
46 16 303.723
46 17 303.427
46 18 303.035
46 19 302.552
46 20 301.988
46 21 301.365
46 22 300.72
46 23 300.076
46 24 299.442
46 25 298.82
46 26 298.211
46 27 297.616
46 28 297.034
46 29 296.467
46 30 295.922
46 31 295.408
46 32 294.931
46 33 294.493
46 34 294.093
46 35 293.728
46 36 293.398
46 37 293.101
46 38 292.834
46 39 292.597
46 40 292.39
46 41 292.21
46 42 292.057
46 43 291.931
46 44 291.83
46 45 291.75
46 46 291.684
46 47 291.624
46 48 291.562
46 49 291.494
46 50 291.421

47 0 301.186
47 1 301.299
47 2 301.439
47 3 301.606
47 4 301.799
47 5 302.017
47 6 302.256
47 7 302.513
47 8 302.78
47 9 303.045
47 10 303.289
47 11 303.488
47 12 303.623
47 13 303.684
47 14 303.662
47 15 303.552
47 16 303.355
47 17 303.069
47 18 302.698
47 19 302.247
47 20 301.728
47 21 301.157
47 22 300.556
47 23 299.943
47 24 299.327
47 25 298.713
47 26 298.103
47 27 297.498
47 28 296.897
47 29 296.303
47 30 295.723
47 31 295.181
47 32 294.684
47 33 294.232
47 34 293.824
47 35 293.455
47 36 293.122
47 37 292.824
47 38 292.559
47 39 292.324
47 40 292.12
47 41 291.946
47 42 291.802
47 43 291.688
47 44 291.604
47 45 291.548
47 46 291.511
47 47 291.472
47 48 291.424
47 49 291.364
47 50 291.291

48 0 301.125
48 1 301.237
48 2 301.376
48 3 301.539
48 4 301.726
48 5 301.935
48 6 302.162
48 7 302.401
48 8 302.644
48 9 302.878
48 10 303.088
48 11 303.257
48 12 303.37
48 13 303.414
48 14 303.383
48 15 303.27
48 16 303.074
48 17 302.796
48 18 302.44
48 19 302.01
48 20 301.519
48 21 300.979
48 22 300.406
48 23 299.813
48 24 299.21
48 25 298.602
48 26 297.991
48 27 297.377
48 28 296.755
48 29 296.123
48 30 295.486
48 31 294.908
48 32 294.391
48 33 293.929
48 34 293.516
48 35 293.145
48 36 292.812
48 37 292.516
48 38 292.252
48 39 292.021
48 40 291.821
48 41 291.653
48 42 291.517
48 43 291.415
48 44 291.351
48 45 291.327
48 46 291.338
48 47 291.33
48 48 291.299
48 49 291.247
48 50 291.174

49 0 301.038
49 1 301.15
49 2 301.287
49 3 301.448
49 4 301.632
49 5 301.836
49 6 302.056
49 7 302.285
49 8 302.515
49 9 302.735
49 10 302.929
49 11 303.084
49 12 303.185
49 13 303.221
49 14 303.185
49 15 303.07
49 16 302.876
49 17 302.603
49 18 302.254
49 19 301.836
49 20 301.358
49 21 300.833
49 22 300.274
49 23 299.693
49 24 299.097
49 25 298.493
49 26 297.882
49 27 297.262
49 28 296.624
49 29 295.949
49 30 295.191
49 31 294.573
49 32 294.043
49 33 293.578
49 34 293.165
49 35 292.796
49 36 292.467
49 37 292.173
49 38 291.914
49 39 291.686
49 40 291.491
49 41 291.327
49 42 291.198
49 43 291.105
49 44 291.058
49 45 291.071
49 46 291.183
49 47 291.212
49 48 291.196
49 49 291.149
49 50 291.077

50 0 301.038
50 1 301.038
50 2 301.174
50 3 301.335
50 4 301.518
50 5 301.721
50 6 301.94
50 7 302.169
50 8 302.398
50 9 302.616
50 10 302.81
50 11 302.964
50 12 303.065
50 13 303.101
50 14 303.064
50 15 302.95
50 16 302.757
50 17 302.485
50 18 302.137
50 19 301.721
50 20 301.245
50 21 300.723
50 22 300.166
50 23 299.586
50 24 298.993
50 25 298.392
50 26 297.783
50 27 297.166
50 28 296.53
50 29 295.858
50 30 294.756
50 31 294.15
50 32 293.63
50 33 293.174
50 34 292.769
50 35 292.408
50 36 292.085
50 37 291.797
50 38 291.543
50 39 291.32
50 40 291.128
50 41 290.968
50 42 290.841
50 43 290.75
50 44 290.704
50 45 290.717
50 46 291.11
50 47 291.14
50 48 291.124
50 49 291.077
50 50 291.077

