0 0 273.51
0 1 273.51
0 2 273.511
0 3 273.512
0 4 273.512
0 5 273.512
0 6 273.51
0 7 273.509
0 8 273.506
0 9 273.503
0 10 273.499
0 11 273.494
0 12 273.489
0 13 273.483
0 14 273.477
0 15 273.47
0 16 273.462
0 17 273.454
0 18 273.445
0 19 273.436
0 20 273.426
0 21 273.415
0 22 273.405
0 23 273.394
0 24 273.382
0 25 273.371
0 26 273.359
0 27 273.347
0 28 273.335
0 29 273.323
0 30 273.311
0 31 273.299
0 32 273.288
0 33 273.276
0 34 273.265
0 35 273.255
0 36 273.244
0 37 273.235
0 38 273.225
0 39 273.217
0 40 273.209
0 41 273.201
0 42 273.194
0 43 273.188
0 44 273.183
0 45 273.178
0 46 273.175
0 47 273.172
0 48 273.169
0 49 273.168
0 50 273.168

1 0 273.51
1 1 273.512
1 2 273.513
1 3 273.514
1 4 273.514
1 5 273.514
1 6 273.513
1 7 273.511
1 8 273.508
1 9 273.505
1 10 273.501
1 11 273.496
1 12 273.491
1 13 273.485
1 14 273.479
1 15 273.472
1 16 273.464
1 17 273.456
1 18 273.447
1 19 273.437
1 20 273.427
1 21 273.417
1 22 273.406
1 23 273.395
1 24 273.384
1 25 273.372
1 26 273.36
1 27 273.348
1 28 273.336
1 29 273.324
1 30 273.312
1 31 273.3
1 32 273.289
1 33 273.277
1 34 273.266
1 35 273.256
1 36 273.245
1 37 273.236
1 38 273.226
1 39 273.218
1 40 273.209
1 41 273.202
1 42 273.195
1 43 273.189
1 44 273.184
1 45 273.179
1 46 273.175
1 47 273.172
1 48 273.17
1 49 273.169
1 50 273.168

2 0 273.518
2 1 273.52
2 2 273.521
2 3 273.522
2 4 273.522
2 5 273.521
2 6 273.52
2 7 273.518
2 8 273.516
2 9 273.512
2 10 273.508
2 11 273.504
2 12 273.499
2 13 273.493
2 14 273.486
2 15 273.479
2 16 273.471
2 17 273.462
2 18 273.453
2 19 273.444
2 20 273.434
2 21 273.423
2 22 273.412
2 23 273.401
2 24 273.389
2 25 273.377
2 26 273.365
2 27 273.353
2 28 273.341
2 29 273.329
2 30 273.317
2 31 273.305
2 32 273.293
2 33 273.281
2 34 273.27
2 35 273.259
2 36 273.249
2 37 273.239
2 38 273.229
2 39 273.22
2 40 273.212
2 41 273.205
2 42 273.198
2 43 273.192
2 44 273.186
2 45 273.181
2 46 273.178
2 47 273.174
2 48 273.172
2 49 273.171
2 50 273.17

3 0 273.531
3 1 273.533
3 2 273.534
3 3 273.535
3 4 273.535
3 5 273.535
3 6 273.533
3 7 273.531
3 8 273.529
3 9 273.525
3 10 273.521
3 11 273.517
3 12 273.511
3 13 273.505
3 14 273.498
3 15 273.491
3 16 273.483
3 17 273.474
3 18 273.465
3 19 273.455
3 20 273.445
3 21 273.434
3 22 273.423
3 23 273.411
3 24 273.399
3 25 273.387
3 26 273.374
3 27 273.362
3 28 273.349
3 29 273.337
3 30 273.324
3 31 273.312
3 32 273.3
3 33 273.288
3 34 273.276
3 35 273.265
3 36 273.254
3 37 273.244
3 38 273.234
3 39 273.225
3 40 273.217
3 41 273.209
3 42 273.202
3 43 273.196
3 44 273.19
3 45 273.185
3 46 273.181
3 47 273.178
3 48 273.176
3 49 273.174
3 50 273.174

4 0 273.549
4 1 273.552
4 2 273.553
4 3 273.554
4 4 273.554
4 5 273.554
4 6 273.552
4 7 273.55
4 8 273.548
4 9 273.544
4 10 273.54
4 11 273.535
4 12 273.53
4 13 273.523
4 14 273.516
4 15 273.509
4 16 273.5
4 17 273.491
4 18 273.482
4 19 273.471
4 20 273.461
4 21 273.449
4 22 273.438
4 23 273.425
4 24 273.413
4 25 273.4
4 26 273.387
4 27 273.374
4 28 273.361
4 29 273.348
4 30 273.335
4 31 273.322
4 32 273.31
4 33 273.297
4 34 273.285
4 35 273.274
4 36 273.262
4 37 273.252
4 38 273.242
4 39 273.232
4 40 273.223
4 41 273.215
4 42 273.208
4 43 273.201
4 44 273.196
4 45 273.191
4 46 273.187
4 47 273.183
4 48 273.181
4 49 273.179
4 50 273.178

5 0 273.574
5 1 273.576
5 2 273.578
5 3 273.579
5 4 273.579
5 5 273.578
5 6 273.577
5 7 273.575
5 8 273.572
5 9 273.569
5 10 273.564
5 11 273.559
5 12 273.553
5 13 273.547
5 14 273.54
5 15 273.532
5 16 273.523
5 17 273.513
5 18 273.503
5 19 273.492
5 20 273.481
5 21 273.469
5 22 273.457
5 23 273.444
5 24 273.431
5 25 273.418
5 26 273.404
5 27 273.391
5 28 273.377
5 29 273.363
5 30 273.349
5 31 273.336
5 32 273.322
5 33 273.309
5 34 273.297
5 35 273.285
5 36 273.273
5 37 273.262
5 38 273.251
5 39 273.241
5 40 273.232
5 41 273.223
5 42 273.216
5 43 273.209
5 44 273.203
5 45 273.198
5 46 273.193
5 47 273.19
5 48 273.187
5 49 273.186
5 50 273.185

6 0 273.604
6 1 273.607
6 2 273.608
6 3 273.609
6 4 273.61
6 5 273.609
6 6 273.608
6 7 273.606
6 8 273.603
6 9 273.599
6 10 273.595
6 11 273.589
6 12 273.583
6 13 273.576
6 14 273.569
6 15 273.56
6 16 273.551
6 17 273.541
6 18 273.53
6 19 273.519
6 20 273.507
6 21 273.494
6 22 273.481
6 23 273.468
6 24 273.454
6 25 273.44
6 26 273.425
6 27 273.411
6 28 273.396
6 29 273.381
6 30 273.367
6 31 273.353
6 32 273.338
6 33 273.325
6 34 273.311
6 35 273.298
6 36 273.286
6 37 273.274
6 38 273.263
6 39 273.252
6 40 273.242
6 41 273.233
6 42 273.225
6 43 273.218
6 44 273.212
6 45 273.206
6 46 273.202
6 47 273.198
6 48 273.195
6 49 273.193
6 50 273.193

7 0 273.641
7 1 273.643
7 2 273.645
7 3 273.646
7 4 273.646
7 5 273.646
7 6 273.644
7 7 273.642
7 8 273.639
7 9 273.635
7 10 273.631
7 11 273.625
7 12 273.619
7 13 273.611
7 14 273.603
7 15 273.594
7 16 273.584
7 17 273.574
7 18 273.562
7 19 273.55
7 20 273.538
7 21 273.524
7 22 273.51
7 23 273.496
7 24 273.481
7 25 273.466
7 26 273.45
7 27 273.435
7 28 273.419
7 29 273.403
7 30 273.388
7 31 273.373
7 32 273.357
7 33 273.343
7 34 273.328
7 35 273.314
7 36 273.301
7 37 273.289
7 38 273.277
7 39 273.265
7 40 273.255
7 41 273.245
7 42 273.237
7 43 273.229
7 44 273.222
7 45 273.216
7 46 273.211
7 47 273.207
7 48 273.205
7 49 273.203
7 50 273.202

8 0 273.683
8 1 273.686
8 2 273.688
8 3 273.689
8 4 273.69
8 5 273.689
8 6 273.688
8 7 273.685
8 8 273.682
8 9 273.678
8 10 273.673
8 11 273.667
8 12 273.66
8 13 273.653
8 14 273.644
8 15 273.634
8 16 273.624
8 17 273.613
8 18 273.6
8 19 273.587
8 20 273.574
8 21 273.559
8 22 273.544
8 23 273.529
8 24 273.513
8 25 273.496
8 26 273.48
8 27 273.463
8 28 273.446
8 29 273.429
8 30 273.412
8 31 273.396
8 32 273.38
8 33 273.364
8 34 273.348
8 35 273.333
8 36 273.319
8 37 273.306
8 38 273.293
8 39 273.281
8 40 273.269
8 41 273.259
8 42 273.25
8 43 273.242
8 44 273.234
8 45 273.228
8 46 273.223
8 47 273.219
8 48 273.216
8 49 273.214
8 50 273.213

9 0 273.733
9 1 273.735
9 2 273.738
9 3 273.739
9 4 273.739
9 5 273.739
9 6 273.737
9 7 273.735
9 8 273.732
9 9 273.727
9 10 273.722
9 11 273.716
9 12 273.709
9 13 273.7
9 14 273.691
9 15 273.681
9 16 273.669
9 17 273.657
9 18 273.644
9 19 273.63
9 20 273.615
9 21 273.6
9 22 273.583
9 23 273.567
9 24 273.549
9 25 273.532
9 26 273.514
9 27 273.495
9 28 273.477
9 29 273.459
9 30 273.441
9 31 273.423
9 32 273.405
9 33 273.388
9 34 273.371
9 35 273.355
9 36 273.34
9 37 273.325
9 38 273.311
9 39 273.298
9 40 273.286
9 41 273.275
9 42 273.265
9 43 273.256
9 44 273.248
9 45 273.241
9 46 273.236
9 47 273.231
9 48 273.228
9 49 273.226
9 50 273.225

10 0 273.788
10 1 273.792
10 2 273.794
10 3 273.795
10 4 273.796
10 5 273.795
10 6 273.794
10 7 273.791
10 8 273.788
10 9 273.783
10 10 273.778
10 11 273.771
10 12 273.763
10 13 273.755
10 14 273.745
10 15 273.733
10 16 273.721
10 17 273.708
10 18 273.694
10 19 273.679
10 20 273.663
10 21 273.646
10 22 273.628
10 23 273.61
10 24 273.591
10 25 273.572
10 26 273.552
10 27 273.532
10 28 273.512
10 29 273.492
10 30 273.473
10 31 273.453
10 32 273.434
10 33 273.415
10 34 273.397
10 35 273.379
10 36 273.363
10 37 273.347
10 38 273.332
10 39 273.318
10 40 273.305
10 41 273.293
10 42 273.282
10 43 273.272
10 44 273.263
10 45 273.256
10 46 273.25
10 47 273.245
10 48 273.242
10 49 273.24
10 50 273.239

11 0 273.851
11 1 273.855
11 2 273.857
11 3 273.859
11 4 273.859
11 5 273.859
11 6 273.857
11 7 273.855
11 8 273.851
11 9 273.846
11 10 273.84
11 11 273.833
11 12 273.825
11 13 273.816
11 14 273.805
11 15 273.793
11 16 273.78
11 17 273.765
11 18 273.75
11 19 273.733
11 20 273.716
11 21 273.697
11 22 273.678
11 23 273.658
11 24 273.638
11 25 273.617
11 26 273.595
11 27 273.573
11 28 273.552
11 29 273.53
11 30 273.508
11 31 273.487
11 32 273.466
11 33 273.446
11 34 273.426
11 35 273.407
11 36 273.389
11 37 273.371
11 38 273.355
11 39 273.339
11 40 273.325
11 41 273.312
11 42 273.3
11 43 273.29
11 44 273.281
11 45 273.273
11 46 273.266
11 47 273.261
11 48 273.257
11 49 273.255
11 50 273.254

12 0 273.921
12 1 273.925
12 2 273.927
12 3 273.929
12 4 273.93
12 5 273.93
12 6 273.928
12 7 273.926
12 8 273.922
12 9 273.917
12 10 273.911
12 11 273.903
12 12 273.894
12 13 273.884
12 14 273.872
12 15 273.859
12 16 273.845
12 17 273.83
12 18 273.813
12 19 273.795
12 20 273.776
12 21 273.755
12 22 273.734
12 23 273.712
12 24 273.69
12 25 273.667
12 26 273.643
12 27 273.619
12 28 273.596
12 29 273.572
12 30 273.548
12 31 273.525
12 32 273.502
12 33 273.479
12 34 273.458
12 35 273.437
12 36 273.417
12 37 273.398
12 38 273.38
12 39 273.364
12 40 273.348
12 41 273.334
12 42 273.321
12 43 273.31
12 44 273.299
12 45 273.291
12 46 273.284
12 47 273.278
12 48 273.274
12 49 273.271
12 50 273.27

13 0 273.999
13 1 274.003
13 2 274.006
13 3 274.007
13 4 274.008
13 5 274.008
13 6 274.007
13 7 274.004
13 8 274
13 9 273.995
13 10 273.988
13 11 273.98
13 12 273.971
13 13 273.96
13 14 273.947
13 15 273.933
13 16 273.918
13 17 273.901
13 18 273.883
13 19 273.863
13 20 273.842
13 21 273.82
13 22 273.797
13 23 273.773
13 24 273.748
13 25 273.722
13 26 273.696
13 27 273.67
13 28 273.644
13 29 273.618
13 30 273.592
13 31 273.566
13 32 273.541
13 33 273.517
13 34 273.493
13 35 273.47
13 36 273.448
13 37 273.428
13 38 273.408
13 39 273.39
13 40 273.373
13 41 273.357
13 42 273.343
13 43 273.331
13 44 273.32
13 45 273.311
13 46 273.303
13 47 273.297
13 48 273.292
13 49 273.29
13 50 273.288

14 0 274.084
14 1 274.088
14 2 274.091
14 3 274.094
14 4 274.095
14 5 274.095
14 6 274.093
14 7 274.091
14 8 274.087
14 9 274.081
14 10 274.074
14 11 274.066
14 12 274.056
14 13 274.044
14 14 274.03
14 15 274.015
14 16 273.998
14 17 273.98
14 18 273.96
14 19 273.938
14 20 273.915
14 21 273.891
14 22 273.865
14 23 273.839
14 24 273.812
14 25 273.784
14 26 273.755
14 27 273.726
14 28 273.698
14 29 273.669
14 30 273.64
14 31 273.612
14 32 273.584
14 33 273.557
14 34 273.531
14 35 273.506
14 36 273.482
14 37 273.46
14 38 273.438
14 39 273.418
14 40 273.4
14 41 273.383
14 42 273.368
14 43 273.354
14 44 273.342
14 45 273.332
14 46 273.324
14 47 273.317
14 48 273.312
14 49 273.309
14 50 273.308

15 0 274.177
15 1 274.182
15 2 274.186
15 3 274.188
15 4 274.189
15 5 274.19
15 6 274.188
15 7 274.186
15 8 274.182
15 9 274.176
15 10 274.169
15 11 274.16
15 12 274.149
15 13 274.136
15 14 274.122
15 15 274.105
15 16 274.087
15 17 274.067
15 18 274.045
15 19 274.021
15 20 273.996
15 21 273.969
15 22 273.941
15 23 273.912
15 24 273.882
15 25 273.851
15 26 273.82
15 27 273.788
15 28 273.756
15 29 273.724
15 30 273.693
15 31 273.662
15 32 273.631
15 33 273.602
15 34 273.573
15 35 273.546
15 36 273.519
15 37 273.495
15 38 273.471
15 39 273.449
15 40 273.429
15 41 273.411
15 42 273.394
15 43 273.379
15 44 273.366
15 45 273.355
15 46 273.346
15 47 273.339
15 48 273.333
15 49 273.33
15 50 273.329

16 0 274.279
16 1 274.285
16 2 274.288
16 3 274.291
16 4 274.293
16 5 274.293
16 6 274.292
16 7 274.29
16 8 274.286
16 9 274.28
16 10 274.272
16 11 274.263
16 12 274.251
16 13 274.238
16 14 274.222
16 15 274.204
16 16 274.184
16 17 274.162
16 18 274.138
16 19 274.112
16 20 274.084
16 21 274.055
16 22 274.024
16 23 273.992
16 24 273.959
16 25 273.924
16 26 273.89
16 27 273.855
16 28 273.82
16 29 273.785
16 30 273.75
16 31 273.716
16 32 273.682
16 33 273.65
16 34 273.618
16 35 273.588
16 36 273.559
16 37 273.532
16 38 273.506
16 39 273.482
16 40 273.46
16 41 273.44
16 42 273.422
16 43 273.406
16 44 273.392
16 45 273.38
16 46 273.37
16 47 273.362
16 48 273.356
16 49 273.353
16 50 273.351

17 0 274.39
17 1 274.396
17 2 274.4
17 3 274.403
17 4 274.405
17 5 274.406
17 6 274.405
17 7 274.403
17 8 274.399
17 9 274.393
17 10 274.385
17 11 274.375
17 12 274.363
17 13 274.349
17 14 274.332
17 15 274.313
17 16 274.291
17 17 274.267
17 18 274.24
17 19 274.212
17 20 274.181
17 21 274.149
17 22 274.115
17 23 274.079
17 24 274.042
17 25 274.005
17 26 273.966
17 27 273.928
17 28 273.889
17 29 273.85
17 30 273.812
17 31 273.774
17 32 273.737
17 33 273.701
17 34 273.667
17 35 273.634
17 36 273.602
17 37 273.572
17 38 273.544
17 39 273.518
17 40 273.494
17 41 273.472
17 42 273.452
17 43 273.434
17 44 273.419
17 45 273.406
17 46 273.395
17 47 273.386
17 48 273.38
17 49 273.376
17 50 273.375

18 0 274.51
18 1 274.516
18 2 274.521
18 3 274.525
18 4 274.527
18 5 274.529
18 6 274.528
18 7 274.526
18 8 274.522
18 9 274.517
18 10 274.508
18 11 274.498
18 12 274.485
18 13 274.47
18 14 274.452
18 15 274.431
18 16 274.407
18 17 274.381
18 18 274.352
18 19 274.321
18 20 274.287
18 21 274.251
18 22 274.213
18 23 274.174
18 24 274.133
18 25 274.091
18 26 274.049
18 27 274.006
18 28 273.963
18 29 273.921
18 30 273.878
18 31 273.837
18 32 273.796
18 33 273.757
18 34 273.719
18 35 273.682
18 36 273.648
18 37 273.615
18 38 273.584
18 39 273.556
18 40 273.529
18 41 273.505
18 42 273.484
18 43 273.464
18 44 273.447
18 45 273.433
18 46 273.421
18 47 273.412
18 48 273.405
18 49 273.401
18 50 273.4

19 0 274.64
19 1 274.646
19 2 274.652
19 3 274.656
19 4 274.659
19 5 274.661
19 6 274.661
19 7 274.66
19 8 274.656
19 9 274.65
19 10 274.642
19 11 274.631
19 12 274.618
19 13 274.602
19 14 274.582
19 15 274.56
19 16 274.534
19 17 274.505
19 18 274.473
19 19 274.439
19 20 274.402
19 21 274.362
19 22 274.32
19 23 274.277
19 24 274.232
19 25 274.186
19 26 274.139
19 27 274.091
19 28 274.044
19 29 273.997
19 30 273.95
19 31 273.904
19 32 273.859
19 33 273.816
19 34 273.774
19 35 273.734
19 36 273.696
19 37 273.661
19 38 273.627
19 39 273.596
19 40 273.567
19 41 273.541
19 42 273.517
19 43 273.496
19 44 273.478
19 45 273.462
19 46 273.449
19 47 273.439
19 48 273.432
19 49 273.428
19 50 273.426

20 0 274.779
20 1 274.786
20 2 274.793
20 3 274.798
20 4 274.801
20 5 274.804
20 6 274.805
20 7 274.804
20 8 274.801
20 9 274.795
20 10 274.787
20 11 274.776
20 12 274.762
20 13 274.745
20 14 274.724
20 15 274.7
20 16 274.672
20 17 274.64
20 18 274.606
20 19 274.568
20 20 274.526
20 21 274.483
20 22 274.437
20 23 274.388
20 24 274.338
20 25 274.287
20 26 274.235
20 27 274.183
20 28 274.13
20 29 274.078
20 30 274.027
20 31 273.976
20 32 273.927
20 33 273.879
20 34 273.833
20 35 273.79
20 36 273.748
20 37 273.709
20 38 273.672
20 39 273.638
20 40 273.606
20 41 273.578
20 42 273.552
20 43 273.529
20 44 273.509
20 45 273.492
20 46 273.479
20 47 273.468
20 48 273.46
20 49 273.455
20 50 273.453

21 0 274.929
21 1 274.937
21 2 274.943
21 3 274.949
21 4 274.954
21 5 274.957
21 6 274.959
21 7 274.959
21 8 274.957
21 9 274.952
21 10 274.944
21 11 274.933
21 12 274.918
21 13 274.9
21 14 274.878
21 15 274.852
21 16 274.822
21 17 274.787
21 18 274.749
21 19 274.707
21 20 274.662
21 21 274.613
21 22 274.562
21 23 274.509
21 24 274.453
21 25 274.397
21 26 274.339
21 27 274.281
21 28 274.223
21 29 274.165
21 30 274.109
21 31 274.053
21 32 273.999
21 33 273.946
21 34 273.896
21 35 273.848
21 36 273.802
21 37 273.759
21 38 273.719
21 39 273.682
21 40 273.648
21 41 273.617
21 42 273.589
21 43 273.564
21 44 273.542
21 45 273.524
21 46 273.509
21 47 273.497
21 48 273.489
21 49 273.484
21 50 273.482

22 0 275.089
22 1 275.097
22 2 275.105
22 3 275.112
22 4 275.118
22 5 275.122
22 6 275.125
22 7 275.126
22 8 275.125
22 9 275.121
22 10 275.113
22 11 275.102
22 12 275.088
22 13 275.069
22 14 275.045
22 15 275.017
22 16 274.984
22 17 274.947
22 18 274.905
22 19 274.859
22 20 274.809
22 21 274.755
22 22 274.698
22 23 274.639
22 24 274.577
22 25 274.515
22 26 274.451
22 27 274.386
22 28 274.322
22 29 274.258
22 30 274.196
22 31 274.134
22 32 274.075
22 33 274.017
22 34 273.962
22 35 273.909
22 36 273.86
22 37 273.813
22 38 273.769
22 39 273.728
22 40 273.691
22 41 273.657
22 42 273.627
22 43 273.6
22 44 273.577
22 45 273.557
22 46 273.541
22 47 273.528
22 48 273.519
22 49 273.513
22 50 273.511

23 0 275.26
23 1 275.269
23 2 275.277
23 3 275.285
23 4 275.292
23 5 275.298
23 6 275.303
23 7 275.305
23 8 275.305
23 9 275.302
23 10 275.296
23 11 275.286
23 12 275.271
23 13 275.251
23 14 275.226
23 15 275.196
23 16 275.161
23 17 275.12
23 18 275.074
23 19 275.023
23 20 274.967
23 21 274.908
23 22 274.845
23 23 274.779
23 24 274.711
23 25 274.641
23 26 274.57
23 27 274.499
23 28 274.428
23 29 274.357
23 30 274.288
23 31 274.221
23 32 274.155
23 33 274.092
23 34 274.032
23 35 273.974
23 36 273.92
23 37 273.868
23 38 273.821
23 39 273.777
23 40 273.736
23 41 273.7
23 42 273.667
23 43 273.637
23 44 273.612
23 45 273.591
23 46 273.573
23 47 273.559
23 48 273.55
23 49 273.544
23 50 273.541

24 0 275.441
24 1 275.451
24 2 275.461
24 3 275.47
24 4 275.479
24 5 275.486
24 6 275.493
24 7 275.497
24 8 275.499
24 9 275.498
24 10 275.493
24 11 275.483
24 12 275.469
24 13 275.448
24 14 275.422
24 15 275.39
24 16 275.352
24 17 275.307
24 18 275.256
24 19 275.2
24 20 275.139
24 21 275.073
24 22 275.003
24 23 274.929
24 24 274.854
24 25 274.776
24 26 274.698
24 27 274.619
24 28 274.54
24 29 274.462
24 30 274.386
24 31 274.312
24 32 274.24
24 33 274.17
24 34 274.104
24 35 274.041
24 36 273.982
24 37 273.926
24 38 273.875
24 39 273.827
24 40 273.783
24 41 273.743
24 42 273.707
24 43 273.676
24 44 273.649
24 45 273.626
24 46 273.607
24 47 273.592
24 48 273.581
24 49 273.575
24 50 273.573

25 0 275.634
25 1 275.644
25 2 275.655
25 3 275.666
25 4 275.677
25 5 275.687
25 6 275.696
25 7 275.703
25 8 275.707
25 9 275.708
25 10 275.705
25 11 275.696
25 12 275.682
25 13 275.662
25 14 275.635
25 15 275.6
25 16 275.559
25 17 275.51
25 18 275.454
25 19 275.392
25 20 275.324
25 21 275.251
25 22 275.173
25 23 275.091
25 24 275.007
25 25 274.921
25 26 274.833
25 27 274.746
25 28 274.659
25 29 274.573
25 30 274.489
25 31 274.407
25 32 274.328
25 33 274.252
25 34 274.18
25 35 274.112
25 36 274.047
25 37 273.986
25 38 273.93
25 39 273.878
25 40 273.831
25 41 273.788
25 42 273.749
25 43 273.715
25 44 273.686
25 45 273.661
25 46 273.641
25 47 273.625
25 48 273.614
25 49 273.607
25 50 273.604

26 0 275.837
26 1 275.848
26 2 275.86
26 3 275.873
26 4 275.886
26 5 275.899
26 6 275.911
26 7 275.922
26 8 275.929
26 9 275.933
26 10 275.932
26 11 275.926
26 12 275.913
26 13 275.892
26 14 275.864
26 15 275.828
26 16 275.783
26 17 275.73
26 18 275.669
26 19 275.6
26 20 275.524
26 21 275.442
26 22 275.355
26 23 275.265
26 24 275.171
26 25 275.075
26 26 274.978
26 27 274.881
26 28 274.784
26 29 274.69
26 30 274.597
26 31 274.507
26 32 274.421
26 33 274.338
26 34 274.259
26 35 274.184
26 36 274.114
26 37 274.048
26 38 273.987
26 39 273.931
26 40 273.88
26 41 273.834
26 42 273.792
26 43 273.756
26 44 273.724
26 45 273.697
26 46 273.676
26 47 273.659
26 48 273.646
26 49 273.639
26 50 273.637

27 0 276.051
27 1 276.063
27 2 276.077
27 3 276.092
27 4 276.108
27 5 276.125
27 6 276.14
27 7 276.155
27 8 276.166
27 9 276.174
27 10 276.177
27 11 276.173
27 12 276.162
27 13 276.142
27 14 276.113
27 15 276.075
27 16 276.026
27 17 275.968
27 18 275.901
27 19 275.824
27 20 275.74
27 21 275.649
27 22 275.552
27 23 275.45
27 24 275.345
27 25 275.238
27 26 275.131
27 27 275.023
27 28 274.917
27 29 274.812
27 30 274.71
27 31 274.612
27 32 274.517
27 33 274.426
27 34 274.34
27 35 274.259
27 36 274.183
27 37 274.112
27 38 274.046
27 39 273.986
27 40 273.93
27 41 273.88
27 42 273.836
27 43 273.797
27 44 273.763
27 45 273.734
27 46 273.711
27 47 273.693
27 48 273.68
27 49 273.672
27 50 273.669

28 0 276.275
28 1 276.288
28 2 276.304
28 3 276.322
28 4 276.341
28 5 276.362
28 6 276.383
28 7 276.402
28 8 276.419
28 9 276.432
28 10 276.439
28 11 276.439
28 12 276.43
28 13 276.412
28 14 276.383
28 15 276.342
28 16 276.29
28 17 276.226
28 18 276.152
28 19 276.067
28 20 275.973
28 21 275.871
28 22 275.762
28 23 275.648
28 24 275.531
28 25 275.412
28 26 275.292
28 27 275.173
28 28 275.055
28 29 274.94
28 30 274.828
28 31 274.72
28 32 274.616
28 33 274.518
28 34 274.424
28 35 274.336
28 36 274.254
28 37 274.177
28 38 274.106
28 39 274.041
28 40 273.981
28 41 273.928
28 42 273.88
28 43 273.838
28 44 273.802
28 45 273.771
28 46 273.746
28 47 273.727
28 48 273.713
28 49 273.705
28 50 273.702

29 0 276.509
29 1 276.523
29 2 276.541
29 3 276.562
29 4 276.586
29 5 276.612
29 6 276.639
29 7 276.665
29 8 276.688
29 9 276.708
29 10 276.721
29 11 276.725
29 12 276.72
29 13 276.704
29 14 276.675
29 15 276.632
29 16 276.576
29 17 276.507
29 18 276.424
29 19 276.329
29 20 276.224
29 21 276.109
29 22 275.987
29 23 275.86
29 24 275.729
29 25 275.596
29 26 275.463
29 27 275.33
29 28 275.2
29 29 275.073
29 30 274.95
29 31 274.832
29 32 274.719
29 33 274.611
29 34 274.51
29 35 274.415
29 36 274.325
29 37 274.243
29 38 274.166
29 39 274.096
29 40 274.033
29 41 273.975
29 42 273.924
29 43 273.879
29 44 273.841
29 45 273.808
29 46 273.782
29 47 273.761
29 48 273.746
29 49 273.737
29 50 273.735

30 0 276.752
30 1 276.767
30 2 276.787
30 3 276.812
30 4 276.841
30 5 276.874
30 6 276.908
30 7 276.942
30 8 276.974
30 9 277.002
30 10 277.023
30 11 277.034
30 12 277.034
30 13 277.021
30 14 276.992
30 15 276.948
30 16 276.888
30 17 276.811
30 18 276.719
30 19 276.613
30 20 276.495
30 21 276.366
30 22 276.228
30 23 276.085
30 24 275.938
30 25 275.79
30 26 275.641
30 27 275.494
30 28 275.351
30 29 275.211
30 30 275.076
30 31 274.947
30 32 274.824
30 33 274.707
30 34 274.597
30 35 274.494
30 36 274.398
30 37 274.309
30 38 274.227
30 39 274.152
30 40 274.084
30 41 274.023
30 42 273.968
30 43 273.921
30 44 273.879
30 45 273.845
30 46 273.817
30 47 273.795
30 48 273.779
30 49 273.77
30 50 273.767

31 0 277.002
31 1 277.018
31 2 277.041
31 3 277.071
31 4 277.107
31 5 277.147
31 6 277.191
31 7 277.235
31 8 277.278
31 9 277.316
31 10 277.347
31 11 277.367
31 12 277.374
31 13 277.365
31 14 277.338
31 15 277.292
31 16 277.227
31 17 277.143
31 18 277.04
31 19 276.921
31 20 276.787
31 21 276.641
31 22 276.486
31 23 276.325
31 24 276.16
31 25 275.993
31 26 275.828
31 27 275.665
31 28 275.506
31 29 275.353
31 30 275.205
31 31 275.064
31 32 274.93
31 33 274.804
31 34 274.685
31 35 274.574
31 36 274.471
31 37 274.376
31 38 274.288
31 39 274.208
31 40 274.135
31 41 274.07
31 42 274.012
31 43 273.962
31 44 273.918
31 45 273.881
31 46 273.851
31 47 273.828
31 48 273.812
31 49 273.802
31 50 273.799

32 0 277.259
32 1 277.276
32 2 277.302
32 3 277.337
32 4 277.381
32 5 277.431
32 6 277.486
32 7 277.543
32 8 277.599
32 9 277.651
32 10 277.695
32 11 277.726
32 12 277.742
32 13 277.74
32 14 277.716
32 15 277.669
32 16 277.599
32 17 277.506
32 18 277.39
32 19 277.255
32 20 277.103
32 21 276.937
32 22 276.761
32 23 276.578
32 24 276.392
32 25 276.206
32 26 276.022
32 27 275.841
32 28 275.666
32 29 275.497
32 30 275.336
32 31 275.183
32 32 275.038
32 33 274.901
32 34 274.774
32 35 274.654
32 36 274.544
32 37 274.442
32 38 274.348
32 39 274.263
32 40 274.186
32 41 274.117
32 42 274.055
32 43 274.002
32 44 273.956
32 45 273.917
32 46 273.885
32 47 273.861
32 48 273.844
32 49 273.833
32 50 273.83

33 0 277.52
33 1 277.538
33 2 277.568
33 3 277.609
33 4 277.662
33 5 277.724
33 6 277.792
33 7 277.865
33 8 277.939
33 9 278.008
33 10 278.069
33 11 278.116
33 12 278.144
33 13 278.15
33 14 278.13
33 15 278.083
33 16 278.007
33 17 277.903
33 18 277.773
33 19 277.62
33 20 277.446
33 21 277.256
33 22 277.054
33 23 276.847
33 24 276.637
33 25 276.427
33 26 276.222
33 27 276.022
33 28 275.829
33 29 275.644
33 30 275.469
33 31 275.302
33 32 275.146
33 33 274.999
33 34 274.861
33 35 274.734
33 36 274.616
33 37 274.507
33 38 274.408
33 39 274.317
33 40 274.236
33 41 274.162
33 42 274.098
33 43 274.041
33 44 273.992
33 45 273.951
33 46 273.918
33 47 273.893
33 48 273.875
33 49 273.864
33 50 273.86

34 0 277.782
34 1 277.802
34 2 277.836
34 3 277.885
34 4 277.948
34 5 278.024
34 6 278.109
34 7 278.202
34 8 278.297
34 9 278.389
34 10 278.472
34 11 278.538
34 12 278.583
34 13 278.6
34 14 278.586
34 15 278.539
34 16 278.457
34 17 278.342
34 18 278.194
34 19 278.017
34 20 277.816
34 21 277.597
34 22 277.366
34 23 277.129
34 24 276.891
34 25 276.656
34 26 276.427
34 27 276.205
34 28 275.993
34 29 275.792
34 30 275.601
34 31 275.421
34 32 275.252
34 33 275.095
34 34 274.948
34 35 274.812
34 36 274.686
34 37 274.571
34 38 274.466
34 39 274.37
34 40 274.284
34 41 274.207
34 42 274.138
34 43 274.079
34 44 274.028
34 45 273.985
34 46 273.95
34 47 273.923
34 48 273.904
34 49 273.893
34 50 273.89

35 0 278.045
35 1 278.065
35 2 278.104
35 3 278.161
35 4 278.237
35 5 278.328
35 6 278.434
35 7 278.551
35 8 278.673
35 9 278.793
35 10 278.905
35 11 278.998
35 12 279.063
35 13 279.096
35 14 279.09
35 15 279.044
35 16 278.955
35 17 278.825
35 18 278.656
35 19 278.452
35 20 278.218
35 21 277.964
35 22 277.697
35 23 277.425
35 24 277.154
35 25 276.89
35 26 276.634
35 27 276.39
35 28 276.158
35 29 275.938
35 30 275.732
35 31 275.538
35 32 275.357
35 33 275.189
35 34 275.032
35 35 274.888
35 36 274.755
35 37 274.633
35 38 274.521
35 39 274.421
35 40 274.33
35 41 274.249
35 42 274.177
35 43 274.115
35 44 274.062
35 45 274.017
35 46 273.981
35 47 273.953
35 48 273.933
35 49 273.921
35 50 273.917

36 0 278.303
36 1 278.324
36 2 278.368
36 3 278.435
36 4 278.524
36 5 278.634
36 6 278.764
36 7 278.909
36 8 279.065
36 9 279.222
36 10 279.37
36 11 279.497
36 12 279.59
36 13 279.642
36 14 279.647
36 15 279.602
36 16 279.506
36 17 279.36
36 18 279.165
36 19 278.927
36 20 278.654
36 21 278.355
36 22 278.044
36 23 277.731
36 24 277.423
36 25 277.126
36 26 276.842
36 27 276.573
36 28 276.32
36 29 276.082
36 30 275.86
36 31 275.652
36 32 275.459
36 33 275.279
36 34 275.113
36 35 274.96
36 36 274.82
36 37 274.692
36 38 274.575
36 39 274.469
36 40 274.374
36 41 274.289
36 42 274.214
36 43 274.149
36 44 274.094
36 45 274.047
36 46 274.009
36 47 273.98
36 48 273.959
36 49 273.947
36 50 273.944

37 0 278.553
37 1 278.575
37 2 278.625
37 3 278.701
37 4 278.805
37 5 278.936
37 6 279.093
37 7 279.272
37 8 279.469
37 9 279.672
37 10 279.869
37 11 280.039
37 12 280.167
37 13 280.243
37 14 280.262
37 15 280.219
37 16 280.115
37 17 279.949
37 18 279.724
37 19 279.446
37 20 279.123
37 21 278.77
37 22 278.405
37 23 278.044
37 24 277.694
37 25 277.361
37 26 277.047
37 27 276.752
37 28 276.477
37 29 276.221
37 30 275.982
37 31 275.761
37 32 275.556
37 33 275.366
37 34 275.19
37 35 275.029
37 36 274.882
37 37 274.747
37 38 274.625
37 39 274.514
37 40 274.415
37 41 274.327
37 42 274.249
37 43 274.181
37 44 274.123
37 45 274.075
37 46 274.036
37 47 274.006
37 48 273.984
37 49 273.972
37 50 273.968

38 0 278.792
38 1 278.815
38 2 278.869
38 3 278.956
38 4 279.076
38 5 279.229
38 6 279.415
38 7 279.632
38 8 279.877
38 9 280.14
38 10 280.404
38 11 280.63
38 12 280.8
38 13 280.905
38 14 280.939
38 15 280.9
38 16 280.787
38 17 280.6
38 18 280.341
38 19 280.014
38 20 279.629
38 21 279.203
38 22 278.772
38 23 278.355
38 24 277.959
38 25 277.588
38 26 277.243
38 27 276.923
38 28 276.627
38 29 276.352
38 30 276.098
38 31 275.863
38 32 275.646
38 33 275.446
38 34 275.262
38 35 275.093
38 36 274.939
38 37 274.798
38 38 274.671
38 39 274.556
38 40 274.453
38 41 274.361
38 42 274.28
38 43 274.21
38 44 274.15
38 45 274.1
38 46 274.06
38 47 274.029
38 48 274.007
38 49 273.994
38 50 273.99

39 0 279.014
39 1 279.038
39 2 279.098
39 3 279.195
39 4 279.329
39 5 279.503
39 6 279.719
39 7 279.977
39 8 280.277
39 9 280.619
39 10 280.993
39 11 281.295
39 12 281.515
39 13 281.652
39 14 281.703
39 15 281.667
39 16 281.546
39 17 281.337
39 18 281.041
39 19 280.659
39 20 280.192
39 21 279.649
39 22 279.134
39 23 278.654
39 24 278.211
39 25 277.802
39 26 277.427
39 27 277.082
39 28 276.766
39 29 276.474
39 30 276.205
39 31 275.958
39 32 275.73
39 33 275.521
39 34 275.328
39 35 275.152
39 36 274.991
39 37 274.845
39 38 274.713
39 39 274.593
39 40 274.487
39 41 274.392
39 42 274.309
39 43 274.237
39 44 274.175
39 45 274.124
39 46 274.082
39 47 274.05
39 48 274.028
39 49 274.014
39 50 274.01

40 0 279.218
40 1 279.243
40 2 279.307
40 3 279.412
40 4 279.559
40 5 279.752
40 6 279.994
40 7 280.29
40 8 280.648
40 9 281.094
40 10 281.727
40 11 282.131
40 12 282.403
40 13 282.57
40 14 282.636
40 15 282.604
40 16 282.474
40 17 282.245
40 18 281.915
40 19 281.475
40 20 280.901
40 21 280.093
40 22 279.468
40 23 278.924
40 24 278.436
40 25 277.994
40 26 277.592
40 27 277.225
40 28 276.89
40 29 276.584
40 30 276.302
40 31 276.043
40 32 275.805
40 33 275.587
40 34 275.387
40 35 275.204
40 36 275.037
40 37 274.886
40 38 274.75
40 39 274.627
40 40 274.517
40 41 274.419
40 42 274.334
40 43 274.26
40 44 274.196
40 45 274.144
40 46 274.101
40 47 274.069
40 48 274.046
40 49 274.032
40 50 274.028

41 0 279.398
41 1 279.424
41 2 279.491
41 3 279.602
41 4 279.759
41 5 279.966
41 6 280.228
41 7 280.551
41 8 280.948
41 9 281.455
41 10 282.18
41 11 282.642
41 12 282.95
41 13 283.138
41 14 283.215
41 15 283.185
41 16 283.048
41 17 282.804
41 18 282.448
41 19 281.969
41 20 281.331
41 21 280.427
41 22 279.735
41 23 279.146
41 24 278.625
41 25 278.156
41 26 277.733
41 27 277.349
41 28 276.999
41 29 276.679
41 30 276.386
41 31 276.117
41 32 275.87
41 33 275.644
41 34 275.438
41 35 275.249
41 36 275.077
41 37 274.921
41 38 274.781
41 39 274.655
41 40 274.542
41 41 274.442
41 42 274.355
41 43 274.279
41 44 274.214
41 45 274.161
41 46 274.118
41 47 274.084
41 48 274.061
41 49 274.047
41 50 274.043

42 0 279.553
42 1 279.58
42 2 279.649
42 3 279.764
42 4 279.926
42 5 280.14
42 6 280.411
42 7 280.747
42 8 281.161
42 9 281.689
42 10 282.441
42 11 282.925
42 12 283.246
42 13 283.442
42 14 283.523
42 15 283.493
42 16 283.353
42 17 283.101
42 18 282.733
42 19 282.235
42 20 281.573
42 21 280.636
42 22 279.918
42 23 279.308
42 24 278.768
42 25 278.284
42 26 277.847
42 27 277.45
42 28 277.089
42 29 276.759
42 30 276.456
42 31 276.179
42 32 275.925
42 33 275.692
42 34 275.48
42 35 275.286
42 36 275.11
42 37 274.95
42 38 274.806
42 39 274.677
42 40 274.562
42 41 274.46
42 42 274.371
42 43 274.294
42 44 274.229
42 45 274.175
42 46 274.131
42 47 274.097
42 48 274.074
42 49 274.06
42 50 274.056

43 0 279.682
43 1 279.709
43 2 279.779
43 3 279.895
43 4 280.058
43 5 280.272
43 6 280.542
43 7 280.874
43 8 281.28
43 9 281.796
43 10 282.529
43 11 282.999
43 12 283.312
43 13 283.502
43 14 283.58
43 15 283.547
43 16 283.406
43 17 283.154
43 18 282.788
43 19 282.295
43 20 281.642
43 21 280.721
43 22 280.011
43 23 279.404
43 24 278.863
43 25 278.374
43 26 277.931
43 27 277.528
43 28 277.16
43 29 276.822
43 30 276.513
43 31 276.229
43 32 275.968
43 33 275.73
43 34 275.512
43 35 275.314
43 36 275.134
43 37 274.972
43 38 274.825
43 39 274.694
43 40 274.577
43 41 274.474
43 42 274.384
43 43 274.306
43 44 274.24
43 45 274.185
43 46 274.141
43 47 274.107
43 48 274.084
43 49 274.07
43 50 274.065

44 0 279.784
44 1 279.811
44 2 279.881
44 3 279.995
44 4 280.155
44 5 280.363
44 6 280.622
44 7 280.936
44 8 281.313
44 9 281.777
44 10 282.427
44 11 282.846
44 12 283.129
44 13 283.301
44 14 283.369
44 15 283.332
44 16 283.192
44 17 282.948
44 18 282.596
44 19 282.13
44 20 281.526
44 21 280.684
44 22 280.022
44 23 279.44
44 24 278.912
44 25 278.43
44 26 277.989
44 27 277.584
44 28 277.211
44 29 276.869
44 30 276.554
44 31 276.265
44 32 275.999
44 33 275.756
44 34 275.535
44 35 275.333
44 36 275.151
44 37 274.986
44 38 274.837
44 39 274.704
44 40 274.586
44 41 274.482
44 42 274.391
44 43 274.313
44 44 274.247
44 45 274.192
44 46 274.148
44 47 274.114
44 48 274.091
44 49 274.077
44 50 274.072

45 0 279.86
45 1 279.887
45 2 279.956
45 3 280.067
45 4 280.22
45 5 280.417
45 6 280.66
45 7 280.946
45 8 281.276
45 9 281.647
45 10 282.048
45 11 282.372
45 12 282.61
45 13 282.756
45 14 282.81
45 15 282.768
45 16 282.631
45 17 282.398
45 18 282.07
45 19 281.647
45 20 281.134
45 21 280.539
45 22 279.967
45 23 279.429
45 24 278.925
45 25 278.457
45 26 278.022
45 27 277.618
45 28 277.245
45 29 276.9
45 30 276.581
45 31 276.287
45 32 276.018
45 33 275.771
45 34 275.547
45 35 275.343
45 36 275.158
45 37 274.992
45 38 274.842
45 39 274.708
45 40 274.589
45 41 274.485
45 42 274.394
45 43 274.315
45 44 274.249
45 45 274.195
45 46 274.151
45 47 274.118
45 48 274.095
45 49 274.081
45 50 274.077

46 0 279.912
46 1 279.939
46 2 280.006
46 3 280.112
46 4 280.258
46 5 280.443
46 6 280.667
46 7 280.925
46 8 281.211
46 9 281.516
46 10 281.817
46 11 282.076
46 12 282.271
46 13 282.391
46 14 282.43
46 15 282.383
46 16 282.249
46 17 282.029
46 18 281.726
46 19 281.344
46 20 280.894
46 21 280.396
46 22 279.889
46 23 279.391
46 24 278.914
46 25 278.461
46 26 278.035
46 27 277.636
46 28 277.263
46 29 276.915
46 30 276.593
46 31 276.295
46 32 276.023
46 33 275.774
46 34 275.548
46 35 275.342
46 36 275.157
46 37 274.989
46 38 274.839
46 39 274.705
46 40 274.586
46 41 274.482
46 42 274.391
46 43 274.313
46 44 274.248
46 45 274.194
46 46 274.152
46 47 274.119
46 48 274.097
46 49 274.083
46 50 274.079

47 0 279.941
47 1 279.969
47 2 280.034
47 3 280.136
47 4 280.275
47 5 280.448
47 6 280.654
47 7 280.888
47 8 281.14
47 9 281.4
47 10 281.648
47 11 281.863
47 12 282.025
47 13 282.124
47 14 282.149
47 15 282.098
47 16 281.968
47 17 281.759
47 18 281.477
47 19 281.126
47 20 280.719
47 21 280.273
47 22 279.809
47 23 279.344
47 24 278.889
47 25 278.451
47 26 278.034
47 27 277.639
47 28 277.267
47 29 276.917
47 30 276.59
47 31 276.289
47 32 276.014
47 33 275.764
47 34 275.537
47 35 275.331
47 36 275.146
47 37 274.978
47 38 274.828
47 39 274.695
47 40 274.576
47 41 274.472
47 42 274.382
47 43 274.306
47 44 274.241
47 45 274.19
47 46 274.149
47 47 274.118
47 48 274.096
47 49 274.083
47 50 274.079

48 0 279.951
48 1 279.978
48 2 280.042
48 3 280.141
48 4 280.273
48 5 280.438
48 6 280.631
48 7 280.847
48 8 281.076
48 9 281.307
48 10 281.525
48 11 281.711
48 12 281.852
48 13 281.934
48 14 281.951
48 15 281.896
48 16 281.769
48 17 281.569
48 18 281.301
48 19 280.972
48 20 280.592
48 21 280.177
48 22 279.74
48 23 279.298
48 24 278.859
48 25 278.433
48 26 278.023
48 27 277.632
48 28 277.26
48 29 276.906
48 30 276.572
48 31 276.267
48 32 275.991
48 33 275.74
48 34 275.514
48 35 275.309
48 36 275.125
48 37 274.958
48 38 274.81
48 39 274.677
48 40 274.56
48 41 274.457
48 42 274.368
48 43 274.293
48 44 274.23
48 45 274.181
48 46 274.143
48 47 274.114
48 48 274.094
48 49 274.081
48 50 274.077

49 0 279.941
49 1 279.969
49 2 280.031
49 3 280.128
49 4 280.257
49 5 280.417
49 6 280.603
49 7 280.809
49 8 281.026
49 9 281.243
49 10 281.445
49 11 281.618
49 12 281.747
49 13 281.822
49 14 281.833
49 15 281.777
49 16 281.651
49 17 281.457
49 18 281.197
49 19 280.879
49 20 280.514
49 21 280.113
49 22 279.691
49 23 279.26
49 24 278.832
49 25 278.412
49 26 278.007
49 27 277.618
49 28 277.245
49 29 276.887
49 30 276.535
49 31 276.227
49 32 275.951
49 33 275.702
49 34 275.478
49 35 275.276
49 36 275.093
49 37 274.93
49 38 274.783
49 39 274.652
49 40 274.537
49 41 274.435
49 42 274.348
49 43 274.274
49 44 274.213
49 45 274.167
49 46 274.136
49 47 274.11
49 48 274.09
49 49 274.078
49 50 274.074

50 0 279.941
50 1 279.941
50 2 280.003
50 3 280.1
50 4 280.228
50 5 280.388
50 6 280.573
50 7 280.778
50 8 280.994
50 9 281.21
50 10 281.412
50 11 281.584
50 12 281.712
50 13 281.787
50 14 281.798
50 15 281.742
50 16 281.617
50 17 281.423
50 18 281.164
50 19 280.848
50 20 280.484
50 21 280.084
50 22 279.664
50 23 279.235
50 24 278.808
50 25 278.391
50 26 277.987
50 27 277.6
50 28 277.229
50 29 276.871
50 30 276.466
50 31 276.163
50 32 275.893
50 33 275.649
50 34 275.43
50 35 275.231
50 36 275.052
50 37 274.892
50 38 274.748
50 39 274.62
50 40 274.506
50 41 274.407
50 42 274.322
50 43 274.249
50 44 274.19
50 45 274.144
50 46 274.132
50 47 274.105
50 48 274.086
50 49 274.074
50 50 274.074

