0 0 284.815
0 1 284.815
0 2 284.858
0 3 284.896
0 4 284.929
0 5 284.957
0 6 284.981
0 7 285
0 8 285.015
0 9 285.025
0 10 285.031
0 11 285.032
0 12 285.029
0 13 285.022
0 14 285.01
0 15 284.995
0 16 284.976
0 17 284.953
0 18 284.927
0 19 284.898
0 20 284.865
0 21 284.829
0 22 284.79
0 23 284.749
0 24 284.705
0 25 284.659
0 26 284.612
0 27 284.562
0 28 284.511
0 29 284.458
0 30 284.405
0 31 284.35
0 32 284.295
0 33 284.239
0 34 284.183
0 35 284.127
0 36 284.071
0 37 284.016
0 38 283.96
0 39 283.906
0 40 283.852
0 41 283.799
0 42 283.747
0 43 283.696
0 44 283.646
0 45 283.597
0 46 283.55
0 47 283.504
0 48 283.46
0 49 283.417
0 50 283.417

1 0 284.815
1 1 284.863
1 2 284.905
1 3 284.943
1 4 284.976
1 5 285.005
1 6 285.029
1 7 285.048
1 8 285.063
1 9 285.073
1 10 285.079
1 11 285.08
1 12 285.077
1 13 285.07
1 14 285.059
1 15 285.043
1 16 285.024
1 17 285.001
1 18 284.975
1 19 284.945
1 20 284.912
1 21 284.876
1 22 284.837
1 23 284.796
1 24 284.752
1 25 284.706
1 26 284.658
1 27 284.608
1 28 284.557
1 29 284.504
1 30 284.45
1 31 284.396
1 32 284.34
1 33 284.284
1 34 284.228
1 35 284.172
1 36 284.116
1 37 284.06
1 38 284.004
1 39 283.949
1 40 283.895
1 41 283.842
1 42 283.79
1 43 283.738
1 44 283.688
1 45 283.64
1 46 283.592
1 47 283.546
1 48 283.502
1 49 283.459
1 50 283.417

2 0 284.87
2 1 284.918
2 2 284.961
2 3 284.999
2 4 285.032
2 5 285.061
2 6 285.085
2 7 285.104
2 8 285.119
2 9 285.129
2 10 285.135
2 11 285.136
2 12 285.133
2 13 285.125
2 14 285.114
2 15 285.098
2 16 285.079
2 17 285.056
2 18 285.029
2 19 284.999
2 20 284.966
2 21 284.93
2 22 284.891
2 23 284.849
2 24 284.805
2 25 284.758
2 26 284.71
2 27 284.659
2 28 284.608
2 29 284.554
2 30 284.5
2 31 284.445
2 32 284.389
2 33 284.333
2 34 284.276
2 35 284.219
2 36 284.163
2 37 284.107
2 38 284.051
2 39 283.995
2 40 283.941
2 41 283.887
2 42 283.835
2 43 283.783
2 44 283.733
2 45 283.684
2 46 283.636
2 47 283.59
2 48 283.545
2 49 283.502
2 50 283.46

3 0 284.933
3 1 284.981
3 2 285.024
3 3 285.062
3 4 285.096
3 5 285.125
3 6 285.149
3 7 285.168
3 8 285.183
3 9 285.193
3 10 285.198
3 11 285.199
3 12 285.196
3 13 285.188
3 14 285.177
3 15 285.161
3 16 285.141
3 17 285.118
3 18 285.091
3 19 285.06
3 20 285.026
3 21 284.99
3 22 284.95
3 23 284.907
3 24 284.863
3 25 284.815
3 26 284.766
3 27 284.716
3 28 284.663
3 29 284.609
3 30 284.554
3 31 284.498
3 32 284.442
3 33 284.385
3 34 284.328
3 35 284.27
3 36 284.213
3 37 284.156
3 38 284.1
3 39 284.044
3 40 283.989
3 41 283.935
3 42 283.882
3 43 283.83
3 44 283.78
3 45 283.73
3 46 283.682
3 47 283.636
3 48 283.591
3 49 283.547
3 50 283.505

4 0 285.004
4 1 285.052
4 2 285.095
4 3 285.134
4 4 285.167
4 5 285.196
4 6 285.22
4 7 285.24
4 8 285.254
4 9 285.264
4 10 285.27
4 11 285.271
4 12 285.267
4 13 285.259
4 14 285.247
4 15 285.231
4 16 285.21
4 17 285.186
4 18 285.159
4 19 285.128
4 20 285.093
4 21 285.056
4 22 285.015
4 23 284.972
4 24 284.926
4 25 284.878
4 26 284.828
4 27 284.777
4 28 284.723
4 29 284.669
4 30 284.613
4 31 284.556
4 32 284.499
4 33 284.441
4 34 284.383
4 35 284.325
4 36 284.267
4 37 284.209
4 38 284.152
4 39 284.096
4 40 284.04
4 41 283.985
4 42 283.932
4 43 283.879
4 44 283.828
4 45 283.778
4 46 283.73
4 47 283.683
4 48 283.638
4 49 283.594
4 50 283.552

5 0 285.083
5 1 285.131
5 2 285.175
5 3 285.214
5 4 285.247
5 5 285.276
5 6 285.3
5 7 285.32
5 8 285.334
5 9 285.344
5 10 285.349
5 11 285.35
5 12 285.346
5 13 285.337
5 14 285.325
5 15 285.308
5 16 285.287
5 17 285.262
5 18 285.234
5 19 285.202
5 20 285.166
5 21 285.128
5 22 285.086
5 23 285.042
5 24 284.996
5 25 284.947
5 26 284.896
5 27 284.843
5 28 284.788
5 29 284.732
5 30 284.676
5 31 284.618
5 32 284.559
5 33 284.5
5 34 284.441
5 35 284.382
5 36 284.323
5 37 284.265
5 38 284.207
5 39 284.149
5 40 284.093
5 41 284.038
5 42 283.983
5 43 283.93
5 44 283.879
5 45 283.828
5 46 283.779
5 47 283.732
5 48 283.687
5 49 283.643
5 50 283.6

6 0 285.17
6 1 285.219
6 2 285.263
6 3 285.301
6 4 285.335
6 5 285.364
6 6 285.388
6 7 285.408
6 8 285.422
6 9 285.432
6 10 285.436
6 11 285.436
6 12 285.432
6 13 285.423
6 14 285.41
6 15 285.392
6 16 285.371
6 17 285.345
6 18 285.316
6 19 285.283
6 20 285.246
6 21 285.207
6 22 285.164
6 23 285.119
6 24 285.071
6 25 285.02
6 26 284.968
6 27 284.914
6 28 284.858
6 29 284.801
6 30 284.743
6 31 284.683
6 32 284.624
6 33 284.563
6 34 284.503
6 35 284.443
6 36 284.383
6 37 284.323
6 38 284.264
6 39 284.206
6 40 284.148
6 41 284.092
6 42 284.037
6 43 283.983
6 44 283.931
6 45 283.88
6 46 283.831
6 47 283.783
6 48 283.737
6 49 283.693
6 50 283.65

7 0 285.265
7 1 285.314
7 2 285.359
7 3 285.398
7 4 285.432
7 5 285.461
7 6 285.485
7 7 285.504
7 8 285.518
7 9 285.527
7 10 285.532
7 11 285.531
7 12 285.526
7 13 285.517
7 14 285.503
7 15 285.484
7 16 285.462
7 17 285.435
7 18 285.405
7 19 285.371
7 20 285.333
7 21 285.292
7 22 285.248
7 23 285.201
7 24 285.151
7 25 285.1
7 26 285.046
7 27 284.99
7 28 284.932
7 29 284.874
7 30 284.814
7 31 284.753
7 32 284.692
7 33 284.63
7 34 284.568
7 35 284.507
7 36 284.445
7 37 284.384
7 38 284.324
7 39 284.264
7 40 284.206
7 41 284.149
7 42 284.093
7 43 284.038
7 44 283.985
7 45 283.933
7 46 283.884
7 47 283.835
7 48 283.789
7 49 283.744
7 50 283.702

8 0 285.369
8 1 285.418
8 2 285.463
8 3 285.502
8 4 285.536
8 5 285.565
8 6 285.589
8 7 285.608
8 8 285.622
8 9 285.631
8 10 285.635
8 11 285.634
8 12 285.629
8 13 285.618
8 14 285.604
8 15 285.584
8 16 285.56
8 17 285.533
8 18 285.501
8 19 285.465
8 20 285.426
8 21 285.384
8 22 285.338
8 23 285.289
8 24 285.238
8 25 285.184
8 26 285.129
8 27 285.071
8 28 285.012
8 29 284.951
8 30 284.889
8 31 284.827
8 32 284.764
8 33 284.7
8 34 284.637
8 35 284.574
8 36 284.511
8 37 284.448
8 38 284.386
8 39 284.326
8 40 284.266
8 41 284.207
8 42 284.15
8 43 284.095
8 44 284.041
8 45 283.989
8 46 283.938
8 47 283.889
8 48 283.843
8 49 283.798
8 50 283.755

9 0 285.481
9 1 285.531
9 2 285.575
9 3 285.615
9 4 285.649
9 5 285.679
9 6 285.703
9 7 285.721
9 8 285.735
9 9 285.744
9 10 285.747
9 11 285.746
9 12 285.739
9 13 285.728
9 14 285.712
9 15 285.692
9 16 285.667
9 17 285.638
9 18 285.604
9 19 285.567
9 20 285.526
9 21 285.482
9 22 285.434
9 23 285.384
9 24 285.331
9 25 285.275
9 26 285.217
9 27 285.157
9 28 285.096
9 29 285.033
9 30 284.969
9 31 284.905
9 32 284.84
9 33 284.774
9 34 284.709
9 35 284.644
9 36 284.579
9 37 284.515
9 38 284.451
9 39 284.389
9 40 284.328
9 41 284.268
9 42 284.21
9 43 284.153
9 44 284.098
9 45 284.045
9 46 283.994
9 47 283.945
9 48 283.897
9 49 283.852
9 50 283.809

10 0 285.601
10 1 285.652
10 2 285.697
10 3 285.736
10 4 285.771
10 5 285.8
10 6 285.824
10 7 285.843
10 8 285.856
10 9 285.864
10 10 285.867
10 11 285.865
10 12 285.858
10 13 285.846
10 14 285.829
10 15 285.807
10 16 285.781
10 17 285.75
10 18 285.715
10 19 285.676
10 20 285.633
10 21 285.587
10 22 285.537
10 23 285.484
10 24 285.429
10 25 285.371
10 26 285.311
10 27 285.249
10 28 285.185
10 29 285.12
10 30 285.053
10 31 284.987
10 32 284.919
10 33 284.851
10 34 284.784
10 35 284.716
10 36 284.65
10 37 284.584
10 38 284.519
10 39 284.455
10 40 284.392
10 41 284.331
10 42 284.271
10 43 284.213
10 44 284.157
10 45 284.103
10 46 284.051
10 47 284.001
10 48 283.954
10 49 283.908
10 50 283.865

11 0 285.73
11 1 285.781
11 2 285.826
11 3 285.867
11 4 285.901
11 5 285.931
11 6 285.955
11 7 285.973
11 8 285.986
11 9 285.994
11 10 285.996
11 11 285.993
11 12 285.985
11 13 285.972
11 14 285.954
11 15 285.93
11 16 285.902
11 17 285.87
11 18 285.833
11 19 285.792
11 20 285.747
11 21 285.699
11 22 285.647
11 23 285.591
11 24 285.533
11 25 285.473
11 26 285.41
11 27 285.345
11 28 285.278
11 29 285.211
11 30 285.142
11 31 285.072
11 32 285.002
11 33 284.932
11 34 284.862
11 35 284.792
11 36 284.723
11 37 284.655
11 38 284.588
11 39 284.522
11 40 284.458
11 41 284.395
11 42 284.334
11 43 284.275
11 44 284.218
11 45 284.163
11 46 284.11
11 47 284.059
11 48 284.011
11 49 283.965
11 50 283.921

12 0 285.868
12 1 285.919
12 2 285.965
12 3 286.006
12 4 286.04
12 5 286.07
12 6 286.094
12 7 286.112
12 8 286.125
12 9 286.132
12 10 286.134
12 11 286.13
12 12 286.121
12 13 286.106
12 14 286.087
12 15 286.062
12 16 286.032
12 17 285.998
12 18 285.959
12 19 285.916
12 20 285.868
12 21 285.817
12 22 285.763
12 23 285.705
12 24 285.644
12 25 285.58
12 26 285.514
12 27 285.446
12 28 285.377
12 29 285.306
12 30 285.234
12 31 285.162
12 32 285.089
12 33 285.016
12 34 284.943
12 35 284.871
12 36 284.8
12 37 284.729
12 38 284.66
12 39 284.592
12 40 284.525
12 41 284.461
12 42 284.398
12 43 284.338
12 44 284.279
12 45 284.223
12 46 284.169
12 47 284.118
12 48 284.069
12 49 284.023
12 50 283.979

13 0 286.014
13 1 286.066
13 2 286.113
13 3 286.153
13 4 286.189
13 5 286.218
13 6 286.242
13 7 286.26
13 8 286.272
13 9 286.279
13 10 286.28
13 11 286.275
13 12 286.265
13 13 286.249
13 14 286.228
13 15 286.202
13 16 286.17
13 17 286.134
13 18 286.093
13 19 286.047
13 20 285.997
13 21 285.943
13 22 285.885
13 23 285.824
13 24 285.76
13 25 285.693
13 26 285.624
13 27 285.553
13 28 285.48
13 29 285.406
13 30 285.331
13 31 285.255
13 32 285.179
13 33 285.103
13 34 285.027
13 35 284.952
13 36 284.878
13 37 284.805
13 38 284.733
13 39 284.663
13 40 284.595
13 41 284.528
13 42 284.464
13 43 284.402
13 44 284.342
13 45 284.285
13 46 284.23
13 47 284.178
13 48 284.128
13 49 284.082
13 50 284.037

14 0 286.169
14 1 286.222
14 2 286.269
14 3 286.31
14 4 286.346
14 5 286.375
14 6 286.399
14 7 286.417
14 8 286.429
14 9 286.435
14 10 286.435
14 11 286.43
14 12 286.419
14 13 286.401
14 14 286.379
14 15 286.351
14 16 286.317
14 17 286.278
14 18 286.234
14 19 286.186
14 20 286.133
14 21 286.076
14 22 286.015
14 23 285.95
14 24 285.883
14 25 285.812
14 26 285.74
14 27 285.665
14 28 285.588
14 29 285.51
14 30 285.432
14 31 285.352
14 32 285.273
14 33 285.193
14 34 285.114
14 35 285.036
14 36 284.959
14 37 284.883
14 38 284.809
14 39 284.736
14 40 284.665
14 41 284.597
14 42 284.531
14 43 284.467
14 44 284.406
14 45 284.347
14 46 284.291
14 47 284.238
14 48 284.188
14 49 284.141
14 50 284.096

15 0 286.334
15 1 286.387
15 2 286.435
15 3 286.476
15 4 286.512
15 5 286.542
15 6 286.566
15 7 286.583
15 8 286.595
15 9 286.601
15 10 286.6
15 11 286.594
15 12 286.581
15 13 286.563
15 14 286.538
15 15 286.508
15 16 286.472
15 17 286.431
15 18 286.384
15 19 286.333
15 20 286.276
15 21 286.216
15 22 286.151
15 23 286.083
15 24 286.012
15 25 285.937
15 26 285.86
15 27 285.781
15 28 285.701
15 29 285.619
15 30 285.536
15 31 285.453
15 32 285.37
15 33 285.287
15 34 285.204
15 35 285.123
15 36 285.042
15 37 284.963
15 38 284.886
15 39 284.811
15 40 284.737
15 41 284.667
15 42 284.598
15 43 284.533
15 44 284.47
15 45 284.41
15 46 284.353
15 47 284.299
15 48 284.248
15 49 284.201
15 50 284.156

16 0 286.507
16 1 286.561
16 2 286.609
16 3 286.652
16 4 286.688
16 5 286.718
16 6 286.741
16 7 286.759
16 8 286.771
16 9 286.776
16 10 286.775
16 11 286.767
16 12 286.753
16 13 286.733
16 14 286.707
16 15 286.674
16 16 286.636
16 17 286.592
16 18 286.542
16 19 286.488
16 20 286.428
16 21 286.364
16 22 286.295
16 23 286.223
16 24 286.147
16 25 286.068
16 26 285.987
16 27 285.903
16 28 285.818
16 29 285.732
16 30 285.645
16 31 285.558
16 32 285.47
16 33 285.383
16 34 285.296
16 35 285.211
16 36 285.127
16 37 285.045
16 38 284.965
16 39 284.886
16 40 284.811
16 41 284.737
16 42 284.667
16 43 284.599
16 44 284.535
16 45 284.473
16 46 284.415
16 47 284.36
16 48 284.309
16 49 284.26
16 50 284.216

17 0 286.69
17 1 286.745
17 2 286.794
17 3 286.836
17 4 286.873
17 5 286.903
17 6 286.927
17 7 286.945
17 8 286.956
17 9 286.961
17 10 286.959
17 11 286.95
17 12 286.935
17 13 286.913
17 14 286.885
17 15 286.85
17 16 286.809
17 17 286.762
17 18 286.709
17 19 286.651
17 20 286.587
17 21 286.519
17 22 286.446
17 23 286.369
17 24 286.289
17 25 286.205
17 26 286.119
17 27 286.031
17 28 285.941
17 29 285.849
17 30 285.758
17 31 285.665
17 32 285.573
17 33 285.482
17 34 285.391
17 35 285.302
17 36 285.214
17 37 285.128
17 38 285.044
17 39 284.963
17 40 284.884
17 41 284.808
17 42 284.736
17 43 284.666
17 44 284.6
17 45 284.537
17 46 284.477
17 47 284.421
17 48 284.369
17 49 284.32
17 50 284.275

18 0 286.882
18 1 286.938
18 2 286.987
18 3 287.03
18 4 287.067
18 5 287.098
18 6 287.122
18 7 287.14
18 8 287.151
18 9 287.155
18 10 287.153
18 11 287.143
18 12 287.127
18 13 287.103
18 14 287.073
18 15 287.036
18 16 286.992
18 17 286.942
18 18 286.886
18 19 286.823
18 20 286.755
18 21 286.682
18 22 286.605
18 23 286.523
18 24 286.437
18 25 286.348
18 26 286.257
18 27 286.163
18 28 286.067
18 29 285.971
18 30 285.874
18 31 285.777
18 32 285.679
18 33 285.583
18 34 285.488
18 35 285.394
18 36 285.302
18 37 285.213
18 38 285.125
18 39 285.04
18 40 284.959
18 41 284.88
18 42 284.805
18 43 284.733
18 44 284.665
18 45 284.6
18 46 284.539
18 47 284.482
18 48 284.429
18 49 284.38
18 50 284.334

19 0 287.084
19 1 287.14
19 2 287.19
19 3 287.234
19 4 287.272
19 5 287.303
19 6 287.328
19 7 287.345
19 8 287.356
19 9 287.36
19 10 287.357
19 11 287.347
19 12 287.329
19 13 287.304
19 14 287.272
19 15 287.232
19 16 287.185
19 17 287.131
19 18 287.071
19 19 287.004
19 20 286.932
19 21 286.854
19 22 286.771
19 23 286.683
19 24 286.592
19 25 286.497
19 26 286.4
19 27 286.3
19 28 286.199
19 29 286.097
19 30 285.994
19 31 285.891
19 32 285.788
19 33 285.687
19 34 285.587
19 35 285.488
19 36 285.392
19 37 285.298
19 38 285.207
19 39 285.118
19 40 285.033
19 41 284.952
19 42 284.874
19 43 284.799
19 44 284.729
19 45 284.663
19 46 284.6
19 47 284.542
19 48 284.488
19 49 284.438
19 50 284.393

20 0 287.295
20 1 287.352
20 2 287.403
20 3 287.448
20 4 287.486
20 5 287.518
20 6 287.543
20 7 287.561
20 8 287.572
20 9 287.576
20 10 287.573
20 11 287.561
20 12 287.542
20 13 287.515
20 14 287.481
20 15 287.438
20 16 287.388
20 17 287.331
20 18 287.266
20 19 287.195
20 20 287.117
20 21 287.034
20 22 286.945
20 23 286.851
20 24 286.754
20 25 286.653
20 26 286.549
20 27 286.443
20 28 286.335
20 29 286.226
20 30 286.117
20 31 286.008
20 32 285.9
20 33 285.793
20 34 285.687
20 35 285.584
20 36 285.482
20 37 285.384
20 38 285.289
20 39 285.197
20 40 285.108
20 41 285.023
20 42 284.942
20 43 284.866
20 44 284.793
20 45 284.725
20 46 284.661
20 47 284.602
20 48 284.547
20 49 284.496
20 50 284.451

21 0 287.516
21 1 287.574
21 2 287.626
21 3 287.671
21 4 287.71
21 5 287.743
21 6 287.769
21 7 287.788
21 8 287.799
21 9 287.803
21 10 287.799
21 11 287.787
21 12 287.767
21 13 287.738
21 14 287.701
21 15 287.656
21 16 287.602
21 17 287.541
21 18 287.472
21 19 287.395
21 20 287.312
21 21 287.222
21 22 287.127
21 23 287.027
21 24 286.923
21 25 286.815
21 26 286.704
21 27 286.59
21 28 286.475
21 29 286.36
21 30 286.244
21 31 286.128
21 32 286.014
21 33 285.9
21 34 285.789
21 35 285.68
21 36 285.574
21 37 285.471
21 38 285.371
21 39 285.275
21 40 285.182
21 41 285.094
21 42 285.01
21 43 284.931
21 44 284.856
21 45 284.786
21 46 284.72
21 47 284.66
21 48 284.604
21 49 284.553
21 50 284.507

22 0 287.746
22 1 287.805
22 2 287.858
22 3 287.904
22 4 287.945
22 5 287.978
22 6 288.005
22 7 288.025
22 8 288.037
22 9 288.041
22 10 288.037
22 11 288.024
22 12 288.003
22 13 287.973
22 14 287.933
22 15 287.885
22 16 287.828
22 17 287.762
22 18 287.688
22 19 287.606
22 20 287.516
22 21 287.42
22 22 287.318
22 23 287.211
22 24 287.099
22 25 286.983
22 26 286.864
22 27 286.743
22 28 286.62
22 29 286.497
22 30 286.374
22 31 286.251
22 32 286.129
22 33 286.01
22 34 285.892
22 35 285.777
22 36 285.665
22 37 285.557
22 38 285.452
22 39 285.352
22 40 285.256
22 41 285.164
22 42 285.077
22 43 284.995
22 44 284.917
22 45 284.845
22 46 284.778
22 47 284.716
22 48 284.659
22 49 284.608
22 50 284.562

23 0 287.986
23 1 288.046
23 2 288.1
23 3 288.147
23 4 288.189
23 5 288.224
23 6 288.252
23 7 288.273
23 8 288.286
23 9 288.29
23 10 288.286
23 11 288.274
23 12 288.251
23 13 288.219
23 14 288.178
23 15 288.127
23 16 288.066
23 17 287.995
23 18 287.916
23 19 287.827
23 20 287.731
23 21 287.628
23 22 287.518
23 23 287.402
23 24 287.282
23 25 287.157
23 26 287.03
23 27 286.9
23 28 286.769
23 29 286.638
23 30 286.506
23 31 286.376
23 32 286.247
23 33 286.12
23 34 285.996
23 35 285.875
23 36 285.757
23 37 285.643
23 38 285.534
23 39 285.428
23 40 285.328
23 41 285.233
23 42 285.142
23 43 285.057
23 44 284.977
23 45 284.903
23 46 284.834
23 47 284.771
23 48 284.713
23 49 284.661
23 50 284.615

24 0 288.235
24 1 288.296
24 2 288.351
24 3 288.4
24 4 288.443
24 5 288.48
24 6 288.509
24 7 288.532
24 8 288.546
24 9 288.552
24 10 288.549
24 11 288.536
24 12 288.513
24 13 288.48
24 14 288.436
24 15 288.381
24 16 288.316
24 17 288.241
24 18 288.155
24 19 288.06
24 20 287.957
24 21 287.845
24 22 287.727
24 23 287.602
24 24 287.472
24 25 287.338
24 26 287.202
24 27 287.062
24 28 286.922
24 29 286.782
24 30 286.642
24 31 286.503
24 32 286.366
24 33 286.231
24 34 286.1
24 35 285.972
24 36 285.848
24 37 285.729
24 38 285.614
24 39 285.504
24 40 285.399
24 41 285.299
24 42 285.206
24 43 285.117
24 44 285.035
24 45 284.958
24 46 284.888
24 47 284.823
24 48 284.764
24 49 284.712
24 50 284.665

25 0 288.493
25 1 288.555
25 2 288.611
25 3 288.662
25 4 288.707
25 5 288.746
25 6 288.778
25 7 288.802
25 8 288.819
25 9 288.826
25 10 288.824
25 11 288.812
25 12 288.788
25 13 288.754
25 14 288.708
25 15 288.65
25 16 288.581
25 17 288.5
25 18 288.408
25 19 288.305
25 20 288.194
25 21 288.073
25 22 287.945
25 23 287.81
25 24 287.67
25 25 287.526
25 26 287.379
25 27 287.229
25 28 287.079
25 29 286.929
25 30 286.779
25 31 286.631
25 32 286.486
25 33 286.343
25 34 286.204
25 35 286.069
25 36 285.938
25 37 285.813
25 38 285.692
25 39 285.577
25 40 285.468
25 41 285.364
25 42 285.267
25 43 285.175
25 44 285.09
25 45 285.011
25 46 284.939
25 47 284.873
25 48 284.813
25 49 284.76
25 50 284.713

26 0 288.76
26 1 288.823
26 2 288.881
26 3 288.934
26 4 288.981
26 5 289.022
26 6 289.057
26 7 289.084
26 8 289.103
26 9 289.113
26 10 289.113
26 11 289.102
26 12 289.079
26 13 289.043
26 14 288.995
26 15 288.934
26 16 288.86
26 17 288.773
26 18 288.674
26 19 288.564
26 20 288.443
26 21 288.312
26 22 288.173
26 23 288.028
26 24 287.876
26 25 287.72
26 26 287.561
26 27 287.401
26 28 287.239
26 29 287.078
26 30 286.918
26 31 286.761
26 32 286.606
26 33 286.454
26 34 286.307
26 35 286.165
26 36 286.027
26 37 285.895
26 38 285.768
26 39 285.648
26 40 285.534
26 41 285.426
26 42 285.325
26 43 285.23
26 44 285.142
26 45 285.061
26 46 284.987
26 47 284.919
26 48 284.858
26 49 284.805
26 50 284.758

27 0 289.035
27 1 289.099
27 2 289.159
27 3 289.214
27 4 289.264
27 5 289.309
27 6 289.347
27 7 289.378
27 8 289.401
27 9 289.414
27 10 289.416
27 11 289.407
27 12 289.385
27 13 289.349
27 14 289.299
27 15 289.234
27 16 289.155
27 17 289.062
27 18 288.955
27 19 288.836
27 20 288.705
27 21 288.563
27 22 288.412
27 23 288.254
27 24 288.09
27 25 287.921
27 26 287.749
27 27 287.576
27 28 287.403
27 29 287.23
27 30 287.059
27 31 286.891
27 32 286.726
27 33 286.565
27 34 286.409
27 35 286.259
27 36 286.114
27 37 285.975
27 38 285.842
27 39 285.716
27 40 285.597
27 41 285.485
27 42 285.38
27 43 285.282
27 44 285.191
27 45 285.107
27 46 285.031
27 47 284.962
27 48 284.9
27 49 284.846
27 50 284.799

28 0 289.317
28 1 289.383
28 2 289.444
28 3 289.503
28 4 289.556
28 5 289.605
28 6 289.648
28 7 289.684
28 8 289.711
28 9 289.729
28 10 289.735
28 11 289.728
28 12 289.708
28 13 289.672
28 14 289.62
28 15 289.553
28 16 289.469
28 17 289.369
28 18 289.253
28 19 289.123
28 20 288.98
28 21 288.826
28 22 288.662
28 23 288.49
28 24 288.311
28 25 288.128
28 26 287.943
28 27 287.756
28 28 287.569
28 29 287.383
28 30 287.2
28 31 287.02
28 32 286.845
28 33 286.674
28 34 286.509
28 35 286.35
28 36 286.198
28 37 286.052
28 38 285.913
28 39 285.781
28 40 285.657
28 41 285.54
28 42 285.431
28 43 285.329
28 44 285.235
28 45 285.149
28 46 285.071
28 47 285.001
28 48 284.938
28 49 284.883
28 50 284.836

29 0 289.607
29 1 289.673
29 2 289.737
29 3 289.799
29 4 289.857
29 5 289.911
29 6 289.96
29 7 290.001
29 8 290.035
29 9 290.058
29 10 290.07
29 11 290.067
29 12 290.049
29 13 290.014
29 14 289.962
29 15 289.891
29 16 289.801
29 17 289.694
29 18 289.568
29 19 289.427
29 20 289.271
29 21 289.102
29 22 288.923
29 23 288.735
29 24 288.54
29 25 288.342
29 26 288.14
29 27 287.938
29 28 287.737
29 29 287.538
29 30 287.341
29 31 287.15
29 32 286.963
29 33 286.782
29 34 286.607
29 35 286.439
29 36 286.278
29 37 286.125
29 38 285.979
29 39 285.841
29 40 285.712
29 41 285.59
29 42 285.477
29 43 285.372
29 44 285.276
29 45 285.187
29 46 285.107
29 47 285.035
29 48 284.971
29 49 284.916
29 50 284.868

30 0 289.902
30 1 289.97
30 2 290.036
30 3 290.102
30 4 290.165
30 5 290.225
30 6 290.281
30 7 290.331
30 8 290.372
30 9 290.403
30 10 290.421
30 11 290.425
30 12 290.411
30 13 290.378
30 14 290.325
30 15 290.251
30 16 290.156
30 17 290.04
30 18 289.903
30 19 289.749
30 20 289.578
30 21 289.393
30 22 289.196
30 23 288.99
30 24 288.778
30 25 288.561
30 26 288.342
30 27 288.123
30 28 287.906
30 29 287.692
30 30 287.482
30 31 287.277
30 32 287.078
30 33 286.886
30 34 286.701
30 35 286.524
30 36 286.354
30 37 286.193
30 38 286.041
30 39 285.897
30 40 285.762
30 41 285.636
30 42 285.519
30 43 285.41
30 44 285.311
30 45 285.22
30 46 285.138
30 47 285.064
30 48 285
30 49 284.943
30 50 284.896

31 0 290.202
31 1 290.27
31 2 290.34
31 3 290.41
31 4 290.48
31 5 290.548
31 6 290.612
31 7 290.672
31 8 290.723
31 9 290.764
31 10 290.792
31 11 290.803
31 12 290.795
31 13 290.765
31 14 290.713
31 15 290.636
31 16 290.534
31 17 290.409
31 18 290.26
31 19 290.091
31 20 289.903
31 21 289.698
31 22 289.482
31 23 289.255
31 24 289.022
31 25 288.786
31 26 288.548
31 27 288.311
31 28 288.076
31 29 287.846
31 30 287.621
31 31 287.402
31 32 287.19
31 33 286.986
31 34 286.791
31 35 286.604
31 36 286.426
31 37 286.257
31 38 286.098
31 39 285.948
31 40 285.807
31 41 285.676
31 42 285.555
31 43 285.443
31 44 285.34
31 45 285.247
31 46 285.163
31 47 285.088
31 48 285.022
31 49 284.966
31 50 284.918

32 0 290.504
32 1 290.574
32 2 290.647
32 3 290.722
32 4 290.799
32 5 290.877
32 6 290.952
32 7 291.024
32 8 291.088
32 9 291.142
32 10 291.182
32 11 291.204
32 12 291.204
32 13 291.179
32 14 291.128
32 15 291.049
32 16 290.941
32 17 290.805
32 18 290.642
32 19 290.455
32 20 290.246
32 21 290.02
32 22 289.78
32 23 289.53
32 24 289.274
32 25 289.015
32 26 288.756
32 27 288.498
32 28 288.245
32 29 287.997
32 30 287.756
32 31 287.523
32 32 287.298
32 33 287.082
32 34 286.875
32 35 286.678
32 36 286.491
32 37 286.315
32 38 286.148
32 39 285.992
32 40 285.846
32 41 285.71
32 42 285.585
32 43 285.469
32 44 285.364
32 45 285.268
32 46 285.182
32 47 285.106
32 48 285.039
32 49 284.982
32 50 284.934

33 0 290.806
33 1 290.877
33 2 290.954
33 3 291.036
33 4 291.122
33 5 291.21
33 6 291.3
33 7 291.387
33 8 291.467
33 9 291.538
33 10 291.594
33 11 291.629
33 12 291.641
33 13 291.623
33 14 291.575
33 15 291.493
33 16 291.378
33 17 291.23
33 18 291.051
33 19 290.843
33 20 290.611
33 21 290.359
33 22 290.092
33 23 289.815
33 24 289.533
33 25 289.248
33 26 288.965
33 27 288.686
33 28 288.412
33 29 288.146
33 30 287.888
33 31 287.639
33 32 287.4
33 33 287.171
33 34 286.953
33 35 286.746
33 36 286.55
33 37 286.365
33 38 286.191
33 39 286.029
33 40 285.877
33 41 285.737
33 42 285.607
33 43 285.489
33 44 285.38
33 45 285.283
33 46 285.195
33 47 285.118
33 48 285.05
33 49 284.992
33 50 284.945

34 0 291.106
34 1 291.178
34 2 291.259
34 3 291.349
34 4 291.445
34 5 291.547
34 6 291.653
34 7 291.759
34 8 291.86
34 9 291.952
34 10 292.029
34 11 292.083
34 12 292.109
34 13 292.102
34 14 292.058
34 15 291.975
34 16 291.852
34 17 291.691
34 18 291.492
34 19 291.26
34 20 291
34 21 290.717
34 22 290.418
34 23 290.109
34 24 289.796
34 25 289.483
34 26 289.174
34 27 288.871
34 28 288.575
34 29 288.289
34 30 288.013
34 31 287.748
34 32 287.495
34 33 287.253
34 34 287.023
34 35 286.806
34 36 286.601
34 37 286.408
34 38 286.227
34 39 286.058
34 40 285.901
34 41 285.756
34 42 285.623
34 43 285.501
34 44 285.39
34 45 285.29
34 46 285.201
34 47 285.122
34 48 285.054
34 49 284.996
34 50 284.948

35 0 291.401
35 1 291.474
35 2 291.56
35 3 291.658
35 4 291.766
35 5 291.884
35 6 292.009
35 7 292.138
35 8 292.266
35 9 292.386
35 10 292.49
35 11 292.568
35 12 292.614
35 13 292.621
35 14 292.583
35 15 292.5
35 16 292.369
35 17 292.191
35 18 291.97
35 19 291.709
35 20 291.414
35 21 291.093
35 22 290.756
35 23 290.41
35 24 290.063
35 25 289.718
35 26 289.38
35 27 289.051
35 28 288.732
35 29 288.426
35 30 288.131
35 31 287.85
35 32 287.581
35 33 287.326
35 34 287.085
35 35 286.857
35 36 286.642
35 37 286.441
35 38 286.253
35 39 286.078
35 40 285.916
35 41 285.767
35 42 285.63
35 43 285.505
35 44 285.392
35 45 285.29
35 46 285.199
35 47 285.12
35 48 285.051
35 49 284.992
35 50 284.945

36 0 291.687
36 1 291.762
36 2 291.852
36 3 291.959
36 4 292.081
36 5 292.217
36 6 292.365
36 7 292.522
36 8 292.682
36 9 292.838
36 10 292.979
36 11 293.09
36 12 293.162
36 13 293.187
36 14 293.159
36 15 293.075
36 16 292.935
36 17 292.74
36 18 292.491
36 19 292.194
36 20 291.857
36 21 291.49
36 22 291.106
36 23 290.717
36 24 290.33
36 25 289.95
36 26 289.581
36 27 289.224
36 28 288.881
36 29 288.553
36 30 288.24
36 31 287.941
36 32 287.658
36 33 287.389
36 34 287.136
36 35 286.898
36 36 286.674
36 37 286.465
36 38 286.27
36 39 286.089
36 40 285.922
36 41 285.769
36 42 285.628
36 43 285.501
36 44 285.385
36 45 285.282
36 46 285.19
36 47 285.109
36 48 285.04
36 49 284.981
36 50 284.934

37 0 291.96
37 1 292.036
37 2 292.132
37 3 292.248
37 4 292.385
37 5 292.541
37 6 292.715
37 7 292.906
37 8 293.107
37 9 293.31
37 10 293.499
37 11 293.655
37 12 293.761
37 13 293.809
37 14 293.793
37 15 293.71
37 16 293.56
37 17 293.344
37 18 293.064
37 19 292.723
37 20 292.333
37 21 291.907
37 22 291.466
37 23 291.025
37 24 290.593
37 25 290.174
37 26 289.772
37 27 289.387
37 28 289.019
37 29 288.669
37 30 288.336
37 31 288.021
37 32 287.722
37 33 287.441
37 34 287.176
37 35 286.927
37 36 286.694
37 37 286.477
37 38 286.276
37 39 286.09
37 40 285.918
37 41 285.761
37 42 285.617
37 43 285.487
37 44 285.37
37 45 285.265
37 46 285.172
37 47 285.091
37 48 285.021
37 49 284.963
37 50 284.915

38 0 292.217
38 1 292.294
38 2 292.395
38 3 292.521
38 4 292.672
38 5 292.85
38 6 293.053
38 7 293.282
38 8 293.533
38 9 293.799
38 10 294.058
38 11 294.273
38 12 294.422
38 13 294.498
38 14 294.497
38 15 294.416
38 16 294.256
38 17 294.017
38 18 293.699
38 19 293.307
38 20 292.848
38 21 292.343
38 22 291.829
38 23 291.327
38 24 290.845
38 25 290.386
38 26 289.949
38 27 289.535
38 28 289.142
38 29 288.771
38 30 288.419
38 31 288.087
38 32 287.773
38 33 287.478
38 34 287.202
38 35 286.943
38 36 286.702
38 37 286.478
38 38 286.27
38 39 286.078
38 40 285.902
38 41 285.742
38 42 285.596
38 43 285.463
38 44 285.345
38 45 285.239
38 46 285.146
38 47 285.065
38 48 284.995
38 49 284.936
38 50 284.889

39 0 292.452
39 1 292.53
39 2 292.636
39 3 292.772
39 4 292.938
39 5 293.136
39 6 293.369
39 7 293.639
39 8 293.949
39 9 294.297
39 10 294.663
39 11 294.958
39 12 295.16
39 13 295.268
39 14 295.282
39 15 295.204
39 16 295.034
39 17 294.77
39 18 294.413
39 19 293.959
39 20 293.411
39 21 292.79
39 22 292.184
39 23 291.613
39 24 291.078
39 25 290.577
39 26 290.107
39 27 289.665
39 28 289.248
39 29 288.855
39 30 288.485
39 31 288.137
39 32 287.809
39 33 287.501
39 34 287.214
39 35 286.945
39 36 286.696
39 37 286.464
39 38 286.251
39 39 286.054
39 40 285.875
39 41 285.711
39 42 285.563
39 43 285.43
39 44 285.31
39 45 285.204
39 46 285.111
39 47 285.03
39 48 284.96
39 49 284.902
39 50 284.854

40 0 292.663
40 1 292.741
40 2 292.852
40 3 292.995
40 4 293.174
40 5 293.39
40 6 293.65
40 7 293.959
40 8 294.33
40 9 294.779
40 10 295.346
40 11 295.739
40 12 295.997
40 13 296.136
40 14 296.165
40 15 296.088
40 16 295.908
40 17 295.623
40 18 295.226
40 19 294.709
40 20 294.055
40 21 293.223
40 22 292.507
40 23 291.866
40 24 291.281
40 25 290.742
40 26 290.241
40 27 289.773
40 28 289.334
40 29 288.921
40 30 288.533
40 31 288.169
40 32 287.827
40 33 287.508
40 34 287.209
40 35 286.932
40 36 286.674
40 37 286.436
40 38 286.218
40 39 286.017
40 40 285.834
40 41 285.668
40 42 285.519
40 43 285.385
40 44 285.265
40 45 285.159
40 46 285.067
40 47 284.986
40 48 284.917
40 49 284.859
40 50 284.812

41 0 292.845
41 1 292.924
41 2 293.038
41 3 293.187
41 4 293.375
41 5 293.605
41 6 293.884
41 7 294.222
41 8 294.636
41 9 295.149
41 10 295.804
41 11 296.258
41 12 296.555
41 13 296.715
41 14 296.754
41 15 296.679
41 16 296.491
41 17 296.188
41 18 295.762
41 19 295.199
41 20 294.475
41 21 293.548
41 22 292.759
41 23 292.065
41 24 291.441
41 25 290.871
41 26 290.345
41 27 289.855
41 28 289.396
41 29 288.965
41 30 288.561
41 31 288.182
41 32 287.827
41 33 287.496
41 34 287.187
41 35 286.901
41 36 286.636
41 37 286.393
41 38 286.169
41 39 285.965
41 40 285.78
41 41 285.612
41 42 285.462
41 43 285.328
41 44 285.209
41 45 285.105
41 46 285.013
41 47 284.934
41 48 284.866
41 49 284.808
41 50 284.761

42 0 292.996
42 1 293.076
42 2 293.191
42 3 293.344
42 4 293.537
42 5 293.774
42 6 294.063
42 7 294.414
42 8 294.845
42 9 295.381
42 10 296.064
42 11 296.541
42 12 296.852
42 13 297.021
42 14 297.063
42 15 296.986
42 16 296.793
42 17 296.48
42 18 296.04
42 19 295.455
42 20 294.702
42 21 293.739
42 22 292.917
42 23 292.197
42 24 291.551
42 25 290.961
42 26 290.416
42 27 289.908
42 28 289.432
42 29 288.986
42 30 288.567
42 31 288.174
42 32 287.807
42 33 287.464
42 34 287.146
42 35 286.852
42 36 286.581
42 37 286.332
42 38 286.104
42 39 285.897
42 40 285.71
42 41 285.542
42 42 285.392
42 43 285.26
42 44 285.142
42 45 285.04
42 46 284.951
42 47 284.873
42 48 284.807
42 49 284.751
42 50 284.704

43 0 293.114
43 1 293.195
43 2 293.311
43 3 293.465
43 4 293.658
43 5 293.895
43 6 294.182
43 7 294.528
43 8 294.95
43 9 295.471
43 10 296.133
43 11 296.593
43 12 296.893
43 13 297.055
43 14 297.093
43 15 297.013
43 16 296.817
43 17 296.504
43 18 296.064
43 19 295.484
43 20 294.74
43 21 293.791
43 22 292.978
43 23 292.258
43 24 291.607
43 25 291.009
43 26 290.453
43 27 289.933
43 28 289.443
43 29 288.983
43 30 288.55
43 31 288.143
43 32 287.764
43 33 287.411
43 34 287.084
43 35 286.783
43 36 286.506
43 37 286.252
43 38 286.022
43 39 285.813
43 40 285.625
43 41 285.457
43 42 285.309
43 43 285.178
43 44 285.064
43 45 284.965
43 46 284.879
43 47 284.805
43 48 284.741
43 49 284.686
43 50 284.639

44 0 293.2
44 1 293.281
44 2 293.397
44 3 293.549
44 4 293.739
44 5 293.969
44 6 294.245
44 7 294.571
44 8 294.959
44 9 295.425
44 10 296.007
44 11 296.411
44 12 296.676
44 13 296.818
44 14 296.844
44 15 296.759
44 16 296.564
44 17 296.256
44 18 295.832
44 19 295.281
44 20 294.587
44 21 293.712
44 22 292.947
44 23 292.254
44 24 291.615
44 25 291.018
44 26 290.458
44 27 289.929
44 28 289.428
44 29 288.955
44 30 288.508
44 31 288.089
44 32 287.698
44 33 287.335
44 34 287
44 35 286.692
44 36 286.41
44 37 286.153
44 38 285.92
44 39 285.71
44 40 285.523
44 41 285.356
44 42 285.21
44 43 285.083
44 44 284.973
44 45 284.879
44 46 284.799
44 47 284.729
44 48 284.669
44 49 284.616
44 50 284.57

45 0 293.254
45 1 293.335
45 2 293.45
45 3 293.598
45 4 293.782
45 5 294.002
45 6 294.259
45 7 294.556
45 8 294.894
45 9 295.268
45 10 295.657
45 11 295.97
45 12 296.186
45 13 296.298
45 14 296.309
45 15 296.218
45 16 296.025
45 17 295.729
45 18 295.328
45 19 294.823
45 20 294.216
45 21 293.528
45 22 292.848
45 23 292.199
45 24 291.582
45 25 290.994
45 26 290.435
45 27 289.9
45 28 289.39
45 29 288.904
45 30 288.443
45 31 288.01
45 32 287.607
45 33 287.235
45 34 286.892
45 35 286.578
45 36 286.292
45 37 286.033
45 38 285.798
45 39 285.588
45 40 285.402
45 41 285.238
45 42 285.095
45 43 284.973
45 44 284.87
45 45 284.783
45 46 284.711
45 47 284.648
45 48 284.592
45 49 284.542
45 50 284.496

46 0 293.278
46 1 293.359
46 2 293.471
46 3 293.616
46 4 293.792
46 5 294
46 6 294.238
46 7 294.505
46 8 294.795
46 9 295.097
46 10 295.39
46 11 295.632
46 12 295.801
46 13 295.885
46 14 295.88
46 15 295.783
46 16 295.593
46 17 295.309
46 18 294.934
46 19 294.472
46 20 293.932
46 21 293.336
46 22 292.723
46 23 292.115
46 24 291.522
46 25 290.946
46 26 290.389
46 27 289.851
46 28 289.33
46 29 288.83
46 30 288.352
46 31 287.904
46 32 287.489
46 33 287.107
46 34 286.758
46 35 286.44
46 36 286.151
46 37 285.89
46 38 285.655
46 39 285.446
46 40 285.261
46 41 285.1
46 42 284.963
46 43 284.847
46 44 284.752
46 45 284.676
46 46 284.615
46 47 284.562
46 48 284.513
46 49 284.466
46 50 284.421

47 0 293.273
47 1 293.354
47 2 293.465
47 3 293.605
47 4 293.774
47 5 293.971
47 6 294.192
47 7 294.433
47 8 294.686
47 9 294.94
47 10 295.176
47 11 295.37
47 12 295.503
47 13 295.565
47 14 295.546
47 15 295.444
47 16 295.256
47 17 294.984
47 18 294.63
47 19 294.2
47 20 293.706
47 21 293.164
47 22 292.596
47 23 292.021
47 24 291.448
47 25 290.883
47 26 290.328
47 27 289.786
47 28 289.254
47 29 288.735
47 30 288.235
47 31 287.769
47 32 287.341
47 33 286.95
47 34 286.596
47 35 286.275
47 36 285.985
47 37 285.724
47 38 285.49
47 39 285.282
47 40 285.1
47 41 284.943
47 42 284.811
47 43 284.703
47 44 284.619
47 45 284.558
47 46 284.514
47 47 284.475
47 48 284.435
47 49 284.392
47 50 284.347

48 0 293.242
48 1 293.323
48 2 293.432
48 3 293.569
48 4 293.732
48 5 293.92
48 6 294.128
48 7 294.351
48 8 294.58
48 9 294.804
48 10 295.007
48 11 295.171
48 12 295.282
48 13 295.327
48 14 295.299
48 15 295.194
48 16 295.008
48 17 294.744
48 18 294.405
48 19 293.997
48 20 293.531
48 21 293.02
48 22 292.481
48 23 291.927
48 24 291.368
48 25 290.812
48 26 290.259
48 27 289.712
48 28 289.168
48 29 288.625
48 30 288.088
48 31 287.598
48 32 287.157
48 33 286.761
48 34 286.404
48 35 286.082
48 36 285.792
48 37 285.533
48 38 285.301
48 39 285.096
48 40 284.917
48 41 284.764
48 42 284.637
48 43 284.537
48 44 284.466
48 45 284.425
48 46 284.411
48 47 284.391
48 48 284.362
48 49 284.324
48 50 284.279

49 0 293.185
49 1 293.266
49 2 293.374
49 3 293.509
49 4 293.669
49 5 293.852
49 6 294.053
49 7 294.267
49 8 294.484
49 9 294.693
49 10 294.879
49 11 295.029
49 12 295.128
49 13 295.166
49 14 295.133
49 15 295.026
49 16 294.843
49 17 294.583
49 18 294.252
49 19 293.855
49 20 293.403
49 21 292.908
49 22 292.383
49 23 291.841
49 24 291.291
49 25 290.739
49 26 290.188
49 27 289.639
49 28 289.084
49 29 288.513
49 30 287.895
49 31 287.38
49 32 286.932
49 33 286.534
49 34 286.179
49 35 285.86
49 36 285.573
49 37 285.317
49 38 285.088
49 39 284.886
49 40 284.711
49 41 284.561
49 42 284.439
49 43 284.345
49 44 284.285
49 45 284.268
49 46 284.317
49 47 284.32
49 48 284.3
49 49 284.266
49 50 284.221

50 0 293.185
50 1 293.185
50 2 293.293
50 3 293.427
50 4 293.587
50 5 293.769
50 6 293.969
50 7 294.182
50 8 294.398
50 9 294.606
50 10 294.792
50 11 294.942
50 12 295.04
50 13 295.077
50 14 295.045
50 15 294.938
50 16 294.756
50 17 294.497
50 18 294.167
50 19 293.772
50 20 293.322
50 21 292.828
50 22 292.306
50 23 291.766
50 24 291.218
50 25 290.668
50 26 290.12
50 27 289.572
50 28 289.02
50 29 288.452
50 30 287.603
50 31 287.098
50 32 286.658
50 33 286.269
50 34 285.92
50 35 285.607
50 36 285.327
50 37 285.075
50 38 284.851
50 39 284.653
50 40 284.481
50 41 284.335
50 42 284.214
50 43 284.123
50 44 284.064
50 45 284.047
50 46 284.272
50 47 284.275
50 48 284.255
50 49 284.221
50 50 284.221

