0 0 273.001
0 1 273.001
0 2 273.001
0 3 273.001
0 4 273.001
0 5 273.001
0 6 273.001
0 7 273.001
0 8 273.001
0 9 273.001
0 10 273.001
0 11 273.001
0 12 273.001
0 13 273.001
0 14 273.001
0 15 273.001
0 16 273.001
0 17 273.001
0 18 273.001
0 19 273.001
0 20 273.001
0 21 273
0 22 273
0 23 273
0 24 273
0 25 273
0 26 273
0 27 273
0 28 273
0 29 273
0 30 273
0 31 273
0 32 273
0 33 273
0 34 273
0 35 273
0 36 273
0 37 273
0 38 273
0 39 273
0 40 273
0 41 273
0 42 273
0 43 273
0 44 273
0 45 273
0 46 273
0 47 273
0 48 273
0 49 273
0 50 273

1 0 273.001
1 1 273.001
1 2 273.001
1 3 273.001
1 4 273.001
1 5 273.001
1 6 273.001
1 7 273.001
1 8 273.001
1 9 273.001
1 10 273.001
1 11 273.001
1 12 273.001
1 13 273.001
1 14 273.001
1 15 273.001
1 16 273.001
1 17 273.001
1 18 273.001
1 19 273.001
1 20 273.001
1 21 273
1 22 273
1 23 273
1 24 273
1 25 273
1 26 273
1 27 273
1 28 273
1 29 273
1 30 273
1 31 273
1 32 273
1 33 273
1 34 273
1 35 273
1 36 273
1 37 273
1 38 273
1 39 273
1 40 273
1 41 273
1 42 273
1 43 273
1 44 273
1 45 273
1 46 273
1 47 273
1 48 273
1 49 273
1 50 273

2 0 273.001
2 1 273.001
2 2 273.001
2 3 273.001
2 4 273.001
2 5 273.001
2 6 273.001
2 7 273.001
2 8 273.001
2 9 273.001
2 10 273.001
2 11 273.001
2 12 273.001
2 13 273.001
2 14 273.001
2 15 273.001
2 16 273.001
2 17 273.001
2 18 273.001
2 19 273.001
2 20 273.001
2 21 273.001
2 22 273.001
2 23 273
2 24 273
2 25 273
2 26 273
2 27 273
2 28 273
2 29 273
2 30 273
2 31 273
2 32 273
2 33 273
2 34 273
2 35 273
2 36 273
2 37 273
2 38 273
2 39 273
2 40 273
2 41 273
2 42 273
2 43 273
2 44 273
2 45 273
2 46 273
2 47 273
2 48 273
2 49 273
2 50 273

3 0 273.001
3 1 273.001
3 2 273.001
3 3 273.001
3 4 273.001
3 5 273.001
3 6 273.001
3 7 273.001
3 8 273.001
3 9 273.001
3 10 273.001
3 11 273.001
3 12 273.001
3 13 273.001
3 14 273.001
3 15 273.001
3 16 273.001
3 17 273.001
3 18 273.001
3 19 273.001
3 20 273.001
3 21 273.001
3 22 273.001
3 23 273.001
3 24 273.001
3 25 273
3 26 273
3 27 273
3 28 273
3 29 273
3 30 273
3 31 273
3 32 273
3 33 273
3 34 273
3 35 273
3 36 273
3 37 273
3 38 273
3 39 273
3 40 273
3 41 273
3 42 273
3 43 273
3 44 273
3 45 273
3 46 273
3 47 273
3 48 273
3 49 273
3 50 273

4 0 273.001
4 1 273.001
4 2 273.001
4 3 273.001
4 4 273.001
4 5 273.001
4 6 273.001
4 7 273.001
4 8 273.001
4 9 273.001
4 10 273.001
4 11 273.001
4 12 273.001
4 13 273.001
4 14 273.001
4 15 273.001
4 16 273.001
4 17 273.001
4 18 273.001
4 19 273.001
4 20 273.001
4 21 273.001
4 22 273.001
4 23 273.001
4 24 273.001
4 25 273.001
4 26 273.001
4 27 273.001
4 28 273
4 29 273
4 30 273
4 31 273
4 32 273
4 33 273
4 34 273
4 35 273
4 36 273
4 37 273
4 38 273
4 39 273
4 40 273
4 41 273
4 42 273
4 43 273
4 44 273
4 45 273
4 46 273
4 47 273
4 48 273
4 49 273
4 50 273

5 0 273.001
5 1 273.001
5 2 273.001
5 3 273.001
5 4 273.001
5 5 273.001
5 6 273.001
5 7 273.001
5 8 273.001
5 9 273.001
5 10 273.001
5 11 273.001
5 12 273.001
5 13 273.001
5 14 273.001
5 15 273.001
5 16 273.001
5 17 273.001
5 18 273.001
5 19 273.001
5 20 273.001
5 21 273.001
5 22 273.001
5 23 273.001
5 24 273.001
5 25 273.001
5 26 273.001
5 27 273.001
5 28 273.001
5 29 273.001
5 30 273
5 31 273
5 32 273
5 33 273
5 34 273
5 35 273
5 36 273
5 37 273
5 38 273
5 39 273
5 40 273
5 41 273
5 42 273
5 43 273
5 44 273
5 45 273
5 46 273
5 47 273
5 48 273
5 49 273
5 50 273

6 0 273.001
6 1 273.001
6 2 273.001
6 3 273.001
6 4 273.001
6 5 273.001
6 6 273.001
6 7 273.001
6 8 273.001
6 9 273.001
6 10 273.001
6 11 273.001
6 12 273.001
6 13 273.001
6 14 273.001
6 15 273.001
6 16 273.001
6 17 273.001
6 18 273.001
6 19 273.001
6 20 273.001
6 21 273.001
6 22 273.001
6 23 273.001
6 24 273.001
6 25 273.001
6 26 273.001
6 27 273.001
6 28 273.001
6 29 273.001
6 30 273.001
6 31 273.001
6 32 273
6 33 273
6 34 273
6 35 273
6 36 273
6 37 273
6 38 273
6 39 273
6 40 273
6 41 273
6 42 273
6 43 273
6 44 273
6 45 273
6 46 273
6 47 273
6 48 273
6 49 273
6 50 273

7 0 273.001
7 1 273.001
7 2 273.001
7 3 273.002
7 4 273.002
7 5 273.002
7 6 273.002
7 7 273.002
7 8 273.002
7 9 273.002
7 10 273.002
7 11 273.002
7 12 273.002
7 13 273.002
7 14 273.002
7 15 273.002
7 16 273.002
7 17 273.002
7 18 273.002
7 19 273.002
7 20 273.001
7 21 273.001
7 22 273.001
7 23 273.001
7 24 273.001
7 25 273.001
7 26 273.001
7 27 273.001
7 28 273.001
7 29 273.001
7 30 273.001
7 31 273.001
7 32 273.001
7 33 273.001
7 34 273
7 35 273
7 36 273
7 37 273
7 38 273
7 39 273
7 40 273
7 41 273
7 42 273
7 43 273
7 44 273
7 45 273
7 46 273
7 47 273
7 48 273
7 49 273
7 50 273

8 0 273.002
8 1 273.002
8 2 273.002
8 3 273.002
8 4 273.002
8 5 273.002
8 6 273.002
8 7 273.002
8 8 273.002
8 9 273.002
8 10 273.002
8 11 273.002
8 12 273.002
8 13 273.002
8 14 273.002
8 15 273.002
8 16 273.002
8 17 273.002
8 18 273.002
8 19 273.002
8 20 273.002
8 21 273.002
8 22 273.002
8 23 273.002
8 24 273.002
8 25 273.001
8 26 273.001
8 27 273.001
8 28 273.001
8 29 273.001
8 30 273.001
8 31 273.001
8 32 273.001
8 33 273.001
8 34 273.001
8 35 273.001
8 36 273
8 37 273
8 38 273
8 39 273
8 40 273
8 41 273
8 42 273
8 43 273
8 44 273
8 45 273
8 46 273
8 47 273
8 48 273
8 49 273
8 50 273

9 0 273.002
9 1 273.002
9 2 273.002
9 3 273.002
9 4 273.002
9 5 273.003
9 6 273.003
9 7 273.003
9 8 273.003
9 9 273.003
9 10 273.003
9 11 273.003
9 12 273.003
9 13 273.003
9 14 273.003
9 15 273.003
9 16 273.003
9 17 273.003
9 18 273.003
9 19 273.003
9 20 273.002
9 21 273.002
9 22 273.002
9 23 273.002
9 24 273.002
9 25 273.002
9 26 273.002
9 27 273.002
9 28 273.001
9 29 273.001
9 30 273.001
9 31 273.001
9 32 273.001
9 33 273.001
9 34 273.001
9 35 273.001
9 36 273.001
9 37 273
9 38 273
9 39 273
9 40 273
9 41 273
9 42 273
9 43 273
9 44 273
9 45 273
9 46 273
9 47 273
9 48 273
9 49 273
9 50 273

10 0 273.003
10 1 273.003
10 2 273.003
10 3 273.003
10 4 273.003
10 5 273.003
10 6 273.003
10 7 273.003
10 8 273.003
10 9 273.003
10 10 273.004
10 11 273.004
10 12 273.004
10 13 273.004
10 14 273.004
10 15 273.004
10 16 273.004
10 17 273.004
10 18 273.003
10 19 273.003
10 20 273.003
10 21 273.003
10 22 273.003
10 23 273.003
10 24 273.003
10 25 273.002
10 26 273.002
10 27 273.002
10 28 273.002
10 29 273.002
10 30 273.001
10 31 273.001
10 32 273.001
10 33 273.001
10 34 273.001
10 35 273.001
10 36 273.001
10 37 273.001
10 38 273.001
10 39 273
10 40 273
10 41 273
10 42 273
10 43 273
10 44 273
10 45 273
10 46 273
10 47 273
10 48 273
10 49 273
10 50 273

11 0 273.004
11 1 273.004
11 2 273.004
11 3 273.004
11 4 273.004
11 5 273.004
11 6 273.004
11 7 273.004
11 8 273.004
11 9 273.005
11 10 273.005
11 11 273.005
11 12 273.005
11 13 273.005
11 14 273.005
11 15 273.005
11 16 273.005
11 17 273.005
11 18 273.004
11 19 273.004
11 20 273.004
11 21 273.004
11 22 273.004
11 23 273.004
11 24 273.003
11 25 273.003
11 26 273.003
11 27 273.003
11 28 273.002
11 29 273.002
11 30 273.002
11 31 273.002
11 32 273.002
11 33 273.001
11 34 273.001
11 35 273.001
11 36 273.001
11 37 273.001
11 38 273.001
11 39 273.001
11 40 273
11 41 273
11 42 273
11 43 273
11 44 273
11 45 273
11 46 273
11 47 273
11 48 273
11 49 273
11 50 273

12 0 273.005
12 1 273.005
12 2 273.005
12 3 273.005
12 4 273.005
12 5 273.005
12 6 273.005
12 7 273.006
12 8 273.006
12 9 273.006
12 10 273.006
12 11 273.006
12 12 273.006
12 13 273.006
12 14 273.006
12 15 273.006
12 16 273.006
12 17 273.006
12 18 273.006
12 19 273.006
12 20 273.005
12 21 273.005
12 22 273.005
12 23 273.005
12 24 273.004
12 25 273.004
12 26 273.004
12 27 273.003
12 28 273.003
12 29 273.003
12 30 273.002
12 31 273.002
12 32 273.002
12 33 273.002
12 34 273.001
12 35 273.001
12 36 273.001
12 37 273.001
12 38 273.001
12 39 273.001
12 40 273.001
12 41 273.001
12 42 273
12 43 273
12 44 273
12 45 273
12 46 273
12 47 273
12 48 273
12 49 273
12 50 273

13 0 273.006
13 1 273.006
13 2 273.006
13 3 273.006
13 4 273.007
13 5 273.007
13 6 273.007
13 7 273.007
13 8 273.007
13 9 273.007
13 10 273.008
13 11 273.008
13 12 273.008
13 13 273.008
13 14 273.008
13 15 273.008
13 16 273.008
13 17 273.008
13 18 273.008
13 19 273.007
13 20 273.007
13 21 273.007
13 22 273.006
13 23 273.006
13 24 273.005
13 25 273.005
13 26 273.005
13 27 273.004
13 28 273.004
13 29 273.003
13 30 273.003
13 31 273.003
13 32 273.002
13 33 273.002
13 34 273.002
13 35 273.002
13 36 273.001
13 37 273.001
13 38 273.001
13 39 273.001
13 40 273.001
13 41 273.001
13 42 273.001
13 43 273
13 44 273
13 45 273
13 46 273
13 47 273
13 48 273
13 49 273
13 50 273

14 0 273.008
14 1 273.008
14 2 273.008
14 3 273.008
14 4 273.008
14 5 273.009
14 6 273.009
14 7 273.009
14 8 273.009
14 9 273.01
14 10 273.01
14 11 273.01
14 12 273.01
14 13 273.01
14 14 273.01
14 15 273.01
14 16 273.01
14 17 273.01
14 18 273.01
14 19 273.009
14 20 273.009
14 21 273.009
14 22 273.008
14 23 273.008
14 24 273.007
14 25 273.007
14 26 273.006
14 27 273.005
14 28 273.005
14 29 273.004
14 30 273.004
14 31 273.003
14 32 273.003
14 33 273.003
14 34 273.002
14 35 273.002
14 36 273.002
14 37 273.001
14 38 273.001
14 39 273.001
14 40 273.001
14 41 273.001
14 42 273.001
14 43 273.001
14 44 273
14 45 273
14 46 273
14 47 273
14 48 273
14 49 273
14 50 273

15 0 273.01
15 1 273.01
15 2 273.01
15 3 273.011
15 4 273.011
15 5 273.011
15 6 273.011
15 7 273.012
15 8 273.012
15 9 273.012
15 10 273.013
15 11 273.013
15 12 273.013
15 13 273.013
15 14 273.013
15 15 273.013
15 16 273.013
15 17 273.013
15 18 273.013
15 19 273.012
15 20 273.012
15 21 273.011
15 22 273.01
15 23 273.01
15 24 273.009
15 25 273.008
15 26 273.008
15 27 273.007
15 28 273.006
15 29 273.006
15 30 273.005
15 31 273.004
15 32 273.004
15 33 273.003
15 34 273.003
15 35 273.002
15 36 273.002
15 37 273.002
15 38 273.002
15 39 273.001
15 40 273.001
15 41 273.001
15 42 273.001
15 43 273.001
15 44 273.001
15 45 273
15 46 273
15 47 273
15 48 273
15 49 273
15 50 273

16 0 273.013
16 1 273.013
16 2 273.013
16 3 273.013
16 4 273.014
16 5 273.014
16 6 273.015
16 7 273.015
16 8 273.016
16 9 273.016
16 10 273.016
16 11 273.017
16 12 273.017
16 13 273.017
16 14 273.017
16 15 273.017
16 16 273.017
16 17 273.017
16 18 273.016
16 19 273.016
16 20 273.015
16 21 273.014
16 22 273.014
16 23 273.013
16 24 273.012
16 25 273.011
16 26 273.01
16 27 273.009
16 28 273.008
16 29 273.007
16 30 273.006
16 31 273.006
16 32 273.005
16 33 273.004
16 34 273.004
16 35 273.003
16 36 273.003
16 37 273.002
16 38 273.002
16 39 273.002
16 40 273.001
16 41 273.001
16 42 273.001
16 43 273.001
16 44 273.001
16 45 273.001
16 46 273.001
16 47 273
16 48 273
16 49 273
16 50 273

17 0 273.016
17 1 273.016
17 2 273.017
17 3 273.017
17 4 273.017
17 5 273.018
17 6 273.019
17 7 273.019
17 8 273.02
17 9 273.021
17 10 273.021
17 11 273.022
17 12 273.022
17 13 273.022
17 14 273.023
17 15 273.022
17 16 273.022
17 17 273.022
17 18 273.021
17 19 273.02
17 20 273.02
17 21 273.019
17 22 273.017
17 23 273.016
17 24 273.015
17 25 273.014
17 26 273.013
17 27 273.011
17 28 273.01
17 29 273.009
17 30 273.008
17 31 273.007
17 32 273.006
17 33 273.005
17 34 273.005
17 35 273.004
17 36 273.003
17 37 273.003
17 38 273.002
17 39 273.002
17 40 273.002
17 41 273.001
17 42 273.001
17 43 273.001
17 44 273.001
17 45 273.001
17 46 273.001
17 47 273.001
17 48 273.001
17 49 273
17 50 273

18 0 273.021
18 1 273.021
18 2 273.021
18 3 273.021
18 4 273.022
18 5 273.023
18 6 273.024
18 7 273.025
18 8 273.026
18 9 273.026
18 10 273.027
18 11 273.028
18 12 273.029
18 13 273.029
18 14 273.029
18 15 273.029
18 16 273.029
18 17 273.028
18 18 273.028
18 19 273.027
18 20 273.025
18 21 273.024
18 22 273.022
18 23 273.021
18 24 273.019
18 25 273.018
18 26 273.016
18 27 273.014
18 28 273.013
18 29 273.011
18 30 273.01
18 31 273.009
18 32 273.008
18 33 273.007
18 34 273.006
18 35 273.005
18 36 273.004
18 37 273.003
18 38 273.003
18 39 273.002
18 40 273.002
18 41 273.002
18 42 273.001
18 43 273.001
18 44 273.001
18 45 273.001
18 46 273.001
18 47 273.001
18 48 273.001
18 49 273.001
18 50 273.001

19 0 273.026
19 1 273.026
19 2 273.026
19 3 273.027
19 4 273.028
19 5 273.029
19 6 273.03
19 7 273.031
19 8 273.033
19 9 273.034
19 10 273.035
19 11 273.036
19 12 273.037
19 13 273.037
19 14 273.038
19 15 273.038
19 16 273.037
19 17 273.037
19 18 273.036
19 19 273.034
19 20 273.033
19 21 273.031
19 22 273.029
19 23 273.027
19 24 273.025
19 25 273.022
19 26 273.02
19 27 273.018
19 28 273.016
19 29 273.014
19 30 273.013
19 31 273.011
19 32 273.009
19 33 273.008
19 34 273.007
19 35 273.006
19 36 273.005
19 37 273.004
19 38 273.004
19 39 273.003
19 40 273.002
19 41 273.002
19 42 273.002
19 43 273.001
19 44 273.001
19 45 273.001
19 46 273.001
19 47 273.001
19 48 273.001
19 49 273.001
19 50 273.001

20 0 273.033
20 1 273.033
20 2 273.033
20 3 273.034
20 4 273.035
20 5 273.037
20 6 273.038
20 7 273.04
20 8 273.042
20 9 273.043
20 10 273.045
20 11 273.046
20 12 273.048
20 13 273.048
20 14 273.049
20 15 273.049
20 16 273.048
20 17 273.047
20 18 273.046
20 19 273.044
20 20 273.042
20 21 273.04
20 22 273.037
20 23 273.034
20 24 273.031
20 25 273.029
20 26 273.026
20 27 273.023
20 28 273.02
20 29 273.018
20 30 273.016
20 31 273.014
20 32 273.012
20 33 273.01
20 34 273.009
20 35 273.007
20 36 273.006
20 37 273.005
20 38 273.004
20 39 273.004
20 40 273.003
20 41 273.002
20 42 273.002
20 43 273.002
20 44 273.001
20 45 273.001
20 46 273.001
20 47 273.001
20 48 273.001
20 49 273.001
20 50 273.001

21 0 273.041
21 1 273.041
21 2 273.042
21 3 273.043
21 4 273.044
21 5 273.046
21 6 273.048
21 7 273.051
21 8 273.053
21 9 273.056
21 10 273.058
21 11 273.06
21 12 273.061
21 13 273.062
21 14 273.063
21 15 273.063
21 16 273.062
21 17 273.061
21 18 273.059
21 19 273.057
21 20 273.054
21 21 273.051
21 22 273.048
21 23 273.044
21 24 273.04
21 25 273.036
21 26 273.033
21 27 273.029
21 28 273.026
21 29 273.022
21 30 273.02
21 31 273.017
21 32 273.014
21 33 273.012
21 34 273.01
21 35 273.009
21 36 273.007
21 37 273.006
21 38 273.005
21 39 273.004
21 40 273.004
21 41 273.003
21 42 273.002
21 43 273.002
21 44 273.002
21 45 273.001
21 46 273.001
21 47 273.001
21 48 273.001
21 49 273.001
21 50 273.001

22 0 273.051
22 1 273.051
22 2 273.052
22 3 273.054
22 4 273.056
22 5 273.058
22 6 273.061
22 7 273.064
22 8 273.068
22 9 273.071
22 10 273.074
22 11 273.077
22 12 273.079
22 13 273.08
22 14 273.081
22 15 273.081
22 16 273.081
22 17 273.079
22 18 273.077
22 19 273.073
22 20 273.07
22 21 273.065
22 22 273.061
22 23 273.056
22 24 273.051
22 25 273.046
22 26 273.041
22 27 273.037
22 28 273.032
22 29 273.028
22 30 273.024
22 31 273.021
22 32 273.018
22 33 273.015
22 34 273.013
22 35 273.011
22 36 273.009
22 37 273.007
22 38 273.006
22 39 273.005
22 40 273.004
22 41 273.003
22 42 273.003
22 43 273.002
22 44 273.002
22 45 273.002
22 46 273.001
22 47 273.001
22 48 273.001
22 49 273.001
22 50 273.001

23 0 273.063
23 1 273.064
23 2 273.065
23 3 273.067
23 4 273.07
23 5 273.073
23 6 273.077
23 7 273.081
23 8 273.086
23 9 273.09
23 10 273.095
23 11 273.098
23 12 273.101
23 13 273.104
23 14 273.105
23 15 273.105
23 16 273.104
23 17 273.102
23 18 273.099
23 19 273.094
23 20 273.089
23 21 273.084
23 22 273.078
23 23 273.071
23 24 273.065
23 25 273.058
23 26 273.052
23 27 273.046
23 28 273.04
23 29 273.035
23 30 273.03
23 31 273.026
23 32 273.022
23 33 273.019
23 34 273.016
23 35 273.013
23 36 273.011
23 37 273.009
23 38 273.007
23 39 273.006
23 40 273.005
23 41 273.004
23 42 273.003
23 43 273.003
23 44 273.002
23 45 273.002
23 46 273.002
23 47 273.001
23 48 273.001
23 49 273.001
23 50 273.001

24 0 273.079
24 1 273.079
24 2 273.08
24 3 273.083
24 4 273.087
24 5 273.092
24 6 273.097
24 7 273.103
24 8 273.109
24 9 273.115
24 10 273.121
24 11 273.126
24 12 273.13
24 13 273.133
24 14 273.135
24 15 273.135
24 16 273.134
24 17 273.131
24 18 273.127
24 19 273.121
24 20 273.115
24 21 273.107
24 22 273.099
24 23 273.091
24 24 273.082
24 25 273.074
24 26 273.065
24 27 273.057
24 28 273.05
24 29 273.043
24 30 273.037
24 31 273.032
24 32 273.027
24 33 273.023
24 34 273.019
24 35 273.016
24 36 273.013
24 37 273.011
24 38 273.009
24 39 273.007
24 40 273.006
24 41 273.005
24 42 273.004
24 43 273.003
24 44 273.003
24 45 273.002
24 46 273.002
24 47 273.002
24 48 273.001
24 49 273.001
24 50 273.001

25 0 273.097
25 1 273.097
25 2 273.099
25 3 273.103
25 4 273.108
25 5 273.114
25 6 273.122
25 7 273.13
25 8 273.138
25 9 273.146
25 10 273.154
25 11 273.161
25 12 273.167
25 13 273.171
25 14 273.173
25 15 273.173
25 16 273.172
25 17 273.168
25 18 273.163
25 19 273.155
25 20 273.147
25 21 273.137
25 22 273.126
25 23 273.115
25 24 273.104
25 25 273.093
25 26 273.082
25 27 273.072
25 28 273.062
25 29 273.054
25 30 273.046
25 31 273.039
25 32 273.033
25 33 273.027
25 34 273.023
25 35 273.019
25 36 273.016
25 37 273.013
25 38 273.01
25 39 273.009
25 40 273.007
25 41 273.006
25 42 273.005
25 43 273.004
25 44 273.003
25 45 273.003
25 46 273.002
25 47 273.002
25 48 273.002
25 49 273.002
25 50 273.002

26 0 273.119
26 1 273.119
26 2 273.122
26 3 273.127
26 4 273.134
26 5 273.142
26 6 273.152
26 7 273.163
26 8 273.174
26 9 273.185
26 10 273.196
26 11 273.205
26 12 273.213
26 13 273.219
26 14 273.222
26 15 273.223
26 16 273.22
26 17 273.216
26 18 273.208
26 19 273.199
26 20 273.187
26 21 273.174
26 22 273.16
26 23 273.145
26 24 273.131
26 25 273.116
26 26 273.102
26 27 273.089
26 28 273.077
26 29 273.066
26 30 273.056
26 31 273.047
26 32 273.04
26 33 273.033
26 34 273.027
26 35 273.023
26 36 273.019
26 37 273.015
26 38 273.012
26 39 273.01
26 40 273.008
26 41 273.007
26 42 273.005
26 43 273.004
26 44 273.004
26 45 273.003
26 46 273.002
26 47 273.002
26 48 273.002
26 49 273.002
26 50 273.002

27 0 273.145
27 1 273.146
27 2 273.149
27 3 273.156
27 4 273.165
27 5 273.176
27 6 273.189
27 7 273.204
27 8 273.219
27 9 273.234
27 10 273.248
27 11 273.261
27 12 273.272
27 13 273.28
27 14 273.284
27 15 273.285
27 16 273.282
27 17 273.276
27 18 273.266
27 19 273.253
27 20 273.238
27 21 273.221
27 22 273.202
27 23 273.183
27 24 273.164
27 25 273.145
27 26 273.127
27 27 273.11
27 28 273.095
27 29 273.081
27 30 273.068
27 31 273.057
27 32 273.048
27 33 273.04
27 34 273.033
27 35 273.027
27 36 273.022
27 37 273.018
27 38 273.014
27 39 273.012
27 40 273.009
27 41 273.008
27 42 273.006
27 43 273.005
27 44 273.004
27 45 273.003
27 46 273.003
27 47 273.002
27 48 273.002
27 49 273.002
27 50 273.002

28 0 273.176
28 1 273.177
28 2 273.182
28 3 273.19
28 4 273.202
28 5 273.217
28 6 273.235
28 7 273.254
28 8 273.274
28 9 273.295
28 10 273.314
28 11 273.331
28 12 273.346
28 13 273.357
28 14 273.363
28 15 273.364
28 16 273.361
28 17 273.353
28 18 273.34
28 19 273.323
28 20 273.302
28 21 273.279
28 22 273.255
28 23 273.23
28 24 273.204
28 25 273.18
28 26 273.157
28 27 273.135
28 28 273.116
28 29 273.098
28 30 273.083
28 31 273.069
28 32 273.057
28 33 273.047
28 34 273.039
28 35 273.032
28 36 273.026
28 37 273.021
28 38 273.017
28 39 273.014
28 40 273.011
28 41 273.009
28 42 273.007
28 43 273.006
28 44 273.005
28 45 273.004
28 46 273.003
28 47 273.003
28 48 273.002
28 49 273.002
28 50 273.002

29 0 273.213
29 1 273.214
29 2 273.22
29 3 273.231
29 4 273.246
29 5 273.266
29 6 273.29
29 7 273.315
29 8 273.343
29 9 273.37
29 10 273.396
29 11 273.42
29 12 273.439
29 13 273.454
29 14 273.463
29 15 273.465
29 16 273.46
29 17 273.449
29 18 273.432
29 19 273.409
29 20 273.382
29 21 273.352
29 22 273.32
29 23 273.287
29 24 273.254
29 25 273.223
29 26 273.193
29 27 273.165
29 28 273.141
29 29 273.119
29 30 273.099
29 31 273.082
29 32 273.068
29 33 273.056
29 34 273.046
29 35 273.037
29 36 273.03
29 37 273.024
29 38 273.02
29 39 273.016
29 40 273.013
29 41 273.01
29 42 273.008
29 43 273.006
29 44 273.005
29 45 273.004
29 46 273.004
29 47 273.003
29 48 273.003
29 49 273.003
29 50 273.003

30 0 273.255
30 1 273.256
30 2 273.264
30 3 273.278
30 4 273.299
30 5 273.325
30 6 273.356
30 7 273.39
30 8 273.426
30 9 273.463
30 10 273.498
30 11 273.529
30 12 273.556
30 13 273.576
30 14 273.588
30 15 273.591
30 16 273.585
30 17 273.57
30 18 273.548
30 19 273.518
30 20 273.482
30 21 273.442
30 22 273.4
30 23 273.357
30 24 273.315
30 25 273.274
30 26 273.236
30 27 273.201
30 28 273.17
30 29 273.142
30 30 273.119
30 31 273.098
30 32 273.08
30 33 273.066
30 34 273.053
30 35 273.043
30 36 273.035
30 37 273.028
30 38 273.022
30 39 273.018
30 40 273.014
30 41 273.011
30 42 273.009
30 43 273.007
30 44 273.006
30 45 273.005
30 46 273.004
30 47 273.003
30 48 273.003
30 49 273.003
30 50 273.003

31 0 273.304
31 1 273.305
31 2 273.315
31 3 273.333
31 4 273.36
31 5 273.394
31 6 273.434
31 7 273.48
31 8 273.528
31 9 273.576
31 10 273.623
31 11 273.666
31 12 273.701
31 13 273.728
31 14 273.744
31 15 273.749
31 16 273.741
31 17 273.722
31 18 273.692
31 19 273.652
31 20 273.605
31 21 273.553
31 22 273.498
31 23 273.442
31 24 273.387
31 25 273.335
31 26 273.287
31 27 273.243
31 28 273.204
31 29 273.17
31 30 273.14
31 31 273.115
31 32 273.094
31 33 273.077
31 34 273.062
31 35 273.05
31 36 273.04
31 37 273.032
31 38 273.026
31 39 273.02
31 40 273.016
31 41 273.013
31 42 273.01
31 43 273.008
31 44 273.007
31 45 273.005
31 46 273.004
31 47 273.004
31 48 273.003
31 49 273.003
31 50 273.003

32 0 273.358
32 1 273.36
32 2 273.372
32 3 273.396
32 4 273.431
32 5 273.475
32 6 273.527
32 7 273.586
32 8 273.65
32 9 273.714
32 10 273.777
32 11 273.833
32 12 273.881
32 13 273.917
32 14 273.938
32 15 273.945
32 16 273.935
32 17 273.91
32 18 273.87
32 19 273.818
32 20 273.756
32 21 273.688
32 22 273.616
32 23 273.543
32 24 273.473
32 25 273.406
32 26 273.345
32 27 273.291
32 28 273.243
32 29 273.201
32 30 273.165
32 31 273.135
32 32 273.11
32 33 273.089
32 34 273.071
32 35 273.057
32 36 273.046
32 37 273.036
32 38 273.029
32 39 273.023
32 40 273.018
32 41 273.014
32 42 273.011
32 43 273.009
32 44 273.007
32 45 273.006
32 46 273.005
32 47 273.004
32 48 273.004
32 49 273.003
32 50 273.003

33 0 273.419
33 1 273.42
33 2 273.436
33 3 273.467
33 4 273.51
33 5 273.567
33 6 273.635
33 7 273.712
33 8 273.795
33 9 273.88
33 10 273.963
33 11 274.038
33 12 274.101
33 13 274.149
33 14 274.178
33 15 274.187
33 16 274.174
33 17 274.141
33 18 274.089
33 19 274.021
33 20 273.94
33 21 273.85
33 22 273.757
33 23 273.663
33 24 273.573
33 25 273.489
33 26 273.413
33 27 273.345
33 28 273.286
33 29 273.235
33 30 273.192
33 31 273.156
33 32 273.126
33 33 273.101
33 34 273.081
33 35 273.065
33 36 273.052
33 37 273.041
33 38 273.032
33 39 273.026
33 40 273.02
33 41 273.016
33 42 273.013
33 43 273.01
33 44 273.008
33 45 273.007
33 46 273.005
33 47 273.005
33 48 273.004
33 49 273.004
33 50 273.004

34 0 273.484
34 1 273.486
34 2 273.506
34 3 273.544
34 4 273.6
34 5 273.671
34 6 273.758
34 7 273.858
34 8 273.966
34 9 274.077
34 10 274.185
34 11 274.284
34 12 274.368
34 13 274.431
34 14 274.47
34 15 274.482
34 16 274.466
34 17 274.423
34 18 274.355
34 19 274.266
34 20 274.16
34 21 274.044
34 22 273.923
34 23 273.803
34 24 273.689
34 25 273.583
34 26 273.489
34 27 273.406
34 28 273.334
34 29 273.273
34 30 273.221
34 31 273.179
34 32 273.144
34 33 273.115
34 34 273.092
34 35 273.073
34 36 273.058
34 37 273.046
34 38 273.036
34 39 273.028
34 40 273.022
34 41 273.018
34 42 273.014
34 43 273.011
34 44 273.009
34 45 273.007
34 46 273.006
34 47 273.005
34 48 273.004
34 49 273.004
34 50 273.004

35 0 273.554
35 1 273.556
35 2 273.581
35 3 273.628
35 4 273.697
35 5 273.787
35 6 273.897
35 7 274.023
35 8 274.162
35 9 274.306
35 10 274.448
35 11 274.578
35 12 274.688
35 13 274.77
35 14 274.821
35 15 274.837
35 16 274.816
35 17 274.761
35 18 274.673
35 19 274.558
35 20 274.42
35 21 274.27
35 22 274.115
35 23 273.962
35 24 273.819
35 25 273.688
35 26 273.572
35 27 273.471
35 28 273.385
35 29 273.313
35 30 273.252
35 31 273.203
35 32 273.162
35 33 273.129
35 34 273.103
35 35 273.081
35 36 273.064
35 37 273.051
35 38 273.04
35 39 273.031
35 40 273.025
35 41 273.019
35 42 273.015
35 43 273.012
35 44 273.01
35 45 273.008
35 46 273.006
35 47 273.005
35 48 273.005
35 49 273.004
35 50 273.004

36 0 273.626
36 1 273.629
36 2 273.658
36 3 273.715
36 4 273.799
36 5 273.91
36 6 274.047
36 7 274.207
36 8 274.384
36 9 274.569
36 10 274.753
36 11 274.921
36 12 275.063
36 13 275.17
36 14 275.235
36 15 275.256
36 16 275.231
36 17 275.16
36 18 275.048
36 19 274.899
36 20 274.722
36 21 274.529
36 22 274.331
36 23 274.14
36 24 273.961
36 25 273.801
36 26 273.661
36 27 273.54
36 28 273.439
36 29 273.354
36 30 273.284
36 31 273.227
36 32 273.181
36 33 273.143
36 34 273.114
36 35 273.09
36 36 273.071
36 37 273.055
36 38 273.043
36 39 273.034
36 40 273.027
36 41 273.021
36 42 273.016
36 43 273.013
36 44 273.01
36 45 273.008
36 46 273.007
36 47 273.006
36 48 273.005
36 49 273.005
36 50 273.005

37 0 273.698
37 1 273.701
37 2 273.736
37 3 273.804
37 4 273.905
37 5 274.039
37 6 274.206
37 7 274.404
37 8 274.626
37 9 274.862
37 10 275.097
37 11 275.313
37 12 275.494
37 13 275.629
37 14 275.712
37 15 275.738
37 16 275.707
37 17 275.619
37 18 275.477
37 19 275.288
37 20 275.064
37 21 274.818
37 22 274.569
37 23 274.331
37 24 274.112
37 25 273.919
37 26 273.752
37 27 273.611
37 28 273.493
37 29 273.396
37 30 273.316
37 31 273.251
37 32 273.199
37 33 273.158
37 34 273.124
37 35 273.098
37 36 273.077
37 37 273.06
37 38 273.047
37 39 273.037
37 40 273.029
37 41 273.022
37 42 273.018
37 43 273.014
37 44 273.011
37 45 273.009
37 46 273.007
37 47 273.006
37 48 273.005
37 49 273.005
37 50 273.005

38 0 273.768
38 1 273.771
38 2 273.811
38 3 273.89
38 4 274.008
38 5 274.167
38 6 274.367
38 7 274.606
38 8 274.879
38 9 275.174
38 10 275.471
38 11 275.743
38 12 275.97
38 13 276.138
38 14 276.24
38 15 276.273
38 16 276.235
38 17 276.127
38 18 275.952
38 19 275.717
38 20 275.436
38 21 275.127
38 22 274.818
38 23 274.527
38 24 274.265
38 25 274.037
38 26 273.843
38 27 273.68
38 28 273.546
38 29 273.436
38 30 273.346
38 31 273.275
38 32 273.217
38 33 273.171
38 34 273.134
38 35 273.105
38 36 273.083
38 37 273.065
38 38 273.05
38 39 273.039
38 40 273.031
38 41 273.024
38 42 273.019
38 43 273.015
38 44 273.012
38 45 273.009
38 46 273.008
38 47 273.006
38 48 273.006
38 49 273.005
38 50 273.005

39 0 273.832
39 1 273.835
39 2 273.881
39 3 273.97
39 4 274.104
39 5 274.286
39 6 274.519
39 7 274.801
39 8 275.128
39 9 275.488
39 10 275.856
39 11 276.191
39 12 276.466
39 13 276.669
39 14 276.791
39 15 276.83
39 16 276.785
39 17 276.656
39 18 276.447
39 19 276.163
39 20 275.818
39 21 275.438
39 22 275.063
39 23 274.716
39 24 274.41
39 25 274.148
39 26 273.927
39 27 273.744
39 28 273.594
39 29 273.472
39 30 273.374
39 31 273.296
39 32 273.233
39 33 273.183
39 34 273.144
39 35 273.113
39 36 273.088
39 37 273.069
39 38 273.054
39 39 273.042
39 40 273.033
39 41 273.025
39 42 273.02
39 43 273.016
39 44 273.012
39 45 273.01
39 46 273.008
39 47 273.007
39 48 273.006
39 49 273.006
39 50 273.006

40 0 273.887
40 1 273.891
40 2 273.941
40 3 274.038
40 4 274.187
40 5 274.39
40 6 274.65
40 7 274.97
40 8 275.348
40 9 275.772
40 10 276.213
40 11 276.61
40 12 276.931
40 13 277.164
40 14 277.304
40 15 277.349
40 16 277.298
40 17 277.151
40 18 276.911
40 19 276.581
40 20 276.174
40 21 275.719
40 22 275.279
40 23 274.881
40 24 274.535
40 25 274.243
40 26 273.999
40 27 273.799
40 28 273.636
40 29 273.504
40 30 273.399
40 31 273.314
40 32 273.247
40 33 273.194
40 34 273.152
40 35 273.119
40 36 273.093
40 37 273.072
40 38 273.056
40 39 273.044
40 40 273.034
40 41 273.027
40 42 273.021
40 43 273.016
40 44 273.013
40 45 273.01
40 46 273.008
40 47 273.007
40 48 273.006
40 49 273.006
40 50 273.006

41 0 273.932
41 1 273.936
41 2 273.989
41 3 274.093
41 4 274.252
41 5 274.469
41 6 274.75
41 7 275.098
41 8 275.511
41 9 275.98
41 10 276.472
41 11 276.911
41 12 277.266
41 13 277.521
41 14 277.674
41 15 277.722
41 16 277.667
41 17 277.508
41 18 277.244
41 19 276.881
41 20 276.43
41 21 275.925
41 22 275.439
41 23 275.004
41 24 274.63
41 25 274.315
41 26 274.054
41 27 273.841
41 28 273.669
41 29 273.53
41 30 273.418
41 31 273.33
41 32 273.259
41 33 273.203
41 34 273.159
41 35 273.124
41 36 273.097
41 37 273.076
41 38 273.059
41 39 273.046
41 40 273.036
41 41 273.028
41 42 273.022
41 43 273.017
41 44 273.013
41 45 273.011
41 46 273.009
41 47 273.007
41 48 273.006
41 49 273.006
41 50 273.006

42 0 273.964
42 1 273.968
42 2 274.023
42 3 274.131
42 4 274.294
42 5 274.519
42 6 274.81
42 7 275.17
42 8 275.599
42 9 276.086
42 10 276.598
42 11 277.055
42 12 277.423
42 13 277.688
42 14 277.846
42 15 277.896
42 16 277.839
42 17 277.674
42 18 277.401
42 19 277.024
42 20 276.555
42 21 276.029
42 22 275.524
42 23 275.073
42 24 274.685
42 25 274.359
42 26 274.09
42 27 273.87
42 28 273.692
42 29 273.548
42 30 273.433
42 31 273.341
42 32 273.268
42 33 273.21
42 34 273.164
42 35 273.129
42 36 273.1
42 37 273.078
42 38 273.061
42 39 273.047
42 40 273.037
42 41 273.029
42 42 273.022
42 43 273.017
42 44 273.014
42 45 273.011
42 46 273.009
42 47 273.008
42 48 273.007
42 49 273.006
42 50 273.006

43 0 273.985
43 1 273.989
43 2 274.044
43 3 274.151
43 4 274.315
43 5 274.539
43 6 274.827
43 7 275.183
43 8 275.605
43 9 276.083
43 10 276.583
43 11 277.031
43 12 277.391
43 13 277.652
43 14 277.807
43 15 277.857
43 16 277.8
43 17 277.637
43 18 277.368
43 19 276.998
43 20 276.539
43 21 276.024
43 22 275.529
43 23 275.083
43 24 274.699
43 25 274.374
43 26 274.105
43 27 273.884
43 28 273.704
43 29 273.559
43 30 273.442
43 31 273.349
43 32 273.274
43 33 273.215
43 34 273.169
43 35 273.132
43 36 273.103
43 37 273.08
43 38 273.062
43 39 273.048
43 40 273.038
43 41 273.029
43 42 273.023
43 43 273.018
43 44 273.014
43 45 273.011
43 46 273.009
43 47 273.008
43 48 273.007
43 49 273.006
43 50 273.006

44 0 273.994
44 1 273.998
44 2 274.052
44 3 274.157
44 4 274.315
44 5 274.531
44 6 274.807
44 7 275.144
44 8 275.54
44 9 275.982
44 10 276.442
44 11 276.854
44 12 277.189
44 13 277.432
44 14 277.578
44 15 277.624
44 16 277.571
44 17 277.417
44 18 277.165
44 19 276.821
44 20 276.396
44 21 275.922
44 22 275.461
44 23 275.043
44 24 274.676
44 25 274.364
44 26 274.102
44 27 273.885
44 28 273.707
44 29 273.563
44 30 273.446
44 31 273.353
44 32 273.278
44 33 273.218
44 34 273.171
44 35 273.134
44 36 273.104
44 37 273.081
44 38 273.063
44 39 273.049
44 40 273.038
44 41 273.03
44 42 273.023
44 43 273.018
44 44 273.014
44 45 273.012
44 46 273.009
44 47 273.008
44 48 273.007
44 49 273.006
44 50 273.006

45 0 273.994
45 1 273.998
45 2 274.05
45 3 274.15
45 4 274.3
45 5 274.503
45 6 274.76
45 7 275.069
45 8 275.425
45 9 275.815
45 10 276.211
45 11 276.571
45 12 276.869
45 13 277.087
45 14 277.219
45 15 277.261
45 16 277.212
45 17 277.072
45 18 276.845
45 19 276.538
45 20 276.165
45 21 275.754
45 22 275.345
45 23 274.966
45 24 274.627
45 25 274.334
45 26 274.084
45 27 273.876
45 28 273.703
45 29 273.562
45 30 273.447
45 31 273.354
45 32 273.279
45 33 273.22
45 34 273.172
45 35 273.135
45 36 273.105
45 37 273.082
45 38 273.064
45 39 273.05
45 40 273.039
45 41 273.03
45 42 273.024
45 43 273.018
45 44 273.015
45 45 273.012
45 46 273.01
45 47 273.008
45 48 273.007
45 49 273.007
45 50 273.007

46 0 273.988
46 1 273.992
46 2 274.041
46 3 274.135
46 4 274.276
46 5 274.464
46 6 274.699
46 7 274.978
46 8 275.293
46 9 275.63
46 10 275.968
46 11 276.278
46 12 276.536
46 13 276.728
46 14 276.845
46 15 276.882
46 16 276.837
46 17 276.713
46 18 276.512
46 19 276.244
46 20 275.922
46 21 275.569
46 22 275.212
46 23 274.874
46 24 274.566
46 25 274.294
46 26 274.059
46 27 273.861
46 28 273.694
46 29 273.557
46 30 273.444
46 31 273.352
46 32 273.279
46 33 273.22
46 34 273.172
46 35 273.135
46 36 273.106
46 37 273.082
46 38 273.064
46 39 273.05
46 40 273.039
46 41 273.03
46 42 273.024
46 43 273.019
46 44 273.015
46 45 273.012
46 46 273.01
46 47 273.008
46 48 273.007
46 49 273.007
46 50 273.007

47 0 273.979
47 1 273.983
47 2 274.029
47 3 274.118
47 4 274.25
47 5 274.424
47 6 274.639
47 7 274.891
47 8 275.17
47 9 275.465
47 10 275.757
47 11 276.025
47 12 276.25
47 13 276.419
47 14 276.522
47 15 276.554
47 16 276.514
47 17 276.404
47 18 276.226
47 19 275.991
47 20 275.71
47 21 275.403
47 22 275.089
47 23 274.786
47 24 274.505
47 25 274.253
47 26 274.033
47 27 273.844
47 28 273.684
47 29 273.55
47 30 273.439
47 31 273.349
47 32 273.277
47 33 273.218
47 34 273.172
47 35 273.135
47 36 273.105
47 37 273.082
47 38 273.064
47 39 273.05
47 40 273.039
47 41 273.03
47 42 273.024
47 43 273.019
47 44 273.015
47 45 273.012
47 46 273.01
47 47 273.008
47 48 273.007
47 49 273.007
47 50 273.007

48 0 273.97
48 1 273.974
48 2 274.018
48 3 274.103
48 4 274.227
48 5 274.391
48 6 274.591
48 7 274.822
48 8 275.076
48 9 275.341
48 10 275.602
48 11 275.841
48 12 276.043
48 13 276.194
48 14 276.287
48 15 276.317
48 16 276.28
48 17 276.179
48 18 276.019
48 19 275.807
48 20 275.555
48 21 275.279
48 22 274.995
48 23 274.717
48 24 274.457
48 25 274.22
48 26 274.01
48 27 273.829
48 28 273.674
48 29 273.543
48 30 273.434
48 31 273.345
48 32 273.273
48 33 273.216
48 34 273.17
48 35 273.133
48 36 273.104
48 37 273.081
48 38 273.064
48 39 273.05
48 40 273.039
48 41 273.03
48 42 273.023
48 43 273.018
48 44 273.015
48 45 273.012
48 46 273.01
48 47 273.008
48 48 273.007
48 49 273.007
48 50 273.007

49 0 273.963
49 1 273.967
49 2 274.01
49 3 274.092
49 4 274.212
49 5 274.37
49 6 274.562
49 7 274.782
49 8 275.023
49 9 275.272
49 10 275.517
49 11 275.741
49 12 275.93
49 13 276.073
49 14 276.16
49 15 276.187
49 16 276.153
49 17 276.057
49 18 275.906
49 19 275.706
49 20 275.47
49 21 275.21
49 22 274.941
49 23 274.677
49 24 274.428
49 25 274.199
49 26 273.996
49 27 273.819
49 28 273.667
49 29 273.537
49 30 273.428
49 31 273.34
49 32 273.269
49 33 273.212
49 34 273.167
49 35 273.131
49 36 273.103
49 37 273.08
49 38 273.063
49 39 273.049
49 40 273.038
49 41 273.03
49 42 273.023
49 43 273.018
49 44 273.014
49 45 273.012
49 46 273.01
49 47 273.008
49 48 273.007
49 49 273.007
49 50 273.007

50 0 273.963
50 1 273.963
50 2 274.006
50 3 274.087
50 4 274.208
50 5 274.365
50 6 274.555
50 7 274.775
50 8 275.015
50 9 275.263
50 10 275.507
50 11 275.73
50 12 275.918
50 13 276.06
50 14 276.148
50 15 276.175
50 16 276.14
50 17 276.045
50 18 275.894
50 19 275.695
50 20 275.46
50 21 275.201
50 22 274.934
50 23 274.671
50 24 274.422
50 25 274.195
50 26 273.992
50 27 273.816
50 28 273.664
50 29 273.535
50 30 273.419
50 31 273.333
50 32 273.264
50 33 273.208
50 34 273.164
50 35 273.129
50 36 273.101
50 37 273.079
50 38 273.061
50 39 273.048
50 40 273.037
50 41 273.029
50 42 273.023
50 43 273.018
50 44 273.014
50 45 273.011
50 46 273.009
50 47 273.008
50 48 273.007
50 49 273.007
50 50 273.007

