1 15.895 0.143705
2 12.4743 0.215207
3 10.4624 0.161282
4 9.18202 0.122378
5 8.30447 0.0955722
6 7.66379 0.0771489
7 7.17188 0.0641867
8 6.77926 0.0547441
9 6.4565 0.0476104
10 6.18507 0.0420399
11 5.95272 0.0375664
12 5.75098 0.0338901
13 5.57378 0.0308116
14 5.41664 0.0281934
15 5.27614 0.025938
16 5.14965 0.0239741
17 5.03508 0.0222481
18 4.93076 0.0207193
19 4.83532 0.0193555
20 4.74765 0.0181317
21 4.66681 0.0170274
22 4.59202 0.0160261
23 4.52261 0.0151143
24 4.45802 0.0142807
25 4.39777 0.0135158
26 4.34143 0.0128118
27 4.28863 0.0121617
28 4.23905 0.0115599
29 4.19242 0.0110013
30 4.14847 0.0104817
31 4.107 0.00999715
32 4.0678 0.0095445
33 4.0307 0.00912082
34 3.99554 0.00872356
35 3.96217 0.00835046
36 3.93048 0.0079995
37 3.90034 0.00766891
38 3.87164 0.00735707
39 3.8443 0.00706255
40 3.81822 0.00678404
41 3.79332 0.00652039
42 3.76953 0.00627052
43 3.74679 0.00603348
44 3.72503 0.00580838
45 3.70419 0.00559445
46 3.68422 0.00539094
47 3.66507 0.00519719
48 3.6467 0.00501259
49 3.62906 0.00483658
50 3.61212 0.00466864
51 3.59584 0.0045083
52 3.58018 0.0043551
53 3.56511 0.00420866
54 3.5506 0.00406858
55 3.53663 0.00393452
56 3.52317 0.00380616
57 3.5102 0.00368319
58 3.49768 0.00356532
59 3.48561 0.00345231
60 3.47395 0.00334389
61 3.46269 0.00323985
62 3.45182 0.00313997
63 3.44131 0.00304403
64 3.43116 0.00295187
65 3.42133 0.00286329
66 3.41183 0.00277813
67 3.40263 0.00269624
68 3.39372 0.00261747
69 3.3851 0.00254167
70 3.37674 0.00246871
71 3.36864 0.00239847
72 3.36079 0.00233083
73 3.35317 0.00226569
74 3.34579 0.00220292
75 3.33862 0.00214244
76 3.33166 0.00208415
77 3.3249 0.00202796
78 3.31834 0.00197378
79 3.31197 0.00192153
80 3.30577 0.00187113
81 3.29974 0.00182251
82 3.29388 0.00177559
83 3.28818 0.00173032
84 3.28264 0.00168663
85 3.27724 0.00164445
86 3.27199 0.00160372
87 3.26687 0.0015644
88 3.26188 0.00152642
89 3.25702 0.00148974
90 3.25228 0.00145431
91 3.24767 0.00142008
92 3.24316 0.001387
93 3.23877 0.00135503
94 3.23448 0.00132414
95 3.23029 0.00129427
96 3.2262 0.0012654
97 3.22221 0.00123749
98 3.21831 0.0012105
99 3.2145 0.00118439
100 3.21077 0.00115915
101 3.20713 0.00113472
102 3.20357 0.0011111
103 3.20008 0.00108824
104 3.19667 0.00106612
105 3.19333 0.00104471
106 3.19006 0.00102399
107 3.18686 0.00100393
108 3.18372 0.000984513
109 3.18064 0.000965712
110 3.17763 0.000947505
111 3.17468 0.000929872
112 3.17178 0.000912792
113 3.16894 0.000896246
114 3.16615 0.000880216
115 3.16341 0.000864683
116 3.16072 0.00084963
117 3.15808 0.000835039
118 3.15549 0.000820896
119 3.15294 0.000807184
120 3.15044 0.000793888
121 3.14798 0.000780994
122 3.14556 0.000768487
123 3.14318 0.000756355
124 3.14084 0.000744585
125 3.13854 0.000733163
126 3.13627 0.000722078
127 3.13404 0.000711318
128 3.13184 0.000700873
129 3.12968 0.00069073
130 3.12755 0.000680881
131 3.12545 0.000671314
132 3.12338 0.00066202
133 3.12134 0.00065299
134 3.11933 0.000644214
135 3.11735 0.000635684
136 3.11539 0.000627392
137 3.11346 0.00061933
138 3.11156 0.000611489
139 3.10968 0.000603862
140 3.10782 0.000596442
141 3.10599 0.000589222
142 3.10418 0.000582194
143 3.1024 0.000575354
144 3.10063 0.000568693
145 3.09889 0.000562207
146 3.09717 0.000555889
147 3.09547 0.000549733
148 3.09378 0.000543735
149 3.09212 0.000537888
150 3.09047 0.000532188
151 3.08885 0.00052663
152 3.08724 0.000521209
153 3.08564 0.000515921
154 3.08407 0.000510761
155 3.08251 0.000505724
156 3.08096 0.000500807
157 3.07943 0.000496006
158 3.07792 0.000491317
159 3.07642 0.000486737
160 3.07494 0.00048226
161 3.07347 0.000477885
162 3.07202 0.000473608
163 3.07057 0.000469426
164 3.06914 0.000465335
165 3.06773 0.000461333
166 3.06633 0.000457416
167 3.06493 0.000453583
168 3.06356 0.000449829
169 3.06219 0.000446153
170 3.06083 0.000442553
171 3.05949 0.000439025
172 3.05816 0.000435567
173 3.05684 0.000432178
174 3.05552 0.000428854
175 3.05422 0.000425594
176 3.05293 0.000422396
177 3.05165 0.000419258
178 3.05038 0.000416178
179 3.04912 0.000413154
180 3.04787 0.000410185
181 3.04663 0.000407268
182 3.0454 0.000404402
183 3.04418 0.000401586
184 3.04296 0.000398817
185 3.04176 0.000396095
186 3.04056 0.000393418
187 3.03937 0.000390785
188 3.03819 0.000388194
189 3.03702 0.000385644
190 3.03586 0.000383133
191 3.0347 0.000380662
192 3.03355 0.000378228
193 3.03241 0.00037583
194 3.03128 0.000373467
195 3.03016 0.000371139
196 3.02904 0.000368844
197 3.02793 0.000366581
198 3.02682 0.000364349
199 3.02573 0.000362148
200 3.02464 0.000359976
201 3.02356 0.000357833
202 3.02248 0.000355718
203 3.02141 0.00035363
204 3.02035 0.000351568
205 3.01929 0.000349532
206 3.01825 0.000347521
207 3.0172 0.000345534
208 3.01617 0.000343571
209 3.01514 0.00034163
210 3.01411 0.000339712
211 3.01309 0.000337815
212 3.01208 0.00033594
213 3.01107 0.000334085
214 3.01007 0.00033225
215 3.00908 0.000330435
216 3.00809 0.000328639
217 3.00711 0.000326861
218 3.00613 0.000325101
219 3.00516 0.000323359
220 3.00419 0.000321634
221 3.00323 0.000319926
222 3.00227 0.000318234
223 3.00132 0.000316558
224 3.00038 0.000314898
225 2.99944 0.000313253
226 2.9985 0.000311623
227 2.99757 0.000310007
228 2.99665 0.000308406
229 2.99573 0.000306818
230 2.99482 0.000305244
231 2.99391 0.000303683
232 2.993 0.000302135
233 2.9921 0.0003006
234 2.99121 0.000299077
235 2.99032 0.000297566
236 2.98943 0.000296068
237 2.98855 0.000294581
238 2.98768 0.000293105
239 2.9868 0.00029164
240 2.98594 0.000290187
241 2.98508 0.000288744
242 2.98422 0.000287312
243 2.98336 0.00028589
244 2.98252 0.000284478
245 2.98167 0.000283076
246 2.98083 0.000281684
247 2.98 0.000280302
248 2.97917 0.000278929
249 2.97834 0.000277565
250 2.97752 0.00027621
251 2.9767 0.000274865
252 2.97588 0.000273528
253 2.97507 0.000272199
254 2.97427 0.00027088
255 2.97347 0.000269568
256 2.97267 0.000268265
257 2.97187 0.00026697
258 2.97108 0.000265683
259 2.9703 0.000264404
260 2.96952 0.000263133
261 2.96874 0.000261869
262 2.96797 0.000260613
263 2.9672 0.000259364
264 2.96643 0.000258122
265 2.96567 0.000256888
266 2.96491 0.000255661
267 2.96416 0.000254441
268 2.96341 0.000253228
269 2.96266 0.000252021
270 2.96192 0.000250822
271 2.96118 0.000249629
272 2.96044 0.000248442
273 2.95971 0.000247263
274 2.95898 0.000246089
275 2.95826 0.000244922
276 2.95753 0.000243762
277 2.95682 0.000242607
278 2.9561 0.000241459
279 2.95539 0.000240317
280 2.95469 0.00023918
281 2.95398 0.00023805
282 2.95328 0.000236926
283 2.95259 0.000235807
284 2.95189 0.000234695
285 2.9512 0.000233588
286 2.95052 0.000232486
287 2.94983 0.00023139
288 2.94915 0.0002303
289 2.94848 0.000229216
290 2.94781 0.000228136
291 2.94714 0.000227062
292 2.94647 0.000225994
293 2.94581 0.000224931
294 2.94515 0.000223873
295 2.94449 0.00022282
296 2.94384 0.000221773
297 2.94319 0.00022073
298 2.94254 0.000219693
299 2.9419 0.000218661
300 2.94126 0.000217634
301 2.94062 0.000216611
302 2.93999 0.000215594
303 2.93936 0.000214582
304 2.93873 0.000213574
305 2.9381 0.000212571
306 2.93748 0.000211574
307 2.93686 0.00021058
308 2.93625 0.000209592
309 2.93564 0.000208608
310 2.93503 0.000207629
311 2.93442 0.000206655
312 2.93382 0.000205685
313 2.93322 0.000204719
314 2.93262 0.000203759
315 2.93202 0.000202802
316 2.93143 0.000201851
317 2.93084 0.000200903
318 2.93026 0.00019996
319 2.92967 0.000199022
320 2.92909 0.000198088
321 2.92852 0.000197158
322 2.92794 0.000196233
323 2.92737 0.000195311
324 2.9268 0.000194394
325 2.92623 0.000193482
326 2.92567 0.000192573
327 2.92511 0.000191669
328 2.92455 0.000190769
329 2.924 0.000189873
330 2.92344 0.000188981
331 2.92289 0.000188093
332 2.92235 0.00018721
333 2.9218 0.00018633
334 2.92126 0.000185454
335 2.92072 0.000184583
336 2.92018 0.000183715
337 2.91965 0.000182852
338 2.91912 0.000181992
339 2.91859 0.000181136
340 2.91806 0.000180284
341 2.91754 0.000179436
342 2.91702 0.000178592
343 2.9165 0.000177752
344 2.91599 0.000176916
345 2.91547 0.000176083
346 2.91496 0.000175254
347 2.91445 0.000174429
348 2.91395 0.000173608
349 2.91344 0.000172791
350 2.91294 0.000171977
351 2.91244 0.000171167
352 2.91195 0.00017036
353 2.91145 0.000169557
354 2.91096 0.000168758
355 2.91047 0.000167963
356 2.90999 0.000167171
357 2.9095 0.000166383
358 2.90902 0.000165598
359 2.90854 0.000164817
360 2.90806 0.000164039
361 2.90759 0.000163265
362 2.90712 0.000162495
363 2.90665 0.000161728
364 2.90618 0.000160964
365 2.90571 0.000160204
366 2.90525 0.000159447
367 2.90479 0.000158694
368 2.90433 0.000157944
369 2.90387 0.000157198
370 2.90342 0.000156455
371 2.90297 0.000155715
372 2.90252 0.000154979
373 2.90207 0.000154246
374 2.90162 0.000153516
375 2.90118 0.00015279
376 2.90074 0.000152067
377 2.9003 0.000151347
378 2.89986 0.000150631
379 2.89943 0.000149917
380 2.899 0.000149207
381 2.89857 0.000148501
382 2.89814 0.000147797
383 2.89771 0.000147097
384 2.89729 0.0001464
385 2.89686 0.000145706
386 2.89644 0.000145015
387 2.89603 0.000144327
388 2.89561 0.000143643
389 2.8952 0.000142961
390 2.89478 0.000142283
391 2.89437 0.000141608
392 2.89397 0.000140935
393 2.89356 0.000140266
394 2.89316 0.0001396
395 2.89276 0.000138937
396 2.89236 0.000138277
397 2.89196 0.00013762
398 2.89156 0.000136966
399 2.89117 0.000136315
400 2.89077 0.000135667
401 2.89038 0.000135022
402 2.89 0.00013438
403 2.88961 0.00013374
404 2.88922 0.000133104
405 2.88884 0.000132471
406 2.88846 0.00013184
407 2.88808 0.000131212
408 2.8877 0.000130588
409 2.88733 0.000129966
410 2.88696 0.000129347
411 2.88658 0.00012873
412 2.88621 0.000128117
413 2.88585 0.000127506
414 2.88548 0.000126899
415 2.88512 0.000126294
416 2.88475 0.000125691
417 2.88439 0.000125092
418 2.88403 0.000124495
419 2.88368 0.000123901
420 2.88332 0.00012331
421 2.88297 0.000122721
422 2.88261 0.000122135
423 2.88226 0.000121552
424 2.88192 0.000120972
425 2.88157 0.000120394
426 2.88122 0.000119818
427 2.88088 0.000119246
428 2.88054 0.000118676
429 2.8802 0.000118109
430 2.87986 0.000117544
431 2.87952 0.000116982
432 2.87919 0.000116422
433 2.87885 0.000115865
434 2.87852 0.000115311
435 2.87819 0.000114759
436 2.87786 0.00011421
437 2.87754 0.000113663
438 2.87721 0.000113119
439 2.87689 0.000112577
440 2.87656 0.000112038
441 2.87624 0.000111501
442 2.87592 0.000110967
443 2.87561 0.000110435
444 2.87529 0.000109906
445 2.87498 0.000109379
446 2.87466 0.000108855
447 2.87435 0.000108333
448 2.87404 0.000107813
449 2.87373 0.000107296
450 2.87343 0.000106781
451 2.87312 0.000106269
452 2.87282 0.000105759
453 2.87251 0.000105251
454 2.87221 0.000104746
455 2.87191 0.000104243
456 2.87162 0.000103742
457 2.87132 0.000103244
458 2.87102 0.000102748
459 2.87073 0.000102254
460 2.87044 0.000101763
461 2.87015 0.000101273
462 2.86986 0.000100787
463 2.86957 0.000100302
464 2.86928 9.98196e-05
465 2.869 9.93395e-05
466 2.86872 9.88616e-05
467 2.86843 9.8386e-05
468 2.86815 9.79125e-05
469 2.86787 9.74413e-05
470 2.8676 9.69722e-05
471 2.86732 9.65054e-05
472 2.86704 9.60407e-05
473 2.86677 9.55781e-05
474 2.8665 9.51178e-05
475 2.86623 9.46595e-05
476 2.86596 9.42035e-05
477 2.86569 9.37495e-05
478 2.86542 9.32977e-05
479 2.86515 9.28479e-05
480 2.86489 9.24003e-05
481 2.86462 9.19547e-05
482 2.86436 9.15113e-05
483 2.8641 9.10699e-05
484 2.86384 9.06306e-05
485 2.86358 9.01933e-05
486 2.86333 8.97581e-05
487 2.86307 8.93249e-05
488 2.86282 8.88937e-05
489 2.86256 8.84646e-05
490 2.86231 8.80374e-05
491 2.86206 8.76123e-05
492 2.86181 8.71892e-05
493 2.86156 8.6768e-05
494 2.86132 8.63488e-05
495 2.86107 8.59316e-05
496 2.86083 8.55163e-05
497 2.86058 8.5103e-05
498 2.86034 8.46916e-05
499 2.8601 8.42822e-05
500 2.85986 8.38747e-05
501 2.85962 8.34691e-05
502 2.85938 8.30654e-05
503 2.85915 8.26635e-05
504 2.85891 8.22636e-05
505 2.85868 8.18656e-05
506 2.85844 8.14694e-05
507 2.85821 8.10751e-05
508 2.85798 8.06826e-05
509 2.85775 8.0292e-05
510 2.85752 7.99033e-05
511 2.8573 7.95163e-05
512 2.85707 7.91312e-05
513 2.85685 7.87479e-05
514 2.85662 7.83664e-05
515 2.8564 7.79867e-05
516 2.85618 7.76088e-05
517 2.85596 7.72327e-05
518 2.85574 7.68583e-05
519 2.85552 7.64858e-05
520 2.8553 7.61149e-05
521 2.85508 7.57459e-05
522 2.85487 7.53785e-05
523 2.85466 7.50129e-05
524 2.85444 7.4649e-05
525 2.85423 7.42869e-05
526 2.85402 7.39264e-05
527 2.85381 7.35677e-05
528 2.8536 7.32107e-05
529 2.85339 7.28553e-05
530 2.85319 7.25016e-05
531 2.85298 7.21496e-05
532 2.85277 7.17993e-05
533 2.85257 7.14506e-05
534 2.85237 7.11036e-05
535 2.85217 7.07582e-05
536 2.85197 7.04144e-05
537 2.85177 7.00723e-05
538 2.85157 6.97318e-05
539 2.85137 6.93929e-05
540 2.85117 6.90556e-05
541 2.85098 6.872e-05
542 2.85078 6.83859e-05
543 2.85059 6.80534e-05
544 2.85039 6.77224e-05
545 2.8502 6.73931e-05
546 2.85001 6.70653e-05
547 2.84982 6.67391e-05
548 2.84963 6.64144e-05
549 2.84944 6.60912e-05
550 2.84926 6.57696e-05
551 2.84907 6.54495e-05
552 2.84888 6.5131e-05
553 2.8487 6.48139e-05
554 2.84852 6.44984e-05
555 2.84833 6.41843e-05
556 2.84815 6.38718e-05
557 2.84797 6.35607e-05
558 2.84779 6.32512e-05
559 2.84761 6.29431e-05
560 2.84743 6.26364e-05
561 2.84725 6.23312e-05
562 2.84708 6.20275e-05
563 2.8469 6.17252e-05
564 2.84673 6.14244e-05
565 2.84655 6.1125e-05
566 2.84638 6.0827e-05
567 2.84621 6.05305e-05
568 2.84604 6.02353e-05
569 2.84587 5.99416e-05
570 2.8457 5.96492e-05
571 2.84553 5.93583e-05
572 2.84536 5.90688e-05
573 2.84519 5.87806e-05
574 2.84503 5.84938e-05
575 2.84486 5.82084e-05
576 2.84469 5.79243e-05
577 2.84453 5.76416e-05
578 2.84437 5.73603e-05
579 2.84421 5.70802e-05
580 2.84404 5.68016e-05
581 2.84388 5.65242e-05
582 2.84372 5.62482e-05
583 2.84356 5.59735e-05
584 2.84341 5.57002e-05
585 2.84325 5.54281e-05
586 2.84309 5.51573e-05
587 2.84293 5.48878e-05
588 2.84278 5.46197e-05
589 2.84263 5.43528e-05
590 2.84247 5.40871e-05
591 2.84232 5.38228e-05
592 2.84217 5.35597e-05
593 2.84201 5.32979e-05
594 2.84186 5.30373e-05
595 2.84171 5.2778e-05
596 2.84156 5.25199e-05
597 2.84142 5.22631e-05
598 2.84127 5.20074e-05
599 2.84112 5.17531e-05
600 2.84097 5.14999e-05
601 2.84083 5.1248e-05
602 2.84068 5.09972e-05
603 2.84054 5.07477e-05
604 2.8404 5.04993e-05
605 2.84025 5.02522e-05
606 2.84011 5.00062e-05
607 2.83997 4.97614e-05
608 2.83983 4.95178e-05
609 2.83969 4.92754e-05
610 2.83955 4.90341e-05
611 2.83941 4.8794e-05
612 2.83927 4.85551e-05
613 2.83914 4.83173e-05
614 2.839 4.80806e-05
615 2.83887 4.78451e-05
616 2.83873 4.76107e-05
617 2.8386 4.73774e-05
618 2.83846 4.71453e-05
619 2.83833 4.69142e-05
620 2.8382 4.66843e-05
621 2.83806 4.64555e-05
622 2.83793 4.62278e-05
623 2.8378 4.60012e-05
624 2.83767 4.57757e-05
625 2.83754 4.55512e-05
626 2.83741 4.53279e-05
627 2.83729 4.51056e-05
628 2.83716 4.48844e-05
629 2.83703 4.46643e-05
630 2.83691 4.44452e-05
631 2.83678 4.42272e-05
632 2.83666 4.40102e-05
633 2.83653 4.37943e-05
634 2.83641 4.35794e-05
635 2.83629 4.33655e-05
636 2.83616 4.31527e-05
637 2.83604 4.29409e-05
638 2.83592 4.27301e-05
639 2.8358 4.25204e-05
640 2.83568 4.23116e-05
641 2.83556 4.21039e-05
642 2.83544 4.18972e-05
643 2.83532 4.16915e-05
644 2.83521 4.14867e-05
645 2.83509 4.1283e-05
646 2.83497 4.10802e-05
647 2.83486 4.08784e-05
648 2.83474 4.06776e-05
649 2.83463 4.04778e-05
650 2.83451 4.02789e-05
651 2.8344 4.0081e-05
652 2.83428 3.9884e-05
653 2.83417 3.9688e-05
654 2.83406 3.9493e-05
655 2.83395 3.92988e-05
656 2.83384 3.91057e-05
657 2.83373 3.89134e-05
658 2.83362 3.87221e-05
659 2.83351 3.85317e-05
660 2.8334 3.83423e-05
661 2.83329 3.81537e-05
662 2.83318 3.79661e-05
663 2.83308 3.77794e-05
664 2.83297 3.75936e-05
665 2.83287 3.74086e-05
666 2.83276 3.72246e-05
667 2.83265 3.70415e-05
668 2.83255 3.68592e-05
669 2.83245 3.66779e-05
670 2.83234 3.64974e-05
671 2.83224 3.63178e-05
672 2.83214 3.6139e-05
673 2.83204 3.59612e-05
674 2.83193 3.57841e-05
675 2.83183 3.5608e-05
676 2.83173 3.54327e-05
677 2.83163 3.52582e-05
678 2.83153 3.50846e-05
679 2.83144 3.49119e-05
680 2.83134 3.474e-05
681 2.83124 3.45689e-05
682 2.83114 3.43986e-05
683 2.83105 3.42292e-05
684 2.83095 3.40606e-05
685 2.83085 3.38928e-05
686 2.83076 3.37258e-05
687 2.83066 3.35596e-05
688 2.83057 3.33943e-05
689 2.83047 3.32297e-05
690 2.83038 3.3066e-05
691 2.83029 3.2903e-05
692 2.83019 3.27408e-05
693 2.8301 3.25795e-05
694 2.83001 3.24189e-05
695 2.82992 3.2259e-05
696 2.82983 3.21e-05
697 2.82974 3.19417e-05
698 2.82965 3.17842e-05
699 2.82956 3.16275e-05
700 2.82947 3.14715e-05
701 2.82938 3.13163e-05
702 2.82929 3.11619e-05
703 2.8292 3.10082e-05
704 2.82912 3.08552e-05
705 2.82903 3.0703e-05
706 2.82894 3.05515e-05
707 2.82886 3.04008e-05
708 2.82877 3.02508e-05
709 2.82869 3.01015e-05
710 2.8286 2.9953e-05
711 2.82852 2.98052e-05
712 2.82843 2.96581e-05
713 2.82835 2.95117e-05
714 2.82827 2.9366e-05
715 2.82819 2.9221e-05
716 2.8281 2.90768e-05
717 2.82802 2.89332e-05
718 2.82794 2.87904e-05
719 2.82786 2.86482e-05
720 2.82778 2.85067e-05
721 2.8277 2.8366e-05
722 2.82762 2.82259e-05
723 2.82754 2.80865e-05
724 2.82746 2.79477e-05
725 2.82738 2.78097e-05
726 2.8273 2.76723e-05
727 2.82723 2.75356e-05
728 2.82715 2.73996e-05
729 2.82707 2.72642e-05
730 2.82699 2.71295e-05
731 2.82692 2.69954e-05
732 2.82684 2.6862e-05
733 2.82677 2.67292e-05
734 2.82669 2.65971e-05
735 2.82662 2.64657e-05
736 2.82654 2.63348e-05
737 2.82647 2.62047e-05
738 2.82639 2.60751e-05
739 2.82632 2.59462e-05
740 2.82625 2.58179e-05
741 2.82617 2.56902e-05
742 2.8261 2.55632e-05
743 2.82603 2.54368e-05
744 2.82596 2.5311e-05
745 2.82589 2.51858e-05
746 2.82582 2.50612e-05
747 2.82575 2.49373e-05
748 2.82568 2.48139e-05
749 2.82561 2.46911e-05
750 2.82554 2.4569e-05
751 2.82547 2.44474e-05
752 2.8254 2.43265e-05
753 2.82533 2.42061e-05
754 2.82526 2.40863e-05
755 2.8252 2.39671e-05
756 2.82513 2.38485e-05
757 2.82506 2.37305e-05
758 2.82499 2.3613e-05
759 2.82493 2.34961e-05
760 2.82486 2.33798e-05
761 2.8248 2.3264e-05
762 2.82473 2.31489e-05
763 2.82467 2.30342e-05
764 2.8246 2.29202e-05
765 2.82454 2.28067e-05
766 2.82447 2.26938e-05
767 2.82441 2.25814e-05
768 2.82435 2.24695e-05
769 2.82428 2.23582e-05
770 2.82422 2.22475e-05
771 2.82416 2.21373e-05
772 2.82409 2.20276e-05
773 2.82403 2.19185e-05
774 2.82397 2.18099e-05
775 2.82391 2.17018e-05
776 2.82385 2.15943e-05
777 2.82379 2.14873e-05
778 2.82373 2.13808e-05
779 2.82367 2.12749e-05
780 2.82361 2.11694e-05
781 2.82355 2.10645e-05
782 2.82349 2.09601e-05
783 2.82343 2.08562e-05
784 2.82337 2.07528e-05
785 2.82331 2.06499e-05
786 2.82326 2.05475e-05
787 2.8232 2.04456e-05
788 2.82314 2.03443e-05
789 2.82308 2.02434e-05
790 2.82303 2.0143e-05
791 2.82297 2.00431e-05
792 2.82291 1.99437e-05
793 2.82286 1.98448e-05
794 2.8228 1.97464e-05
795 2.82275 1.96484e-05
796 2.82269 1.95509e-05
797 2.82264 1.94539e-05
798 2.82258 1.93574e-05
799 2.82253 1.92614e-05
800 2.82247 1.91658e-05
801 2.82242 1.90707e-05
802 2.82237 1.89761e-05
803 2.82231 1.88819e-05
804 2.82226 1.87882e-05
805 2.82221 1.8695e-05
806 2.82215 1.86022e-05
807 2.8221 1.85098e-05
808 2.82205 1.84179e-05
809 2.822 1.83265e-05
810 2.82195 1.82355e-05
811 2.8219 1.8145e-05
812 2.82184 1.80549e-05
813 2.82179 1.79653e-05
814 2.82174 1.7876e-05
815 2.82169 1.77873e-05
816 2.82164 1.76989e-05
817 2.82159 1.7611e-05
818 2.82154 1.75236e-05
819 2.82149 1.74365e-05
820 2.82145 1.73499e-05
821 2.8214 1.72637e-05
822 2.82135 1.7178e-05
823 2.8213 1.70926e-05
824 2.82125 1.70077e-05
825 2.8212 1.69232e-05
826 2.82116 1.68391e-05
827 2.82111 1.67555e-05
828 2.82106 1.66722e-05
829 2.82102 1.65893e-05
830 2.82097 1.65069e-05
831 2.82092 1.64248e-05
832 2.82088 1.63432e-05
833 2.82083 1.6262e-05
834 2.82079 1.61811e-05
835 2.82074 1.61007e-05
836 2.8207 1.60207e-05
837 2.82065 1.5941e-05
838 2.82061 1.58617e-05
839 2.82056 1.57829e-05
840 2.82052 1.57044e-05
841 2.82047 1.56263e-05
842 2.82043 1.55486e-05
843 2.82038 1.54713e-05
844 2.82034 1.53943e-05
845 2.8203 1.53177e-05
846 2.82026 1.52416e-05
847 2.82021 1.51657e-05
848 2.82017 1.50903e-05
849 2.82013 1.50152e-05
850 2.82009 1.49405e-05
851 2.82004 1.48662e-05
852 2.82 1.47922e-05
853 2.81996 1.47186e-05
854 2.81992 1.46454e-05
855 2.81988 1.45725e-05
856 2.81984 1.45e-05
857 2.8198 1.44278e-05
858 2.81976 1.4356e-05
859 2.81972 1.42845e-05
860 2.81968 1.42134e-05
861 2.81964 1.41427e-05
862 2.8196 1.40723e-05
863 2.81956 1.40022e-05
864 2.81952 1.39325e-05
865 2.81948 1.38631e-05
866 2.81944 1.37941e-05
867 2.8194 1.37254e-05
868 2.81936 1.36571e-05
869 2.81932 1.3589e-05
870 2.81929 1.35214e-05
871 2.81925 1.3454e-05
872 2.81921 1.3387e-05
873 2.81917 1.33203e-05
874 2.81914 1.3254e-05
875 2.8191 1.31879e-05
876 2.81906 1.31222e-05
877 2.81902 1.30569e-05
878 2.81899 1.29918e-05
879 2.81895 1.29271e-05
880 2.81891 1.28627e-05
881 2.81888 1.27986e-05
882 2.81884 1.27348e-05
883 2.81881 1.26713e-05
884 2.81877 1.26082e-05
885 2.81874 1.25453e-05
886 2.8187 1.24828e-05
887 2.81867 1.24206e-05
888 2.81863 1.23587e-05
889 2.8186 1.2297e-05
890 2.81856 1.22357e-05
891 2.81853 1.21747e-05
892 2.81849 1.2114e-05
893 2.81846 1.20536e-05
894 2.81843 1.19935e-05
895 2.81839 1.19337e-05
896 2.81836 1.18742e-05
897 2.81833 1.1815e-05
898 2.81829 1.1756e-05
899 2.81826 1.16974e-05
900 2.81823 1.16391e-05
901 2.81819 1.1581e-05
902 2.81816 1.15232e-05
903 2.81813 1.14657e-05
904 2.8181 1.14085e-05
905 2.81806 1.13516e-05
906 2.81803 1.1295e-05
907 2.818 1.12386e-05
908 2.81797 1.11825e-05
909 2.81794 1.11267e-05
910 2.81791 1.10712e-05
911 2.81788 1.10159e-05
912 2.81785 1.0961e-05
913 2.81781 1.09063e-05
914 2.81778 1.08518e-05
915 2.81775 1.07976e-05
916 2.81772 1.07437e-05
917 2.81769 1.06901e-05
918 2.81766 1.06367e-05
919 2.81763 1.05836e-05
920 2.8176 1.05308e-05
921 2.81757 1.04782e-05
922 2.81754 1.04259e-05
923 2.81752 1.03738e-05
924 2.81749 1.0322e-05
925 2.81746 1.02704e-05
926 2.81743 1.02191e-05
927 2.8174 1.01681e-05
928 2.81737 1.01173e-05
929 2.81734 1.00668e-05
930 2.81732 1.00165e-05
931 2.81729 9.96643e-06
932 2.81726 9.91663e-06
933 2.81723 9.86708e-06
934 2.8172 9.81778e-06
935 2.81718 9.76872e-06
936 2.81715 9.7199e-06
937 2.81712 9.67132e-06
938 2.81709 9.62299e-06
939 2.81707 9.57489e-06
940 2.81704 9.52703e-06
941 2.81701 9.47941e-06
942 2.81699 9.43203e-06
943 2.81696 9.38487e-06
944 2.81693 9.33795e-06
945 2.81691 9.29127e-06
946 2.81688 9.24481e-06
947 2.81686 9.19859e-06
948 2.81683 9.15259e-06
949 2.81681 9.10682e-06
950 2.81678 9.06128e-06
951 2.81675 9.01596e-06
952 2.81673 8.97087e-06
953 2.8167 8.926e-06
954 2.81668 8.88135e-06
955 2.81665 8.83692e-06
956 2.81663 8.79272e-06
957 2.8166 8.74873e-06
958 2.81658 8.70496e-06
959 2.81656 8.6614e-06
960 2.81653 8.61807e-06
961 2.81651 8.57494e-06
962 2.81648 8.53203e-06
963 2.81646 8.48934e-06
964 2.81644 8.44685e-06
965 2.81641 8.40458e-06
966 2.81639 8.36251e-06
967 2.81636 8.32065e-06
968 2.81634 8.279e-06
969 2.81632 8.23756e-06
970 2.8163 8.19632e-06
971 2.81627 8.15528e-06
972 2.81625 8.11445e-06
973 2.81623 8.07382e-06
974 2.8162 8.0334e-06
975 2.81618 7.99317e-06
976 2.81616 7.95314e-06
977 2.81614 7.91331e-06
978 2.81611 7.87368e-06
979 2.81609 7.83424e-06
980 2.81607 7.795e-06
981 2.81605 7.75596e-06
982 2.81603 7.7171e-06
983 2.81601 7.67844e-06
984 2.81598 7.63998e-06
985 2.81596 7.6017e-06
986 2.81594 7.56361e-06
987 2.81592 7.52571e-06
988 2.8159 7.488e-06
989 2.81588 7.45048e-06
990 2.81586 7.41314e-06
991 2.81584 7.37598e-06
992 2.81582 7.33902e-06
993 2.81579 7.30223e-06
994 2.81577 7.26563e-06
995 2.81575 7.2292e-06
996 2.81573 7.19296e-06
997 2.81571 7.1569e-06
998 2.81569 7.12102e-06
999 2.81567 7.08532e-06
1000 2.81565 7.04979e-06
1001 2.81563 7.01444e-06
1002 2.81561 6.97926e-06
1003 2.81559 6.94426e-06
1004 2.81558 6.90943e-06
1005 2.81556 6.87478e-06
1006 2.81554 6.84029e-06
1007 2.81552 6.80598e-06
1008 2.8155 6.77184e-06
1009 2.81548 6.73787e-06
1010 2.81546 6.70407e-06
1011 2.81544 6.67043e-06
1012 2.81542 6.63696e-06
1013 2.8154 6.60366e-06
1014 2.81539 6.57052e-06
1015 2.81537 6.53755e-06
1016 2.81535 6.50474e-06
1017 2.81533 6.47209e-06
1018 2.81531 6.43961e-06
1019 2.8153 6.40728e-06
1020 2.81528 6.37512e-06
1021 2.81526 6.34312e-06
1022 2.81524 6.31127e-06
1023 2.81522 6.27959e-06
1024 2.81521 6.24806e-06
1025 2.81519 6.21669e-06
1026 2.81517 6.18547e-06
1027 2.81515 6.15441e-06
1028 2.81514 6.1235e-06
1029 2.81512 6.09275e-06
1030 2.8151 6.06215e-06
1031 2.81509 6.0317e-06
1032 2.81507 6.0014e-06
1033 2.81505 5.97125e-06
1034 2.81504 5.94126e-06
1035 2.81502 5.91141e-06
1036 2.815 5.88171e-06
1037 2.81499 5.85215e-06
1038 2.81497 5.82275e-06
1039 2.81495 5.79349e-06
1040 2.81494 5.76437e-06
1041 2.81492 5.7354e-06
1042 2.8149 5.70658e-06
1043 2.81489 5.6779e-06
1044 2.81487 5.64936e-06
1045 2.81486 5.62096e-06
1046 2.81484 5.5927e-06
1047 2.81483 5.56458e-06
1048 2.81481 5.53661e-06
1049 2.81479 5.50877e-06
1050 2.81478 5.48107e-06
1051 2.81476 5.45351e-06
1052 2.81475 5.42608e-06
1053 2.81473 5.3988e-06
1054 2.81472 5.37164e-06
1055 2.8147 5.34462e-06
1056 2.81469 5.31774e-06
1057 2.81467 5.29099e-06
1058 2.81466 5.26437e-06
1059 2.81464 5.23789e-06
1060 2.81463 5.21154e-06
1061 2.81461 5.18532e-06
1062 2.8146 5.15922e-06
1063 2.81459 5.13326e-06
1064 2.81457 5.10743e-06
1065 2.81456 5.08173e-06
1066 2.81454 5.05615e-06
1067 2.81453 5.0307e-06
1068 2.81451 5.00538e-06
1069 2.8145 4.98018e-06
1070 2.81449 4.95511e-06
1071 2.81447 4.93017e-06
1072 2.81446 4.90534e-06
1073 2.81444 4.88064e-06
1074 2.81443 4.85607e-06
1075 2.81442 4.83162e-06
1076 2.8144 4.80728e-06
1077 2.81439 4.78307e-06
1078 2.81438 4.75898e-06
1079 2.81436 4.73501e-06
1080 2.81435 4.71116e-06
1081 2.81434 4.68743e-06
1082 2.81432 4.66381e-06
1083 2.81431 4.64032e-06
1084 2.8143 4.61694e-06
1085 2.81429 4.59367e-06
1086 2.81427 4.57053e-06
1087 2.81426 4.54749e-06
1088 2.81425 4.52458e-06
1089 2.81423 4.50177e-06
1090 2.81422 4.47908e-06
1091 2.81421 4.45651e-06
1092 2.8142 4.43404e-06
1093 2.81418 4.41169e-06
1094 2.81417 4.38945e-06
1095 2.81416 4.36732e-06
1096 2.81415 4.3453e-06
1097 2.81413 4.32338e-06
1098 2.81412 4.30158e-06
1099 2.81411 4.27989e-06
1100 2.8141 4.2583e-06
1101 2.81409 4.23683e-06
1102 2.81407 4.21546e-06
1103 2.81406 4.19419e-06
1104 2.81405 4.17303e-06
1105 2.81404 4.15198e-06
1106 2.81403 4.13103e-06
1107 2.81402 4.11019e-06
1108 2.81401 4.08945e-06
1109 2.81399 4.06881e-06
1110 2.81398 4.04828e-06
1111 2.81397 4.02785e-06
1112 2.81396 4.00752e-06
1113 2.81395 3.98729e-06
1114 2.81394 3.96716e-06
1115 2.81393 3.94714e-06
1116 2.81392 3.92721e-06
1117 2.8139 3.90738e-06
1118 2.81389 3.88765e-06
1119 2.81388 3.86802e-06
1120 2.81387 3.84849e-06
1121 2.81386 3.82905e-06
1122 2.81385 3.80971e-06
1123 2.81384 3.79047e-06
1124 2.81383 3.77132e-06
1125 2.81382 3.75227e-06
1126 2.81381 3.73332e-06
1127 2.8138 3.71446e-06
1128 2.81379 3.69569e-06
1129 2.81378 3.67702e-06
1130 2.81377 3.65844e-06
1131 2.81376 3.63995e-06
1132 2.81375 3.62155e-06
1133 2.81374 3.60325e-06
1134 2.81373 3.58503e-06
1135 2.81372 3.56691e-06
1136 2.81371 3.54888e-06
1137 2.8137 3.53094e-06
1138 2.81369 3.51309e-06
1139 2.81368 3.49532e-06
1140 2.81367 3.47765e-06
1141 2.81366 3.46006e-06
1142 2.81365 3.44257e-06
1143 2.81364 3.42515e-06
1144 2.81363 3.40783e-06
1145 2.81362 3.39059e-06
1146 2.81361 3.37344e-06
1147 2.8136 3.35637e-06
1148 2.81359 3.33939e-06
1149 2.81358 3.3225e-06
1150 2.81357 3.30569e-06
1151 2.81356 3.28896e-06
1152 2.81355 3.27231e-06
1153 2.81354 3.25575e-06
1154 2.81353 3.23927e-06
1155 2.81352 3.22288e-06
1156 2.81352 3.20656e-06
1157 2.81351 3.19033e-06
1158 2.8135 3.17418e-06
1159 2.81349 3.1581e-06
1160 2.81348 3.14211e-06
1161 2.81347 3.1262e-06
1162 2.81346 3.11037e-06
1163 2.81345 3.09462e-06
1164 2.81345 3.07894e-06
1165 2.81344 3.06335e-06
1166 2.81343 3.04783e-06
1167 2.81342 3.03239e-06
1168 2.81341 3.01702e-06
1169 2.8134 3.00174e-06
1170 2.81339 2.98653e-06
1171 2.81339 2.97139e-06
1172 2.81338 2.95633e-06
1173 2.81337 2.94135e-06
1174 2.81336 2.92644e-06
1175 2.81335 2.91161e-06
1176 2.81334 2.89685e-06
1177 2.81334 2.88216e-06
1178 2.81333 2.86755e-06
1179 2.81332 2.85301e-06
1180 2.81331 2.83854e-06
1181 2.8133 2.82415e-06
1182 2.8133 2.80982e-06
1183 2.81329 2.79557e-06
1184 2.81328 2.78139e-06
1185 2.81327 2.76728e-06
1186 2.81327 2.75324e-06
1187 2.81326 2.73927e-06
1188 2.81325 2.72538e-06
1189 2.81324 2.71155e-06
1190 2.81323 2.69779e-06
1191 2.81323 2.68409e-06
1192 2.81322 2.67047e-06
1193 2.81321 2.65692e-06
1194 2.8132 2.64343e-06
1195 2.8132 2.63001e-06
1196 2.81319 2.61666e-06
1197 2.81318 2.60337e-06
1198 2.81318 2.59015e-06
1199 2.81317 2.577e-06
1200 2.81316 2.56391e-06
1201 2.81315 2.55089e-06
1202 2.81315 2.53793e-06
1203 2.81314 2.52504e-06
1204 2.81313 2.51221e-06
1205 2.81313 2.49945e-06
1206 2.81312 2.48675e-06
1207 2.81311 2.47411e-06
1208 2.8131 2.46154e-06
1209 2.8131 2.44903e-06
1210 2.81309 2.43658e-06
1211 2.81308 2.4242e-06
1212 2.81308 2.41188e-06
1213 2.81307 2.39962e-06
1214 2.81306 2.38742e-06
1215 2.81306 2.37528e-06
1216 2.81305 2.3632e-06
1217 2.81304 2.35118e-06
1218 2.81304 2.33922e-06
1219 2.81303 2.32733e-06
1220 2.81302 2.31549e-06
1221 2.81302 2.30371e-06
1222 2.81301 2.29199e-06
1223 2.81301 2.28033e-06
1224 2.813 2.26872e-06
1225 2.81299 2.25718e-06
1226 2.81299 2.24569e-06
1227 2.81298 2.23426e-06
1228 2.81297 2.22289e-06
1229 2.81297 2.21158e-06
1230 2.81296 2.20032e-06
1231 2.81295 2.18911e-06
1232 2.81295 2.17797e-06
1233 2.81294 2.16688e-06
1234 2.81294 2.15584e-06
1235 2.81293 2.14486e-06
1236 2.81292 2.13394e-06
1237 2.81292 2.12307e-06
1238 2.81291 2.11226e-06
1239 2.81291 2.10149e-06
1240 2.8129 2.09079e-06
1241 2.81289 2.08013e-06
1242 2.81289 2.06953e-06
1243 2.81288 2.05899e-06
1244 2.81288 2.04849e-06
1245 2.81287 2.03805e-06
1246 2.81287 2.02766e-06
1247 2.81286 2.01732e-06
1248 2.81285 2.00704e-06
1249 2.81285 1.99681e-06
1250 2.81284 1.98662e-06
1251 2.81284 1.97649e-06
1252 2.81283 1.96641e-06
1253 2.81283 1.95638e-06
1254 2.81282 1.9464e-06
1255 2.81282 1.93647e-06
1256 2.81281 1.92659e-06
1257 2.81281 1.91676e-06
1258 2.8128 1.90698e-06
1259 2.81279 1.89725e-06
1260 2.81279 1.88756e-06
1261 2.81278 1.87793e-06
1262 2.81278 1.86834e-06
1263 2.81277 1.8588e-06
1264 2.81277 1.84931e-06
1265 2.81276 1.83987e-06
1266 2.81276 1.83048e-06
1267 2.81275 1.82113e-06
1268 2.81275 1.81183e-06
1269 2.81274 1.80257e-06
1270 2.81274 1.79336e-06
1271 2.81273 1.7842e-06
1272 2.81273 1.77508e-06
1273 2.81272 1.76601e-06
1274 2.81272 1.75699e-06
1275 2.81271 1.74801e-06
1276 2.81271 1.73907e-06
1277 2.8127 1.73018e-06
1278 2.8127 1.72134e-06
1279 2.81269 1.71254e-06
1280 2.81269 1.70378e-06
1281 2.81268 1.69507e-06
1282 2.81268 1.6864e-06
1283 2.81267 1.67778e-06
1284 2.81267 1.66919e-06
1285 2.81267 1.66065e-06
1286 2.81266 1.65216e-06
1287 2.81266 1.64371e-06
1288 2.81265 1.63529e-06
1289 2.81265 1.62693e-06
1290 2.81264 1.6186e-06
1291 2.81264 1.61031e-06
1292 2.81263 1.60207e-06
1293 2.81263 1.59387e-06
1294 2.81262 1.58571e-06
1295 2.81262 1.57759e-06
1296 2.81262 1.56951e-06
1297 2.81261 1.56147e-06
1298 2.81261 1.55347e-06
1299 2.8126 1.54552e-06
1300 2.8126 1.5376e-06
1301 2.81259 1.52972e-06
1302 2.81259 1.52188e-06
1303 2.81258 1.51408e-06
1304 2.81258 1.50632e-06
1305 2.81258 1.4986e-06
1306 2.81257 1.49092e-06
1307 2.81257 1.48328e-06
1308 2.81256 1.47567e-06
1309 2.81256 1.46811e-06
1310 2.81256 1.46058e-06
1311 2.81255 1.45309e-06
1312 2.81255 1.44563e-06
1313 2.81254 1.43822e-06
1314 2.81254 1.43084e-06
1315 2.81254 1.4235e-06
1316 2.81253 1.41619e-06
1317 2.81253 1.40893e-06
1318 2.81252 1.4017e-06
1319 2.81252 1.3945e-06
1320 2.81252 1.38734e-06
1321 2.81251 1.38022e-06
1322 2.81251 1.37313e-06
1323 2.8125 1.36608e-06
1324 2.8125 1.35907e-06
1325 2.8125 1.35209e-06
1326 2.81249 1.34514e-06
1327 2.81249 1.33823e-06
1328 2.81249 1.33136e-06
1329 2.81248 1.32452e-06
1330 2.81248 1.31771e-06
1331 2.81247 1.31094e-06
1332 2.81247 1.3042e-06
1333 2.81247 1.29749e-06
1334 2.81246 1.29082e-06
1335 2.81246 1.28419e-06
1336 2.81246 1.27758e-06
1337 2.81245 1.27101e-06
1338 2.81245 1.26448e-06
1339 2.81245 1.25797e-06
1340 2.81244 1.2515e-06
1341 2.81244 1.24506e-06
1342 2.81243 1.23866e-06
1343 2.81243 1.23228e-06
1344 2.81243 1.22594e-06
1345 2.81242 1.21963e-06
1346 2.81242 1.21335e-06
1347 2.81242 1.20711e-06
1348 2.81241 1.20089e-06
1349 2.81241 1.19471e-06
1350 2.81241 1.18855e-06
1351 2.8124 1.18243e-06
1352 2.8124 1.17634e-06
1353 2.8124 1.17028e-06
1354 2.81239 1.16425e-06
1355 2.81239 1.15825e-06
1356 2.81239 1.15228e-06
1357 2.81238 1.14634e-06
1358 2.81238 1.14043e-06
1359 2.81238 1.13456e-06
1360 2.81238 1.12871e-06
1361 2.81237 1.12289e-06
1362 2.81237 1.1171e-06
1363 2.81237 1.11133e-06
1364 2.81236 1.1056e-06
1365 2.81236 1.0999e-06
1366 2.81236 1.09422e-06
1367 2.81235 1.08858e-06
1368 2.81235 1.08296e-06
1369 2.81235 1.07737e-06
1370 2.81234 1.07181e-06
1371 2.81234 1.06628e-06
1372 2.81234 1.06077e-06
1373 2.81234 1.05529e-06
1374 2.81233 1.04984e-06
1375 2.81233 1.04442e-06
1376 2.81233 1.03903e-06
1377 2.81232 1.03366e-06
1378 2.81232 1.02832e-06
1379 2.81232 1.023e-06
1380 2.81231 1.01772e-06
1381 2.81231 1.01246e-06
1382 2.81231 1.00722e-06
1383 2.81231 1.00201e-06
1384 2.8123 9.96834e-07
1385 2.8123 9.91679e-07
1386 2.8123 9.8655e-07
1387 2.8123 9.81448e-07
1388 2.81229 9.7637e-07
1389 2.81229 9.71319e-07
1390 2.81229 9.66293e-07
1391 2.81228 9.61292e-07
1392 2.81228 9.56317e-07
1393 2.81228 9.51367e-07
1394 2.81228 9.46442e-07
1395 2.81227 9.41541e-07
1396 2.81227 9.36666e-07
1397 2.81227 9.31815e-07
1398 2.81227 9.26988e-07
1399 2.81226 9.22186e-07
1400 2.81226 9.17408e-07
1401 2.81226 9.12655e-07
1402 2.81226 9.07925e-07
1403 2.81225 9.03219e-07
1404 2.81225 8.98537e-07
1405 2.81225 8.93879e-07
1406 2.81225 8.89244e-07
1407 2.81224 8.84633e-07
1408 2.81224 8.80045e-07
1409 2.81224 8.7548e-07
1410 2.81224 8.70939e-07
1411 2.81223 8.6642e-07
1412 2.81223 8.61924e-07
1413 2.81223 8.57451e-07
1414 2.81223 8.53e-07
1415 2.81222 8.48572e-07
1416 2.81222 8.44167e-07
1417 2.81222 8.39783e-07
1418 2.81222 8.35422e-07
1419 2.81221 8.31083e-07
1420 2.81221 8.26766e-07
1421 2.81221 8.22471e-07
1422 2.81221 8.18197e-07
1423 2.8122 8.13945e-07
1424 2.8122 8.09715e-07
1425 2.8122 8.05506e-07
1426 2.8122 8.01318e-07
1427 2.8122 7.97151e-07
1428 2.81219 7.93006e-07
1429 2.81219 7.88881e-07
1430 2.81219 7.84778e-07
1431 2.81219 7.80695e-07
1432 2.81218 7.76633e-07
1433 2.81218 7.72591e-07
1434 2.81218 7.6857e-07
1435 2.81218 7.6457e-07
1436 2.81218 7.60589e-07
1437 2.81217 7.56629e-07
1438 2.81217 7.52689e-07
1439 2.81217 7.48768e-07
1440 2.81217 7.44868e-07
1441 2.81217 7.40987e-07
1442 2.81216 7.37126e-07
1443 2.81216 7.33285e-07
1444 2.81216 7.29463e-07
1445 2.81216 7.2566e-07
1446 2.81216 7.21877e-07
1447 2.81215 7.18113e-07
1448 2.81215 7.14368e-07
1449 2.81215 7.10642e-07
1450 2.81215 7.06935e-07
1451 2.81215 7.03246e-07
1452 2.81214 6.99577e-07
1453 2.81214 6.95925e-07
1454 2.81214 6.92293e-07
1455 2.81214 6.88679e-07
1456 2.81214 6.85083e-07
1457 2.81213 6.81505e-07
1458 2.81213 6.77946e-07
1459 2.81213 6.74405e-07
1460 2.81213 6.70881e-07
1461 2.81213 6.67376e-07
1462 2.81212 6.63888e-07
1463 2.81212 6.60418e-07
1464 2.81212 6.56965e-07
1465 2.81212 6.5353e-07
1466 2.81212 6.50113e-07
1467 2.81212 6.46713e-07
1468 2.81211 6.4333e-07
1469 2.81211 6.39964e-07
1470 2.81211 6.36616e-07
1471 2.81211 6.33284e-07
1472 2.81211 6.29969e-07
1473 2.8121 6.26671e-07
1474 2.8121 6.2339e-07
1475 2.8121 6.20126e-07
1476 2.8121 6.16878e-07
1477 2.8121 6.13647e-07
1478 2.8121 6.10432e-07
1479 2.81209 6.07233e-07
1480 2.81209 6.04051e-07
1481 2.81209 6.00884e-07
1482 2.81209 5.97734e-07
1483 2.81209 5.946e-07
1484 2.81209 5.91482e-07
1485 2.81208 5.8838e-07
1486 2.81208 5.85293e-07
1487 2.81208 5.82222e-07
1488 2.81208 5.79167e-07
1489 2.81208 5.76127e-07
1490 2.81208 5.73103e-07
1491 2.81207 5.70094e-07
1492 2.81207 5.671e-07
1493 2.81207 5.64122e-07
1494 2.81207 5.61159e-07
1495 2.81207 5.58211e-07
1496 2.81207 5.55278e-07
1497 2.81206 5.52359e-07
1498 2.81206 5.49456e-07
1499 2.81206 5.46567e-07
1500 2.81206 5.43693e-07
1501 2.81206 5.40834e-07
1502 2.81206 5.37989e-07
1503 2.81206 5.35159e-07
1504 2.81205 5.32343e-07
1505 2.81205 5.29542e-07
1506 2.81205 5.26754e-07
1507 2.81205 5.23981e-07
1508 2.81205 5.21222e-07
1509 2.81205 5.18477e-07
1510 2.81205 5.15747e-07
1511 2.81204 5.1303e-07
1512 2.81204 5.10326e-07
1513 2.81204 5.07637e-07
1514 2.81204 5.04961e-07
1515 2.81204 5.02299e-07
1516 2.81204 4.99651e-07
1517 2.81204 4.97016e-07
1518 2.81203 4.94394e-07
1519 2.81203 4.91786e-07
1520 2.81203 4.89191e-07
1521 2.81203 4.86609e-07
1522 2.81203 4.84041e-07
1523 2.81203 4.81485e-07
1524 2.81203 4.78943e-07
1525 2.81202 4.76413e-07
1526 2.81202 4.73897e-07
1527 2.81202 4.71393e-07
1528 2.81202 4.68902e-07
1529 2.81202 4.66424e-07
1530 2.81202 4.63958e-07
1531 2.81202 4.61505e-07
1532 2.81202 4.59065e-07
1533 2.81201 4.56637e-07
1534 2.81201 4.54221e-07
1535 2.81201 4.51818e-07
1536 2.81201 4.49426e-07
1537 2.81201 4.47048e-07
1538 2.81201 4.44681e-07
1539 2.81201 4.42326e-07
1540 2.81201 4.39983e-07
1541 2.812 4.37653e-07
1542 2.812 4.35334e-07
1543 2.812 4.33027e-07
1544 2.812 4.30732e-07
1545 2.812 4.28449e-07
1546 2.812 4.26177e-07
1547 2.812 4.23917e-07
1548 2.812 4.21668e-07
1549 2.81199 4.19431e-07
1550 2.81199 4.17205e-07
1551 2.81199 4.14991e-07
1552 2.81199 4.12788e-07
1553 2.81199 4.10596e-07
1554 2.81199 4.08416e-07
1555 2.81199 4.06246e-07
1556 2.81199 4.04088e-07
1557 2.81199 4.01941e-07
1558 2.81198 3.99804e-07
1559 2.81198 3.97679e-07
1560 2.81198 3.95565e-07
1561 2.81198 3.93461e-07
1562 2.81198 3.91368e-07
1563 2.81198 3.89286e-07
1564 2.81198 3.87214e-07
1565 2.81198 3.85153e-07
1566 2.81198 3.83103e-07
1567 2.81197 3.81063e-07
1568 2.81197 3.79033e-07
1569 2.81197 3.77014e-07
1570 2.81197 3.75006e-07
1571 2.81197 3.73007e-07
1572 2.81197 3.71019e-07
1573 2.81197 3.69041e-07
1574 2.81197 3.67073e-07
1575 2.81197 3.65115e-07
1576 2.81196 3.63167e-07
1577 2.81196 3.6123e-07
1578 2.81196 3.59302e-07
1579 2.81196 3.57384e-07
1580 2.81196 3.55475e-07
1581 2.81196 3.53577e-07
1582 2.81196 3.51688e-07
1583 2.81196 3.49809e-07
1584 2.81196 3.4794e-07
1585 2.81196 3.4608e-07
1586 2.81195 3.4423e-07
1587 2.81195 3.42389e-07
1588 2.81195 3.40558e-07
1589 2.81195 3.38736e-07
1590 2.81195 3.36923e-07
1591 2.81195 3.3512e-07
1592 2.81195 3.33326e-07
1593 2.81195 3.31541e-07
1594 2.81195 3.29765e-07
1595 2.81195 3.27999e-07
1596 2.81195 3.26241e-07
1597 2.81194 3.24493e-07
1598 2.81194 3.22753e-07
1599 2.81194 3.21023e-07
1600 2.81194 3.19301e-07
1601 2.81194 3.17588e-07
1602 2.81194 3.15884e-07
1603 2.81194 3.14189e-07
1604 2.81194 3.12502e-07
1605 2.81194 3.10824e-07
1606 2.81194 3.09155e-07
1607 2.81194 3.07494e-07
1608 2.81193 3.05842e-07
1609 2.81193 3.04198e-07
1610 2.81193 3.02563e-07
1611 2.81193 3.00936e-07
1612 2.81193 2.99318e-07
1613 2.81193 2.97708e-07
1614 2.81193 2.96106e-07
1615 2.81193 2.94512e-07
1616 2.81193 2.92927e-07
1617 2.81193 2.91349e-07
1618 2.81193 2.8978e-07
1619 2.81193 2.88219e-07
1620 2.81192 2.86666e-07
1621 2.81192 2.85121e-07
1622 2.81192 2.83584e-07
1623 2.81192 2.82055e-07
1624 2.81192 2.80533e-07
1625 2.81192 2.7902e-07
1626 2.81192 2.77514e-07
1627 2.81192 2.76016e-07
1628 2.81192 2.74526e-07
1629 2.81192 2.73043e-07
1630 2.81192 2.71568e-07
1631 2.81192 2.70101e-07
1632 2.81192 2.68641e-07
1633 2.81191 2.67189e-07
1634 2.81191 2.65744e-07
1635 2.81191 2.64307e-07
1636 2.81191 2.62877e-07
1637 2.81191 2.61454e-07
1638 2.81191 2.60039e-07
1639 2.81191 2.58631e-07
1640 2.81191 2.5723e-07
1641 2.81191 2.55837e-07
1642 2.81191 2.54451e-07
1643 2.81191 2.53072e-07
1644 2.81191 2.517e-07
1645 2.81191 2.50335e-07
1646 2.81191 2.48977e-07
1647 2.8119 2.47626e-07
1648 2.8119 2.46282e-07
1649 2.8119 2.44945e-07
1650 2.8119 2.43615e-07
1651 2.8119 2.42292e-07
1652 2.8119 2.40976e-07
1653 2.8119 2.39666e-07
1654 2.8119 2.38363e-07
1655 2.8119 2.37067e-07
1656 2.8119 2.35778e-07
1657 2.8119 2.34495e-07
1658 2.8119 2.33219e-07
1659 2.8119 2.3195e-07
1660 2.8119 2.30687e-07
1661 2.8119 2.2943e-07
1662 2.81189 2.2818e-07
1663 2.81189 2.26937e-07
1664 2.81189 2.257e-07
1665 2.81189 2.24469e-07
1666 2.81189 2.23245e-07
1667 2.81189 2.22027e-07
1668 2.81189 2.20816e-07
1669 2.81189 2.1961e-07
1670 2.81189 2.18411e-07
1671 2.81189 2.17218e-07
1672 2.81189 2.16032e-07
1673 2.81189 2.14851e-07
1674 2.81189 2.13677e-07
1675 2.81189 2.12508e-07
1676 2.81189 2.11346e-07
1677 2.81189 2.1019e-07
1678 2.81188 2.09039e-07
1679 2.81188 2.07895e-07
1680 2.81188 2.06757e-07
1681 2.81188 2.05624e-07
1682 2.81188 2.04497e-07
1683 2.81188 2.03377e-07
1684 2.81188 2.02262e-07
1685 2.81188 2.01152e-07
1686 2.81188 2.00049e-07
1687 2.81188 1.98951e-07
1688 2.81188 1.97859e-07
1689 2.81188 1.96773e-07
1690 2.81188 1.95692e-07
1691 2.81188 1.94617e-07
1692 2.81188 1.93547e-07
1693 2.81188 1.92483e-07
1694 2.81188 1.91425e-07
1695 2.81188 1.90372e-07
1696 2.81187 1.89324e-07
1697 2.81187 1.88282e-07
1698 2.81187 1.87245e-07
1699 2.81187 1.86214e-07
1700 2.81187 1.85188e-07
1701 2.81187 1.84168e-07
1702 2.81187 1.83152e-07
1703 2.81187 1.82142e-07
1704 2.81187 1.81138e-07
1705 2.81187 1.80138e-07
1706 2.81187 1.79144e-07
1707 2.81187 1.78154e-07
1708 2.81187 1.7717e-07
1709 2.81187 1.76192e-07
1710 2.81187 1.75218e-07
1711 2.81187 1.74249e-07
1712 2.81187 1.73285e-07
1713 2.81187 1.72327e-07
1714 2.81187 1.71373e-07
1715 2.81187 1.70424e-07
1716 2.81186 1.6948e-07
1717 2.81186 1.68541e-07
1718 2.81186 1.67607e-07
1719 2.81186 1.66678e-07
1720 2.81186 1.65754e-07
1721 2.81186 1.64834e-07
1722 2.81186 1.6392e-07
1723 2.81186 1.6301e-07
1724 2.81186 1.62105e-07
1725 2.81186 1.61204e-07
1726 2.81186 1.60308e-07
1727 2.81186 1.59417e-07
1728 2.81186 1.58531e-07
1729 2.81186 1.57649e-07
1730 2.81186 1.56772e-07
1731 2.81186 1.55899e-07
1732 2.81186 1.55031e-07
1733 2.81186 1.54168e-07
1734 2.81186 1.53309e-07
1735 2.81186 1.52454e-07
1736 2.81186 1.51604e-07
1737 2.81186 1.50758e-07
1738 2.81185 1.49917e-07
1739 2.81185 1.4908e-07
1740 2.81185 1.48248e-07
1741 2.81185 1.47419e-07
1742 2.81185 1.46596e-07
1743 2.81185 1.45776e-07
1744 2.81185 1.44961e-07
1745 2.81185 1.4415e-07
1746 2.81185 1.43343e-07
1747 2.81185 1.42541e-07
1748 2.81185 1.41743e-07
1749 2.81185 1.40948e-07
1750 2.81185 1.40158e-07
1751 2.81185 1.39373e-07
1752 2.81185 1.38591e-07
1753 2.81185 1.37813e-07
1754 2.81185 1.3704e-07
1755 2.81185 1.3627e-07
1756 2.81185 1.35505e-07
1757 2.81185 1.34743e-07
1758 2.81185 1.33986e-07
1759 2.81185 1.33232e-07
1760 2.81185 1.32483e-07
1761 2.81185 1.31737e-07
1762 2.81185 1.30996e-07
1763 2.81185 1.30258e-07
1764 2.81184 1.29524e-07
1765 2.81184 1.28794e-07
1766 2.81184 1.28067e-07
1767 2.81184 1.27345e-07
1768 2.81184 1.26626e-07
1769 2.81184 1.25911e-07
1770 2.81184 1.252e-07
1771 2.81184 1.24493e-07
1772 2.81184 1.23789e-07
1773 2.81184 1.23089e-07
1774 2.81184 1.22393e-07
1775 2.81184 1.217e-07
1776 2.81184 1.21011e-07
1777 2.81184 1.20326e-07
1778 2.81184 1.19644e-07
1779 2.81184 1.18966e-07
1780 2.81184 1.18291e-07
1781 2.81184 1.1762e-07
1782 2.81184 1.16952e-07
1783 2.81184 1.16288e-07
1784 2.81184 1.15628e-07
1785 2.81184 1.14971e-07
1786 2.81184 1.14317e-07
1787 2.81184 1.13667e-07
1788 2.81184 1.1302e-07
1789 2.81184 1.12377e-07
1790 2.81184 1.11737e-07
1791 2.81184 1.111e-07
1792 2.81184 1.10467e-07
1793 2.81184 1.09837e-07
1794 2.81183 1.09211e-07
1795 2.81183 1.08587e-07
1796 2.81183 1.07967e-07
1797 2.81183 1.07351e-07
1798 2.81183 1.06737e-07
1799 2.81183 1.06127e-07
1800 2.81183 1.0552e-07
1801 2.81183 1.04916e-07
1802 2.81183 1.04315e-07
1803 2.81183 1.03718e-07
1804 2.81183 1.03124e-07
1805 2.81183 1.02532e-07
1806 2.81183 1.01944e-07
1807 2.81183 1.01359e-07
1808 2.81183 1.00778e-07
1809 2.81183 1.00199e-07
1810 2.81183 9.96232e-08
1811 2.81183 9.90505e-08
1812 2.81183 9.84809e-08
1813 2.81183 9.79143e-08
1814 2.81183 9.73507e-08
1815 2.81183 9.679e-08
1816 2.81183 9.62323e-08
1817 2.81183 9.56776e-08
1818 2.81183 9.51258e-08
1819 2.81183 9.4577e-08
1820 2.81183 9.4031e-08
1821 2.81183 9.3488e-08
1822 2.81183 9.29478e-08
1823 2.81183 9.24105e-08
1824 2.81183 9.1876e-08
1825 2.81183 9.13444e-08
1826 2.81183 9.08155e-08
1827 2.81183 9.02895e-08
1828 2.81183 8.97663e-08
1829 2.81183 8.92458e-08
1830 2.81182 8.87282e-08
1831 2.81182 8.82132e-08
1832 2.81182 8.7701e-08
1833 2.81182 8.71915e-08
1834 2.81182 8.66847e-08
1835 2.81182 8.61807e-08
1836 2.81182 8.56792e-08
1837 2.81182 8.51805e-08
1838 2.81182 8.46844e-08
1839 2.81182 8.41909e-08
1840 2.81182 8.37001e-08
1841 2.81182 8.32119e-08
1842 2.81182 8.27263e-08
1843 2.81182 8.22432e-08
1844 2.81182 8.17627e-08
1845 2.81182 8.12848e-08
1846 2.81182 8.08094e-08
1847 2.81182 8.03366e-08
1848 2.81182 7.98663e-08
1849 2.81182 7.93985e-08
1850 2.81182 7.89331e-08
1851 2.81182 7.84703e-08
1852 2.81182 7.80099e-08
1853 2.81182 7.7552e-08
1854 2.81182 7.70965e-08
1855 2.81182 7.66435e-08
1856 2.81182 7.61928e-08
1857 2.81182 7.57446e-08
1858 2.81182 7.52988e-08
1859 2.81182 7.48553e-08
1860 2.81182 7.44142e-08
1861 2.81182 7.39755e-08
1862 2.81182 7.35391e-08
1863 2.81182 7.3105e-08
1864 2.81182 7.26733e-08
1865 2.81182 7.22438e-08
1866 2.81182 7.18167e-08
1867 2.81182 7.13919e-08
1868 2.81182 7.09693e-08
1869 2.81182 7.0549e-08
1870 2.81182 7.01309e-08
1871 2.81182 6.97151e-08
1872 2.81182 6.93014e-08
1873 2.81182 6.88901e-08
1874 2.81182 6.84809e-08
1875 2.81182 6.80739e-08
1876 2.81181 6.76691e-08
1877 2.81181 6.72664e-08
1878 2.81181 6.68659e-08
1879 2.81181 6.64676e-08
1880 2.81181 6.60714e-08
1881 2.81181 6.56773e-08
1882 2.81181 6.52853e-08
1883 2.81181 6.48955e-08
1884 2.81181 6.45077e-08
1885 2.81181 6.4122e-08
1886 2.81181 6.37384e-08
1887 2.81181 6.33569e-08
1888 2.81181 6.29774e-08
1889 2.81181 6.25999e-08
1890 2.81181 6.22245e-08
1891 2.81181 6.1851e-08
1892 2.81181 6.14796e-08
1893 2.81181 6.11102e-08
1894 2.81181 6.07428e-08
1895 2.81181 6.03774e-08
1896 2.81181 6.00139e-08
1897 2.81181 5.96524e-08
1898 2.81181 5.92928e-08
1899 2.81181 5.89351e-08
1900 2.81181 5.85794e-08
1901 2.81181 5.82257e-08
1902 2.81181 5.78738e-08
1903 2.81181 5.75238e-08
1904 2.81181 5.71757e-08
1905 2.81181 5.68295e-08
1906 2.81181 5.64851e-08
1907 2.81181 5.61426e-08
1908 2.81181 5.5802e-08
1909 2.81181 5.54632e-08
1910 2.81181 5.51262e-08
1911 2.81181 5.4791e-08
1912 2.81181 5.44577e-08
1913 2.81181 5.41261e-08
1914 2.81181 5.37964e-08
1915 2.81181 5.34684e-08
1916 2.81181 5.31422e-08
1917 2.81181 5.28178e-08
1918 2.81181 5.24951e-08
1919 2.81181 5.21742e-08
1920 2.81181 5.1855e-08
1921 2.81181 5.15376e-08
1922 2.81181 5.12218e-08
1923 2.81181 5.09078e-08
1924 2.81181 5.05955e-08
1925 2.81181 5.02849e-08
1926 2.81181 4.99759e-08
1927 2.81181 4.96686e-08
1928 2.81181 4.9363e-08
1929 2.81181 4.90591e-08
1930 2.81181 4.87568e-08
1931 2.81181 4.84562e-08
1932 2.81181 4.81572e-08
1933 2.81181 4.78598e-08
1934 2.81181 4.7564e-08
1935 2.81181 4.72698e-08
1936 2.81181 4.69773e-08
1937 2.81181 4.66863e-08
1938 2.81181 4.63969e-08
1939 2.8118 4.61091e-08
1940 2.8118 4.58228e-08
1941 2.8118 4.55381e-08
1942 2.8118 4.5255e-08
1943 2.8118 4.49734e-08
1944 2.8118 4.46933e-08
1945 2.8118 4.44148e-08
1946 2.8118 4.41378e-08
1947 2.8118 4.38623e-08
1948 2.8118 4.35883e-08
1949 2.8118 4.33157e-08
1950 2.8118 4.30447e-08
1951 2.8118 4.27752e-08
1952 2.8118 4.25071e-08
1953 2.8118 4.22405e-08
1954 2.8118 4.19754e-08
1955 2.8118 4.17117e-08
1956 2.8118 4.14494e-08
1957 2.8118 4.11886e-08
1958 2.8118 4.09292e-08
1959 2.8118 4.06713e-08
1960 2.8118 4.04147e-08
1961 2.8118 4.01596e-08
1962 2.8118 3.99058e-08
1963 2.8118 3.96534e-08
1964 2.8118 3.94025e-08
1965 2.8118 3.91529e-08
1966 2.8118 3.89046e-08
1967 2.8118 3.86578e-08
1968 2.8118 3.84123e-08
1969 2.8118 3.81681e-08
1970 2.8118 3.79252e-08
1971 2.8118 3.76837e-08
1972 2.8118 3.74436e-08
1973 2.8118 3.72047e-08
1974 2.8118 3.69672e-08
1975 2.8118 3.6731e-08
1976 2.8118 3.64961e-08
1977 2.8118 3.62624e-08
1978 2.8118 3.60301e-08
1979 2.8118 3.5799e-08
1980 2.8118 3.55692e-08
1981 2.8118 3.53407e-08
1982 2.8118 3.51134e-08
1983 2.8118 3.48874e-08
1984 2.8118 3.46626e-08
1985 2.8118 3.44391e-08
1986 2.8118 3.42168e-08
1987 2.8118 3.39957e-08
1988 2.8118 3.37759e-08
1989 2.8118 3.35573e-08
1990 2.8118 3.33398e-08
1991 2.8118 3.31236e-08
1992 2.8118 3.29086e-08
1993 2.8118 3.26947e-08
1994 2.8118 3.24821e-08
1995 2.8118 3.22706e-08
1996 2.8118 3.20603e-08
1997 2.8118 3.18512e-08
1998 2.8118 3.16432e-08
1999 2.8118 3.14364e-08
2000 2.8118 3.12307e-08
2001 2.8118 3.10261e-08
2002 2.8118 3.08227e-08
2003 2.8118 3.06205e-08
2004 2.8118 3.04193e-08
2005 2.8118 3.02193e-08
2006 2.8118 3.00203e-08
2007 2.8118 2.98225e-08
2008 2.8118 2.96258e-08
2009 2.8118 2.94302e-08
2010 2.8118 2.92356e-08
2011 2.8118 2.90422e-08
2012 2.8118 2.88498e-08
2013 2.8118 2.86585e-08
2014 2.8118 2.84683e-08
2015 2.8118 2.82791e-08
2016 2.8118 2.8091e-08
2017 2.8118 2.79039e-08
2018 2.8118 2.77179e-08
2019 2.8118 2.75329e-08
2020 2.8118 2.73489e-08
2021 2.8118 2.7166e-08
2022 2.8118 2.69841e-08
2023 2.8118 2.68032e-08
2024 2.8118 2.66233e-08
2025 2.8118 2.64444e-08
2026 2.8118 2.62665e-08
2027 2.8118 2.60897e-08
2028 2.8118 2.59138e-08
2029 2.8118 2.57389e-08
2030 2.8118 2.5565e-08
2031 2.8118 2.5392e-08
2032 2.8118 2.522e-08
2033 2.8118 2.5049e-08
2034 2.8118 2.4879e-08
2035 2.8118 2.47099e-08
2036 2.8118 2.45417e-08
2037 2.8118 2.43745e-08
2038 2.8118 2.42083e-08
2039 2.8118 2.40429e-08
2040 2.8118 2.38785e-08
2041 2.8118 2.37151e-08
2042 2.8118 2.35525e-08
2043 2.8118 2.33909e-08
2044 2.8118 2.32301e-08
2045 2.81179 2.30703e-08
2046 2.81179 2.29114e-08
2047 2.81179 2.27534e-08
2048 2.81179 2.25962e-08
2049 2.81179 2.244e-08
2050 2.81179 2.22846e-08
2051 2.81179 2.21301e-08
2052 2.81179 2.19765e-08
2053 2.81179 2.18238e-08
2054 2.81179 2.16719e-08
2055 2.81179 2.15209e-08
2056 2.81179 2.13707e-08
2057 2.81179 2.12214e-08
2058 2.81179 2.10729e-08
2059 2.81179 2.09253e-08
2060 2.81179 2.07785e-08
2061 2.81179 2.06326e-08
2062 2.81179 2.04874e-08
2063 2.81179 2.03431e-08
2064 2.81179 2.01996e-08
2065 2.81179 2.0057e-08
2066 2.81179 1.99151e-08
2067 2.81179 1.97741e-08
2068 2.81179 1.96338e-08
2069 2.81179 1.94944e-08
2070 2.81179 1.93557e-08
2071 2.81179 1.92178e-08
2072 2.81179 1.90808e-08
2073 2.81179 1.89445e-08
2074 2.81179 1.88089e-08
2075 2.81179 1.86742e-08
2076 2.81179 1.85402e-08
2077 2.81179 1.8407e-08
2078 2.81179 1.82745e-08
2079 2.81179 1.81428e-08
2080 2.81179 1.80119e-08
2081 2.81179 1.78817e-08
2082 2.81179 1.77523e-08
2083 2.81179 1.76235e-08
2084 2.81179 1.74956e-08
2085 2.81179 1.73683e-08
2086 2.81179 1.72418e-08
2087 2.81179 1.7116e-08
2088 2.81179 1.6991e-08
2089 2.81179 1.68666e-08
2090 2.81179 1.6743e-08
2091 2.81179 1.66201e-08
2092 2.81179 1.64979e-08
2093 2.81179 1.63764e-08
2094 2.81179 1.62556e-08
2095 2.81179 1.61355e-08
2096 2.81179 1.60161e-08
2097 2.81179 1.58973e-08
2098 2.81179 1.57793e-08
2099 2.81179 1.56619e-08
2100 2.81179 1.55452e-08
2101 2.81179 1.54292e-08
2102 2.81179 1.53139e-08
2103 2.81179 1.51992e-08
2104 2.81179 1.50852e-08
2105 2.81179 1.49718e-08
2106 2.81179 1.48591e-08
2107 2.81179 1.47471e-08
2108 2.81179 1.46357e-08
2109 2.81179 1.45249e-08
2110 2.81179 1.44148e-08
2111 2.81179 1.43053e-08
2112 2.81179 1.41965e-08
2113 2.81179 1.40883e-08
2114 2.81179 1.39807e-08
2115 2.81179 1.38738e-08
2116 2.81179 1.37675e-08
2117 2.81179 1.36618e-08
2118 2.81179 1.35567e-08
2119 2.81179 1.34522e-08
2120 2.81179 1.33483e-08
2121 2.81179 1.3245e-08
2122 2.81179 1.31424e-08
2123 2.81179 1.30403e-08
2124 2.81179 1.29389e-08
2125 2.81179 1.2838e-08
2126 2.81179 1.27377e-08
2127 2.81179 1.2638e-08
2128 2.81179 1.25389e-08
2129 2.81179 1.24403e-08
2130 2.81179 1.23424e-08
2131 2.81179 1.2245e-08
2132 2.81179 1.21482e-08
2133 2.81179 1.2052e-08
2134 2.81179 1.19563e-08
2135 2.81179 1.18612e-08
2136 2.81179 1.17666e-08
2137 2.81179 1.16726e-08
2138 2.81179 1.15792e-08
2139 2.81179 1.14863e-08
2140 2.81179 1.13939e-08
2141 2.81179 1.13021e-08
2142 2.81179 1.12109e-08
2143 2.81179 1.11202e-08
2144 2.81179 1.103e-08
2145 2.81179 1.09403e-08
2146 2.81179 1.08512e-08
2147 2.81179 1.07626e-08
2148 2.81179 1.06745e-08
2149 2.81179 1.0587e-08
2150 2.81179 1.04999e-08
2151 2.81179 1.04134e-08
2152 2.81179 1.03274e-08
2153 2.81179 1.02419e-08
2154 2.81179 1.01569e-08
2155 2.81179 1.00724e-08
2156 2.81179 9.98847e-09
