# t   T_sensor   E_supplied   E_window
10  273  550  0.00735437
20  273  550  0.0387706
30  273  550  0.0958633
40  273.002  550  0.16242
50  273.008  550  0.230999
60  273.02  550  0.300836
70  273.041  550  0.370176
80  273.072  550  0.439008
90  273.114  550  0.506865
100  273.167  550  0.573639
110  273.231  550  0.639245
120  273.305  550  0.703568
130  273.388  550  0.766642
140  273.481  550  0.828397
150  273.582  550  0.888901
160  273.69  550  0.948131
170  273.806  550  1.00616
180  273.927  550  1.063
190  274.054  550  1.11872
200  274.186  550  1.17334
210  274.322  550  1.22694
220  274.462  550  1.27954
230  274.605  550  1.33121
240  274.751  550  1.38197
250  274.899  550  1.43189
260  275.048  550  1.48099
270  275.2  550  1.52932
280  275.352  550  1.57691
290  275.505  550  1.6238
300  275.66  550  1.67
310  275.814  550  1.71556
320  275.969  550  1.7605
330  276.123  550  1.80484
340  276.278  550  1.84861
350  276.432  550  1.89182
360  276.586  550  1.93449
370  276.739  550  1.97664
380  276.892  550  2.01829
390  277.044  550  2.05944
400  277.195  550  2.10012
410  277.346  550  2.14034
420  277.495  550  2.1801
430  277.643  550  2.21941
440  277.791  550  2.2583
450  277.937  550  2.29676
460  278.082  550  2.3348
470  278.227  550  2.37244
480  278.369  550  2.40967
490  278.511  550  2.44651
500  278.652  550  2.48297
510  278.791  550  2.51904
520  278.93  550  2.55474
530  279.067  550  2.59007
540  279.202  550  2.62503
550  279.337  550  2.65964
560  279.47  550  2.69389
570  279.602  550  2.72779
580  279.733  550  2.76134
590  279.863  550  2.79456
600  279.991  550  2.82744
610  280.119  550  2.85999
620  280.245  550  2.8922
630  280.369  550  2.9241
640  280.493  550  2.95567
650  280.615  550  2.98692
660  280.737  550  3.01786
670  280.857  550  3.04849
680  280.976  550  3.07882
690  281.094  550  3.10883
700  281.21  550  3.13855
710  281.326  550  3.16798
720  281.44  550  3.1971
730  281.553  550  3.22594
740  281.665  550  3.25449
750  281.776  550  3.28275
760  281.886  550  3.31073
770  281.995  550  3.33844
780  282.103  550  3.36586
790  282.209  550  3.39301
800  282.315  550  3.4199
810  282.42  550  3.44651
820  282.523  550  3.47286
830  282.626  550  3.49895
840  282.727  550  3.52477
850  282.828  550  3.55034
860  282.927  550  3.57566
870  283.026  550  3.60072
880  283.124  550  3.62554
890  283.22  550  3.6501
900  283.316  550  3.67442
910  283.41  550  3.6985
920  283.504  550  3.72234
930  283.597  550  3.74595
940  283.689  550  3.76932
950  283.78  550  3.79245
960  283.87  550  3.81536
970  283.959  550  3.83804
980  284.047  550  3.86049
990  284.135  550  3.88272
1000  284.221  550  3.90472
1010  284.307  550  3.92651
1020  284.392  550  3.94808
1030  284.476  550  3.96944
1040  284.559  550  3.99059
1050  284.641  550  4.01152
1060  284.723  550  4.03225
1070  284.804  550  4.05277
1080  284.883  550  4.07308
1090  284.963  550  4.0932
1100  285.041  550  4.11311
1110  285.118  550  4.13283
1120  285.195  550  4.15235
1130  285.271  550  4.17167
1140  285.346  550  4.1908
1150  285.421  550  4.20975
1160  285.495  550  4.2285
1170  285.568  550  4.24707
1180  285.64  550  4.26545
1190  285.712  550  4.28365
1200  285.782  550  4.30167
1210  285.853  550  4.31951
1220  285.922  550  4.33718
1230  285.991  550  4.35466
1240  286.059  550  4.37198
1250  286.126  550  4.38912
1260  286.193  550  4.40609
1270  286.259  550  4.42289
1280  286.325  550  4.43952
1290  286.389  550  4.45599
1300  286.454  550  4.4723
1310  286.517  550  4.48844
1320  286.58  550  4.50442
1330  286.642  550  4.52025
1340  286.704  550  4.53591
1350  286.765  550  4.55142
1360  286.825  550  4.56678
1370  286.885  550  4.58198
1380  286.944  550  4.59703
1390  287.003  550  4.61194
1400  287.061  550  4.62669
1410  287.118  550  4.6413
1420  287.175  550  4.65576
1430  287.231  550  4.67008
1440  287.287  550  4.68425
1450  287.342  550  4.69829
1460  287.397  550  4.71218
1470  287.451  550  4.72594
1480  287.505  550  4.73956
1490  287.558  550  4.75304
1500  287.61  550  4.7664
1510  287.662  550  4.77961
1520  287.714  550  4.7927
1530  287.765  550  4.80566
1540  287.815  550  4.81848
1550  287.865  550  4.83118
1560  287.914  550  4.84376
1570  287.963  550  4.8562
1580  288.012  550  4.86853
1590  288.06  550  4.88073
1600  288.107  550  4.89281
1610  288.154  550  4.90477
1620  288.201  550  4.91661
1630  288.247  550  4.92834
1640  288.293  550  4.93994
1650  288.338  550  4.95144
1660  288.383  550  4.96281
1670  288.427  550  4.97408
1680  288.471  550  4.98523
1690  288.514  550  4.99627
1700  288.557  550  5.0072
1710  288.6  550  5.01802
1720  288.642  550  5.02874
1730  288.684  550  5.03935
1740  288.725  550  5.04985
1750  288.766  550  5.06025
1760  288.806  550  5.07054
1770  288.847  550  5.08074
1780  288.886  550  5.09083
1790  288.926  550  5.10082
1800  288.964  550  5.11071
1810  289.003  550  5.1205
1820  289.041  550  5.1302
1830  289.079  550  5.1398
1840  289.116  550  5.1493
1850  289.153  550  5.15871
1860  289.19  550  5.16803
1870  289.226  550  5.17725
1880  289.262  550  5.18638
1890  289.298  550  5.19542
1900  289.333  550  5.20437
1910  289.368  550  5.21323
1920  289.402  550  5.22201
1930  289.436  550  5.23069
1940  289.47  550  5.23929
1950  289.504  550  5.24781
1960  289.537  550  5.25624
1970  289.57  550  5.26458
1980  289.602  550  5.27284
1990  289.634  550  5.28102
2000  289.666  550  5.28912
2010  289.698  550  5.29714
2020  289.729  550  5.30508
2030  289.76  550  5.31294
2040  289.79  550  5.32072
2050  289.821  550  5.32843
2060  289.851  550  5.33605
2070  289.88  550  5.34361
2080  289.91  550  5.35108
2090  289.939  550  5.35848
2100  289.968  550  5.36581
2110  289.996  550  5.37307
2120  290.025  550  5.38025
2130  290.052  550  5.38736
2140  290.08  550  5.39441
2150  290.108  550  5.40138
2160  290.135  550  5.40828
2170  290.162  550  5.41511
2180  290.188  550  5.42188
2190  290.215  550  5.42858
2200  290.241  550  5.43521
2210  290.266  550  5.44177
2220  290.292  550  5.44827
2230  290.317  550  5.45471
2240  290.342  550  5.46108
2250  290.367  550  5.46739
2260  290.392  550  5.47363
2270  290.416  550  5.47982
2280  290.44  550  5.48594
2290  290.464  550  5.492
2300  290.488  550  5.498
2310  290.511  550  5.50394
2320  290.534  550  5.50982
2330  290.557  550  5.51565
2340  290.58  550  5.52141
2350  290.602  550  5.52712
2360  290.624  550  5.53277
2370  290.646  550  5.53837
2380  290.668  550  5.54391
2390  290.69  550  5.54939
2400  290.711  550  5.55482
2410  290.732  550  5.5602
2420  290.753  550  5.56552
2430  290.774  550  5.57079
2440  290.794  550  5.576
2450  290.815  550  5.58117
2460  290.835  550  5.58628
2470  290.855  550  5.59135
2480  290.874  550  5.59636
2490  290.894  550  5.60132
2500  290.913  550  5.60623
2510  290.932  550  5.6111
2520  290.951  550  5.61591
2530  290.97  550  5.62068
2540  290.989  550  5.6254
2550  291.007  550  5.63008
2560  291.025  550  5.6347
2570  291.043  550  5.63928
2580  291.061  550  5.64382
2590  291.079  550  5.64831
2600  291.096  550  5.65276
2610  291.114  550  5.65716
2620  291.131  550  5.66152
2630  291.148  550  5.66583
2640  291.165  550  5.6701
2650  291.181  550  5.67433
2660  291.198  550  5.67852
2670  291.214  550  5.68266
2680  291.23  550  5.68677
2690  291.246  550  5.69083
2700  291.262  550  5.69485
2710  291.278  550  5.69884
2720  291.293  550  5.70278
2730  291.308  550  5.70668
2740  291.324  550  5.71055
2750  291.339  550  5.71438
2760  291.354  550  5.71816
2770  291.368  550  5.72192
2780  291.383  550  5.72563
2790  291.397  550  5.72931
2800  291.412  550  5.73295
2810  291.426  550  5.73655
2820  291.44  550  5.74012
2830  291.454  550  5.74365
2840  291.468  550  5.74715
2850  291.481  550  5.75061
2860  291.495  550  5.75404
2870  291.508  550  5.75743
2880  291.521  550  5.76079
2890  291.534  550  5.76412
2900  291.547  550  5.76742
2910  291.56  550  5.77068
2920  291.573  550  5.7739
2930  291.585  550  5.7771
2940  291.598  550  5.78027
2950  291.61  550  5.7834
2960  291.622  550  5.7865
2970  291.634  550  5.78957
2980  291.646  550  5.79261
2990  291.658  550  5.79562
3000  291.67  550  5.7986
3010  291.682  550  5.80156
3020  291.693  550  5.80448
3030  291.704  550  5.80737
3040  291.716  550  5.81023
3050  291.727  550  5.81307
3060  291.738  550  5.81588
3070  291.749  550  5.81865
3080  291.76  550  5.82141
3090  291.77  550  5.82413
3100  291.781  550  5.82683
3110  291.791  550  5.8295
3120  291.802  550  5.83214
3130  291.812  550  5.83476
3140  291.822  550  5.83735
3150  291.832  550  5.83992
3160  291.842  550  5.84246
3170  291.852  550  5.84497
3180  291.862  550  5.84746
3190  291.872  550  5.84992
3200  291.881  550  5.85236
3210  291.891  550  5.85478
3220  291.9  550  5.85717
3230  291.91  550  5.85954
3240  291.919  550  5.86189
3250  291.928  550  5.86421
3260  291.937  550  5.86651
3270  291.946  550  5.86878
3280  291.955  550  5.87103
3290  291.964  550  5.87326
3300  291.972  550  5.87547
3310  291.981  550  5.87766
3320  291.989  550  5.87982
3330  291.998  550  5.88197
3340  292.006  550  5.88409
3350  292.014  550  5.88619
3360  292.023  550  5.88827
3370  292.031  550  5.89033
3380  292.039  550  5.89237
3390  292.047  550  5.89438
3400  292.054  550  5.89638
3410  292.062  550  5.89836
3420  292.07  550  5.90032
3430  292.078  550  5.90226
3440  292.085  550  5.90418
3450  292.093  550  5.90608
3460  292.1  550  5.90796
3470  292.107  550  5.90982
3480  292.115  550  5.91167
3490  292.122  550  5.9135
3500  292.129  550  5.9153
3510  292.136  550  5.91709
3520  292.143  550  5.91887
3530  292.15  550  5.92062
3540  292.157  550  5.92236
3550  292.163  550  5.92408
3560  292.17  550  5.92578
3570  292.177  550  5.92747
3580  292.183  550  5.92914
3590  292.19  550  5.93079
3600  292.196  550  5.93242
3610  292.203  550  5.93404
3620  292.209  550  5.93565
3630  292.215  550  5.93723
3640  292.221  550  5.93881
3650  292.227  550  5.94036
3660  292.234  550  5.9419
3670  292.239  550  5.94343
3680  292.245  550  5.94494
3690  292.251  550  5.94643
3700  292.257  550  5.94792
3710  292.263  550  5.94938
3720  292.269  550  5.95083
3730  292.274  550  5.95227
3740  292.28  550  5.95369
3750  292.285  550  5.9551
3760  292.291  550  5.95649
3770  292.296  550  5.95787
3780  292.302  550  5.95924
3790  292.307  550  5.96059
3800  292.312  550  5.96193
3810  292.317  550  5.96326
3820  292.323  550  5.96457
3830  292.328  550  5.96587
3840  292.333  550  5.96716
3850  292.338  550  5.96843
3860  292.343  550  5.9697
3870  292.348  550  5.97094
3880  292.353  550  5.97218
3890  292.357  550  5.9734
3900  292.362  550  5.97462
3910  292.367  550  5.97582
3920  292.372  550  5.97701
3930  292.376  550  5.97818
3940  292.381  550  5.97935
3950  292.385  550  5.9805
3960  292.39  550  5.98164
3970  292.394  550  5.98277
3980  292.399  550  5.98389
3990  292.403  550  5.985
4000  292.407  550  5.98609
4010  292.412  550  5.98718
4020  292.416  550  5.98826
4030  292.42  550  5.98932
4040  292.424  550  5.99037
4050  292.428  550  5.99142
4060  292.432  550  5.99245
4070  292.436  550  5.99347
4080  292.44  550  5.99448
4090  292.444  550  5.99549
4100  292.448  550  5.99648
4110  292.452  550  5.99746
4120  292.456  550  5.99843
4130  292.46  550  5.9994
4140  292.463  550  6.00035
4150  292.467  550  6.0013
4160  292.471  550  6.00223
4170  292.474  550  6.00316
4180  292.478  550  6.00407
4190  292.482  550  6.00498
4200  292.485  550  6.00588
4210  292.489  550  6.00677
4220  292.492  550  6.00765
4230  292.495  550  6.00852
4240  292.499  550  6.00938
4250  292.502  550  6.01023
4260  292.506  550  6.01108
4270  292.509  550  6.01192
4280  292.512  550  6.01275
4290  292.515  550  6.01357
4300  292.519  550  6.01438
4310  292.522  550  6.01518
4320  292.525  550  6.01598
4330  292.528  550  6.01677
4340  292.531  550  6.01755
4350  292.534  550  6.01832
4360  292.537  550  6.01909
4370  292.54  550  6.01985
4380  292.543  550  6.0206
4390  292.546  550  6.02134
4400  292.549  550  6.02207
4410  292.552  550  6.0228
4420  292.555  550  6.02352
4430  292.557  550  6.02424
4440  292.56  550  6.02494
4450  292.563  550  6.02564
4460  292.566  550  6.02633
4470  292.568  550  6.02702
4480  292.571  550  6.0277
4490  292.574  550  6.02837
4500  292.576  550  6.02904
4510  292.579  550  6.02969
4520  292.581  550  6.03035
4530  292.584  550  6.03099
4540  292.586  550  6.03163
4550  292.589  550  6.03226
4560  292.591  550  6.03289
4570  292.594  550  6.03351
4580  292.596  550  6.03412
4590  292.599  550  6.03473
4600  292.601  550  6.03533
4610  292.603  550  6.03593
4620  292.606  550  6.03652
4630  292.608  550  6.0371
4640  292.61  550  6.03768
4650  292.612  550  6.03826
4660  292.615  550  6.03882
4670  292.617  550  6.03938
4680  292.619  550  6.03994
4690  292.621  550  6.04049
4700  292.623  550  6.04103
4710  292.626  550  6.04157
4720  292.628  550  6.04211
4730  292.63  550  6.04264
4740  292.632  550  6.04316
4750  292.634  550  6.04368
4760  292.636  550  6.04419
4770  292.638  550  6.0447
4780  292.64  550  6.0452
4790  292.642  550  6.0457
4800  292.644  550  6.04619
4810  292.646  550  6.04668
4820  292.647  550  6.04716
4830  292.649  550  6.04764
4840  292.651  550  6.04811
4850  292.653  550  6.04858
4860  292.655  550  6.04905
4870  292.657  550  6.04951
4880  292.658  550  6.04996
4890  292.66  550  6.05041
4900  292.662  550  6.05086
4910  292.664  550  6.0513
4920  292.665  550  6.05174
4930  292.667  550  6.05217
4940  292.669  550  6.0526
4950  292.671  550  6.05302
4960  292.672  550  6.05344
4970  292.674  550  6.05386
4980  292.675  550  6.05427
4990  292.677  550  6.05468
5000  292.679  550  6.05508
5010  292.68  550  6.05548
5020  292.682  550  6.05588
5030  292.683  550  6.05627
5040  292.685  550  6.05666
5050  292.686  550  6.05704
5060  292.688  550  6.05742
5070  292.689  550  6.0578
5080  292.691  550  6.05817
5090  292.692  550  6.05854
5100  292.694  550  6.0589
5110  292.695  550  6.05926
5120  292.696  550  6.05962
5130  292.698  550  6.05998
5140  292.699  550  6.06033
5150  292.701  550  6.06067
5160  292.702  550  6.06102
5170  292.703  550  6.06136
5180  292.705  550  6.06169
5190  292.706  550  6.06203
5200  292.707  550  6.06236
5210  292.709  550  6.06269
5220  292.71  550  6.06301
5230  292.711  550  6.06333
5240  292.712  550  6.06365
5250  292.714  550  6.06396
5260  292.715  550  6.06427
5270  292.716  550  6.06458
5280  292.717  550  6.06489
5290  292.718  550  6.06519
5300  292.72  550  6.06549
5310  292.721  550  6.06578
5320  292.722  550  6.06607
5330  292.723  550  6.06636
5340  292.724  550  6.06665
5350  292.725  550  6.06694
5360  292.726  550  6.06722
5370  292.727  550  6.0675
5380  292.729  550  6.06777
5390  292.73  550  6.06805
5400  292.731  550  6.06832
5410  292.732  550  6.06858
5420  292.733  550  6.06885
5430  292.734  550  6.06911
5440  292.735  550  6.06937
5450  292.736  550  6.06963
5460  292.737  550  6.06988
5470  292.738  550  6.07013
5480  292.739  550  6.07038
5490  292.74  550  6.07063
5500  292.741  550  6.07088
5510  292.742  550  6.07112
5520  292.743  550  6.07136
5530  292.744  550  6.0716
5540  292.745  550  6.07183
5550  292.745  550  6.07206
5560  292.746  550  6.07229
5570  292.747  550  6.07252
5580  292.748  550  6.07275
5590  292.749  550  6.07297
5600  292.75  550  6.07319
5610  292.751  550  6.07341
5620  292.752  550  6.07363
5630  292.752  550  6.07384
5640  292.753  550  6.07406
5650  292.754  550  6.07427
5660  292.755  550  6.07448
5670  292.756  550  6.07468
5680  292.757  550  6.07489
5690  292.757  550  6.07509
5700  292.758  550  6.07529
5710  292.759  550  6.07549
5720  292.76  550  6.07568
5730  292.76  550  6.07588
5740  292.761  550  6.07607
5750  292.762  550  6.07626
5760  292.763  550  6.07645
5770  292.763  550  6.07664
5780  292.764  550  6.07682
5790  292.765  550  6.077
5800  292.766  550  6.07718
5810  292.766  550  6.07736
5820  292.767  550  6.07754
5830  292.768  550  6.07772
5840  292.768  550  6.07789
5850  292.769  550  6.07806
5860  292.77  550  6.07823
5870  292.77  550  6.0784
5880  292.771  550  6.07857
5890  292.772  550  6.07874
5900  292.772  550  6.0789
5910  292.773  550  6.07906
5920  292.774  550  6.07922
5930  292.774  550  6.07938
5940  292.775  550  6.07954
5950  292.775  550  6.0797
5960  292.776  550  6.07985
5970  292.777  550  6.08
5980  292.777  550  6.08015
5990  292.778  550  6.0803
6000  292.778  550  6.08045
6010  292.779  550  6.0806
6020  292.78  550  6.08074
6030  292.78  550  6.08089
6040  292.781  550  6.08103
6050  292.781  550  6.08117
6060  292.782  550  6.08131
6070  292.782  550  6.08145
6080  292.783  550  6.08159
6090  292.783  550  6.08172
6100  292.784  550  6.08186
6110  292.784  550  6.08199
6120  292.785  550  6.08212
6130  292.785  550  6.08225
6140  292.786  550  6.08238
6150  292.787  550  6.08251
6160  292.787  550  6.08263
6170  292.787  550  6.08276
6180  292.788  550  6.08288
6190  292.788  550  6.08301
6200  292.789  550  6.08313
6210  292.789  550  6.08325
6220  292.79  550  6.08337
6230  292.79  550  6.08348
6240  292.791  550  6.0836
6250  292.791  550  6.08372
6260  292.792  550  6.08383
6270  292.792  550  6.08394
6280  292.793  550  6.08406
6290  292.793  550  6.08417
6300  292.793  550  6.08428
6310  292.794  550  6.08438
6320  292.794  550  6.08449
6330  292.795  550  6.0846
6340  292.795  550  6.0847
6350  292.796  550  6.08481
6360  292.796  550  6.08491
6370  292.796  550  6.08501
6380  292.797  550  6.08512
6390  292.797  550  6.08522
6400  292.798  550  6.08532
6410  292.798  550  6.08541
6420  292.798  550  6.08551
6430  292.799  550  6.08561
6440  292.799  550  6.0857
6450  292.799  550  6.0858
6460  292.8  550  6.08589
6470  292.8  550  6.08598
6480  292.801  550  6.08608
6490  292.801  550  6.08617
6500  292.801  550  6.08626
6510  292.802  550  6.08634
6520  292.802  550  6.08643
6530  292.802  550  6.08652
6540  292.803  550  6.08661
6550  292.803  550  6.08669
6560  292.803  550  6.08678
6570  292.804  550  6.08686
6580  292.804  550  6.08694
6590  292.804  550  6.08702
6600  292.805  550  6.08711
6610  292.805  550  6.08719
6620  292.805  550  6.08727
6630  292.806  550  6.08734
6640  292.806  550  6.08742
6650  292.806  550  6.0875
6660  292.806  550  6.08758
6670  292.807  550  6.08765
6680  292.807  550  6.08773
6690  292.807  550  6.0878
6700  292.808  550  6.08788
6710  292.808  550  6.08795
6720  292.808  550  6.08802
6730  292.808  550  6.08809
6740  292.809  550  6.08816
6750  292.809  550  6.08823
6760  292.809  550  6.0883
6770  292.81  550  6.08837
6780  292.81  550  6.08844
6790  292.81  550  6.0885
6800  292.81  550  6.08857
6810  292.811  550  6.08864
6820  292.811  550  6.0887
6830  292.811  550  6.08877
6840  292.811  550  6.08883
6850  292.812  550  6.08889
6860  292.812  550  6.08896
6870  292.812  550  6.08902
6880  292.812  550  6.08908
6890  292.813  550  6.08914
6900  292.813  550  6.0892
6910  292.813  550  6.08926
6920  292.813  550  6.08932
6930  292.814  550  6.08938
6940  292.814  550  6.08943
6950  292.814  550  6.08949
6960  292.814  550  6.08955
6970  292.814  550  6.0896
6980  292.815  550  6.08966
6990  292.815  550  6.08971
7000  292.815  550  6.08977
7010  292.815  550  6.08982
7020  292.815  550  6.08988
7030  292.816  550  6.08993
7040  292.816  550  6.08998
7050  292.816  550  6.09003
7060  292.816  550  6.09008
7070  292.817  550  6.09013
7080  292.817  550  6.09018
7090  292.817  550  6.09023
7100  292.817  550  6.09028
7110  292.817  550  6.09033
7120  292.817  550  6.09038
7130  292.818  550  6.09043
7140  292.818  550  6.09047
7150  292.818  550  6.09052
7160  292.818  550  6.09057
7170  292.818  550  6.09061
7180  292.819  550  6.09066
7190  292.819  550  6.0907
7200  292.819  550  6.09075
7210  292.819  550  6.09079
7220  292.819  550  6.09084
7230  292.819  550  6.09088
7240  292.82  550  6.09092
7250  292.82  550  6.09096
7260  292.82  550  6.09101
7270  292.82  550  6.09105
7280  292.82  550  6.09109
7290  292.82  550  6.09113
7300  292.821  550  6.09117
7310  292.821  550  6.09121
7320  292.821  550  6.09125
7330  292.821  550  6.09129
7340  292.821  550  6.09133
7350  292.821  550  6.09136
7360  292.821  550  6.0914
7370  292.822  550  6.09144
7380  292.822  550  6.09148
7390  292.822  550  6.09151
7400  292.822  550  6.09155
7410  292.822  550  6.09158
7420  292.822  550  6.09162
7430  292.822  550  6.09166
7440  292.823  550  6.09169
7450  292.823  550  6.09172
7460  292.823  550  6.09176
7470  292.823  550  6.09179
7480  292.823  550  6.09183
7490  292.823  550  6.09186
7500  292.823  550  6.09189
7510  292.824  550  6.09192
7520  292.824  550  6.09196
7530  292.824  550  6.09199
7540  292.824  550  6.09202
7550  292.824  550  6.09205
7560  292.824  550  6.09208
7570  292.824  550  6.09211
7580  292.824  550  6.09214
7590  292.825  550  6.09217
7600  292.825  550  6.0922
7610  292.825  550  6.09223
7620  292.825  550  6.09226
7630  292.825  550  6.09229
7640  292.825  550  6.09232
7650  292.825  550  6.09235
7660  292.825  550  6.09237
7670  292.825  550  6.0924
7680  292.826  550  6.09243
7690  292.826  550  6.09246
7700  292.826  550  6.09248
7710  292.826  550  6.09251
7720  292.826  550  6.09254
7730  292.826  550  6.09256
7740  292.826  550  6.09259
7750  292.826  550  6.09261
7760  292.826  550  6.09264
7770  292.826  550  6.09266
7780  292.827  550  6.09269
7790  292.827  550  6.09271
7800  292.827  550  6.09274
7810  292.827  550  6.09276
7820  292.827  550  6.09278
7830  292.827  550  6.09281
7840  292.827  550  6.09283
7850  292.827  550  6.09285
7860  292.827  550  6.09288
7870  292.827  550  6.0929
7880  292.827  550  6.09292
7890  292.828  550  6.09294
7900  292.828  550  6.09296
7910  292.828  550  6.09299
7920  292.828  550  6.09301
7930  292.828  550  6.09303
7940  292.828  550  6.09305
7950  292.828  550  6.09307
7960  292.828  550  6.09309
7970  292.828  550  6.09311
7980  292.828  550  6.09313
7990  292.828  550  6.09315
8000  292.828  550  6.09317
8010  292.829  550  6.09319
8020  292.829  550  6.09321
8030  292.829  550  6.09323
8040  292.829  550  6.09325
8050  292.829  550  6.09327
8060  292.829  550  6.09329
8070  292.829  550  6.0933
8080  292.829  550  6.09332
8090  292.829  550  6.09334
8100  292.829  550  6.09336
8110  292.829  550  6.09338
8120  292.829  550  6.09339
8130  292.829  550  6.09341
8140  292.829  550  6.09343
8150  292.83  550  6.09344
8160  292.83  550  6.09346
8170  292.83  550  6.09348
8180  292.83  550  6.09349
8190  292.83  550  6.09351
8200  292.83  550  6.09353
8210  292.83  550  6.09354
8220  292.83  550  6.09356
8230  292.83  550  6.09357
8240  292.83  550  6.09359
8250  292.83  550  6.0936
8260  292.83  550  6.09362
8270  292.83  550  6.09363
8280  292.83  550  6.09365
8290  292.83  550  6.09366
8300  292.83  550  6.09368
8310  292.83  550  6.09369
8320  292.831  550  6.09371
8330  292.831  550  6.09372
8340  292.831  550  6.09373
8350  292.831  550  6.09375
8360  292.831  550  6.09376
8370  292.831  550  6.09377
8380  292.831  550  6.09379
8390  292.831  550  6.0938
8400  292.831  550  6.09381
8410  292.831  550  6.09383
8420  292.831  550  6.09384
8430  292.831  550  6.09385
8440  292.831  550  6.09387
8450  292.831  550  6.09388
8460  292.831  550  6.09389
8470  292.831  550  6.0939
8480  292.831  550  6.09391
8490  292.831  550  6.09393
8500  292.831  550  6.09394
8510  292.832  550  6.09395
8520  292.832  550  6.09396
8530  292.832  550  6.09397
8540  292.832  550  6.09398
8550  292.832  550  6.09399
8560  292.832  550  6.09401
8570  292.832  550  6.09402
8580  292.832  550  6.09403
8590  292.832  550  6.09404
8600  292.832  550  6.09405
8610  292.832  550  6.09406
8620  292.832  550  6.09407
8630  292.832  550  6.09408
8640  292.832  550  6.09409
8650  292.832  550  6.0941
8660  292.832  550  6.09411
8670  292.832  550  6.09412
8680  292.832  550  6.09413
8690  292.832  550  6.09414
8700  292.832  550  6.09415
8710  292.832  550  6.09416
8720  292.832  550  6.09417
8730  292.832  550  6.09418
8740  292.832  550  6.09419
8750  292.832  550  6.0942
8760  292.833  550  6.0942
8770  292.833  550  6.09421
8780  292.833  550  6.09422
8790  292.833  550  6.09423
8800  292.833  550  6.09424
8810  292.833  550  6.09425
8820  292.833  550  6.09426
8830  292.833  550  6.09426
8840  292.833  550  6.09427
8850  292.833  550  6.09428
8860  292.833  550  6.09429
8870  292.833  550  6.0943
8880  292.833  550  6.0943
8890  292.833  550  6.09431
8900  292.833  550  6.09432
8910  292.833  550  6.09433
8920  292.833  550  6.09434
8930  292.833  550  6.09434
8940  292.833  550  6.09435
8950  292.833  550  6.09436
8960  292.833  550  6.09436
8970  292.833  550  6.09437
8980  292.833  550  6.09438
8990  292.833  550  6.09439
9000  292.833  550  6.09439
9010  292.833  550  6.0944
9020  292.833  550  6.09441
9030  292.833  550  6.09441
9040  292.833  550  6.09442
9050  292.833  550  6.09443
9060  292.833  550  6.09443
9070  292.833  550  6.09444
9080  292.833  550  6.09445
9090  292.833  550  6.09445
9100  292.834  550  6.09446
9110  292.834  550  6.09446
9120  292.834  550  6.09447
9130  292.834  550  6.09448
9140  292.834  550  6.09448
9150  292.834  550  6.09449
9160  292.834  550  6.09449
9170  292.834  550  6.0945
9180  292.834  550  6.09451
9190  292.834  550  6.09451
9200  292.834  550  6.09452
9210  292.834  550  6.09452
9220  292.834  550  6.09453
9230  292.834  550  6.09453
9240  292.834  550  6.09454
9250  292.834  550  6.09454
9260  292.834  550  6.09455
9270  292.834  550  6.09455
9280  292.834  550  6.09456
9290  292.834  550  6.09457
9300  292.834  550  6.09457
9310  292.834  550  6.09458
9320  292.834  550  6.09458
9330  292.834  550  6.09458
9340  292.834  550  6.09459
9350  292.834  550  6.09459
9360  292.834  550  6.0946
9370  292.834  550  6.0946
9380  292.834  550  6.09461
9390  292.834  550  6.09461
9400  292.834  550  6.09462
9410  292.834  550  6.09462
9420  292.834  550  6.09463
9430  292.834  550  6.09463
9440  292.834  550  6.09463
9450  292.834  550  6.09464
9460  292.834  550  6.09464
9470  292.834  550  6.09465
9480  292.834  550  6.09465
9490  292.834  550  6.09466
9500  292.834  550  6.09466
9510  292.834  550  6.09466
9520  292.834  550  6.09467
9530  292.834  550  6.09467
9540  292.834  550  6.09468
9550  292.834  550  6.09468
9560  292.834  550  6.09468
9570  292.834  550  6.09469
9580  292.834  550  6.09469
9590  292.834  550  6.09469
9600  292.834  550  6.0947
9610  292.834  550  6.0947
9620  292.834  550  6.0947
9630  292.835  550  6.09471
9640  292.835  550  6.09471
9650  292.835  550  6.09472
9660  292.835  550  6.09472
9670  292.835  550  6.09472
9680  292.835  550  6.09473
9690  292.835  550  6.09473
9700  292.835  550  6.09473
9710  292.835  550  6.09474
9720  292.835  550  6.09474
9730  292.835  550  6.09474
9740  292.835  550  6.09474
9750  292.835  550  6.09475
9760  292.835  550  6.09475
9770  292.835  550  6.09475
9780  292.835  550  6.09476
9790  292.835  550  6.09476
9800  292.835  550  6.09476
9810  292.835  550  6.09477
9820  292.835  550  6.09477
9830  292.835  550  6.09477
9840  292.835  550  6.09477
9850  292.835  550  6.09478
9860  292.835  550  6.09478
9870  292.835  550  6.09478
9880  292.835  550  6.09478
9890  292.835  550  6.09479
9900  292.835  550  6.09479
9910  292.835  550  6.09479
9920  292.835  550  6.0948
9930  292.835  550  6.0948
9940  292.835  550  6.0948
9950  292.835  550  6.0948
9960  292.835  550  6.09481
9970  292.835  550  6.09481
9980  292.835  550  6.09481
9990  292.835  550  6.09481
10000  292.835  550  6.09481
10010  292.835  550  6.09482
