# t  Ekin  Epot  Etot
0 6.62751e-05 0.345348 0.345414
0.000166667 0.000261739 0.345149 0.345411
0.000333333 0.000576475 0.344821 0.345398
0.0005 0.00100095 0.344368 0.345369
0.000666667 0.0015261 0.343793 0.345319
0.000833333 0.00214333 0.343099 0.345243
0.001 0.00284444 0.342291 0.345136
0.00116667 0.00362167 0.341372 0.344993
0.00133333 0.00446765 0.340345 0.344812
0.0015 0.00537537 0.339214 0.344589
0.00166667 0.00633821 0.337982 0.344321
0.00183333 0.00734989 0.336654 0.344004
0.002 0.00840447 0.335232 0.343636
0.00216667 0.00949635 0.33372 0.343216
0.00233333 0.0106202 0.332121 0.342742
0.0025 0.0117711 0.33044 0.342211
0.00266667 0.0129442 0.328678 0.341622
0.00283333 0.0141351 0.32684 0.340975
0.003 0.0153398 0.324929 0.340269
0.00316667 0.0165541 0.322948 0.339502
0.00333333 0.0177745 0.3209 0.338674
0.0035 0.0189976 0.318788 0.337786
0.00366667 0.02022 0.316616 0.336836
0.00383333 0.0214388 0.314387 0.335825
0.004 0.0226512 0.312103 0.334754
0.00416667 0.0238545 0.309767 0.333621
0.00433333 0.0250464 0.307382 0.332429
0.0045 0.0262246 0.304952 0.331177
0.00466667 0.0273871 0.302479 0.329866
0.00483333 0.0285318 0.299965 0.328497
0.005 0.0296571 0.297413 0.32707
0.00516667 0.0307613 0.294826 0.325587
0.00533333 0.031843 0.292207 0.32405
0.0055 0.0329008 0.289557 0.322458
0.00566667 0.0339335 0.286879 0.320813
0.00583333 0.0349401 0.284176 0.319116
0.006 0.0359195 0.28145 0.31737
0.00616667 0.0368709 0.278703 0.315574
0.00633333 0.0377935 0.275937 0.313731
0.0065 0.0386867 0.273154 0.311841
0.00666667 0.0395499 0.270357 0.309907
0.00683333 0.0403826 0.267547 0.30793
0.007 0.0411844 0.264726 0.305911
0.00716667 0.041955 0.261897 0.303852
0.00733333 0.0426942 0.25906 0.301754
0.0075 0.0434017 0.256218 0.29962
0.00766667 0.0440775 0.253372 0.29745
0.00783333 0.0447215 0.250525 0.295246
0.008 0.0453338 0.247676 0.29301
0.00816667 0.0459143 0.244829 0.290744
0.00833333 0.0464632 0.241985 0.288448
0.0085 0.0469807 0.239145 0.286125
0.00866667 0.0474669 0.236309 0.283776
0.00883333 0.0479222 0.233481 0.281403
0.009 0.0483468 0.23066 0.279007
0.00916667 0.048741 0.227849 0.27659
0.00933333 0.0491052 0.225048 0.274153
0.0095 0.0494398 0.222258 0.271698
0.00966667 0.0497452 0.219481 0.269226
0.00983333 0.0500218 0.216717 0.266739
0.01 0.0502701 0.213968 0.264238
0.0101667 0.0504906 0.211234 0.261725
0.0103333 0.0506838 0.208517 0.259201
0.0105 0.0508502 0.205816 0.256667
0.0106667 0.0509904 0.203134 0.254124
0.0108333 0.0511049 0.20047 0.251575
0.011 0.0511942 0.197826 0.24902
0.0111667 0.051259 0.195201 0.24646
0.0113333 0.0512999 0.192598 0.243897
0.0115 0.0513173 0.190015 0.241333
0.0116667 0.0513121 0.187455 0.238767
0.0118333 0.0512846 0.184917 0.236201
0.012 0.0512356 0.182402 0.233637
0.0121667 0.0511657 0.17991 0.231076
0.0123333 0.0510754 0.177442 0.228518
0.0125 0.0509654 0.174999 0.225964
0.0126667 0.0508363 0.172579 0.223416
0.0128333 0.0506888 0.170185 0.220874
0.013 0.0505234 0.167816 0.21834
0.0131667 0.0503407 0.165473 0.215814
0.0133333 0.0501413 0.163156 0.213297
0.0135 0.0499259 0.160864 0.21079
0.0136667 0.0496951 0.158599 0.208294
0.0138333 0.0494494 0.15636 0.205809
0.014 0.0491894 0.154147 0.203337
0.0141667 0.0489157 0.151962 0.200877
0.0143333 0.0486289 0.149803 0.198432
0.0145 0.0483296 0.147671 0.196
0.0146667 0.0480182 0.145566 0.193584
0.0148333 0.0476954 0.143488 0.191183
0.015 0.0473617 0.141437 0.188799
0.0151667 0.0470176 0.139413 0.186431
0.0153333 0.0466636 0.137416 0.18408
0.0155 0.0463003 0.135446 0.181747
0.0156667 0.0459282 0.133504 0.179432
0.0158333 0.0455477 0.131588 0.177135
0.016 0.0451594 0.129699 0.174858
0.0161667 0.0447637 0.127837 0.1726
0.0163333 0.044361 0.126001 0.170362
0.0165 0.0439519 0.124192 0.168144
0.0166667 0.0435368 0.12241 0.165947
0.0168333 0.0431162 0.120654 0.16377
0.017 0.0426903 0.118924 0.161614
0.0171667 0.0422597 0.11722 0.15948
0.0173333 0.0418248 0.115542 0.157367
0.0175 0.0413859 0.11389 0.155276
0.0176667 0.0409434 0.112263 0.153206
0.0178333 0.0404978 0.110661 0.151159
0.018 0.0400493 0.109085 0.149134
0.0181667 0.0395983 0.107534 0.147132
0.0183333 0.0391452 0.106007 0.145152
0.0185 0.0386902 0.104505 0.143195
0.0186667 0.0382338 0.103027 0.141261
0.0188333 0.0377761 0.101573 0.139349
0.019 0.0373176 0.100143 0.13746
0.0191667 0.0368584 0.0987359 0.135594
0.0193333 0.036399 0.0973525 0.133751
0.0195 0.0359394 0.0959921 0.131932
0.0196667 0.0354801 0.0946545 0.130135
0.0198333 0.0350213 0.0933394 0.128361
0.02 0.0345631 0.0920465 0.12661
0.0201667 0.0341059 0.0907757 0.124882
0.0203333 0.0336498 0.0895265 0.123176
0.0205 0.0331951 0.0882987 0.121494
0.0206667 0.032742 0.0870922 0.119834
0.0208333 0.0322906 0.0859065 0.118197
0.021 0.0318412 0.0847414 0.116583
0.0211667 0.0313939 0.0835966 0.114991
0.0213333 0.030949 0.0824719 0.113421
0.0215 0.0305065 0.0813669 0.111873
0.0216667 0.0300667 0.0802815 0.110348
0.0218333 0.0296297 0.0792152 0.108845
0.022 0.0291955 0.0781679 0.107363
0.0221667 0.0287645 0.0771392 0.105904
0.0223333 0.0283366 0.0761289 0.104465
0.0225 0.0279121 0.0751366 0.103049
0.0226667 0.0274909 0.0741622 0.101653
0.0228333 0.0270733 0.0732053 0.100279
0.023 0.0266593 0.0722656 0.0989249
0.0231667 0.0262491 0.0713429 0.097592
0.0233333 0.0258427 0.0704369 0.0962796
0.0235 0.0254402 0.0695473 0.0949875
0.0236667 0.0250416 0.0686739 0.0937155
0.0238333 0.0246471 0.0678163 0.0924634
0.024 0.0242567 0.0669744 0.0912311
0.0241667 0.0238705 0.0661478 0.0900183
0.0243333 0.0234885 0.0653362 0.0888248
0.0245 0.0231108 0.0645395 0.0876503
0.0246667 0.0227375 0.0637574 0.0864948
0.0248333 0.0223685 0.0629895 0.085358
0.025 0.0220039 0.0622357 0.0842396
0.0251667 0.0216437 0.0614957 0.0831394
0.0253333 0.021288 0.0607692 0.0820572
0.0255 0.0209368 0.060056 0.0809928
0.0256667 0.0205901 0.0593559 0.079946
0.0258333 0.020248 0.0586685 0.0789165
0.026 0.0199104 0.0579937 0.0779041
0.0261667 0.0195773 0.0573313 0.0769086
0.0263333 0.0192488 0.0566809 0.0759298
0.0265 0.0189249 0.0560425 0.0749673
0.0266667 0.0186055 0.0554156 0.0740211
0.0268333 0.0182907 0.0548002 0.0730908
0.027 0.0179804 0.0541959 0.0721763
0.0271667 0.0176747 0.0536026 0.0712773
0.0273333 0.0173735 0.0530201 0.0703936
0.0275 0.0170768 0.0524481 0.0695249
0.0276667 0.0167846 0.0518864 0.0686711
0.0278333 0.016497 0.0513349 0.0678319
0.028 0.0162137 0.0507933 0.067007
0.0281667 0.0159349 0.0502614 0.0661963
0.0283333 0.0156606 0.049739 0.0653996
0.0285 0.0153906 0.049226 0.0646166
0.0286667 0.015125 0.0487221 0.063847
0.0288333 0.0148637 0.0482271 0.0630908
0.029 0.0146067 0.0477409 0.0623476
0.0291667 0.014354 0.0472633 0.0616173
0.0293333 0.0141055 0.0467941 0.0608996
0.0295 0.0138612 0.0463332 0.0601943
0.0296667 0.013621 0.0458803 0.0595013
0.0298333 0.013385 0.0454352 0.0588202
0.03 0.013153 0.0449979 0.058151
0.0301667 0.0129251 0.0445682 0.0574933
0.0303333 0.0127012 0.0441459 0.0568471
0.0305 0.0124813 0.0437308 0.056212
0.0306667 0.0122652 0.0433227 0.055588
0.0308333 0.0120531 0.0429217 0.0549747
0.031 0.0118447 0.0425274 0.0543721
0.0311667 0.0116401 0.0421397 0.0537798
0.0313333 0.0114393 0.0417585 0.0531978
0.0315 0.0112421 0.0413837 0.0526259
0.0316667 0.0110486 0.0410152 0.0520638
0.0318333 0.0108587 0.0406527 0.0515113
0.032 0.0106723 0.0402961 0.0509684
0.0321667 0.0104894 0.0399454 0.0504348
0.0323333 0.01031 0.0396003 0.0499103
0.0325 0.0101339 0.0392609 0.0493948
0.0326667 0.00996124 0.0389269 0.0488881
0.0328333 0.00979185 0.0385982 0.0483901
0.033 0.00962572 0.0382748 0.0479005
0.0331667 0.00946279 0.0379564 0.0474192
0.0333333 0.00930302 0.037643 0.046946
0.0335 0.00914635 0.0373345 0.0464809
0.0336667 0.00899275 0.0370308 0.0460236
0.0338333 0.00884215 0.0367318 0.0455739
0.034 0.00869452 0.0364373 0.0451318
0.0341667 0.0085498 0.0361473 0.0446971
0.0343333 0.00840794 0.0358617 0.0442696
0.0345 0.00826891 0.0355803 0.0438492
0.0346667 0.00813264 0.0353031 0.0434358
0.0348333 0.00799909 0.0350301 0.0430291
0.035 0.00786822 0.034761 0.0426292
0.0351667 0.00773998 0.0344958 0.0422358
0.0353333 0.00761432 0.0342345 0.0418488
0.0355 0.0074912 0.0339769 0.0414681
0.0356667 0.00737057 0.0337229 0.0410935
0.0358333 0.00725238 0.0334726 0.040725
0.036 0.00713659 0.0332258 0.0403624
0.0361667 0.00702316 0.0329824 0.0400055
0.0363333 0.00691204 0.0327423 0.0396544
0.0365 0.00680319 0.0325056 0.0393088
0.0366667 0.00669656 0.032272 0.0389686
0.0368333 0.00659212 0.0320417 0.0386338
0.037 0.00648981 0.0318144 0.0383042
0.0371667 0.0063896 0.0315901 0.0379797
0.0373333 0.00629145 0.0313688 0.0376602
0.0375 0.00619531 0.0311503 0.0373456
0.0376667 0.00610115 0.0309347 0.0370359
0.0378333 0.00600893 0.0307219 0.0367308
0.038 0.0059186 0.0305118 0.0364304
0.0381667 0.00583013 0.0303043 0.0361344
0.0383333 0.00574348 0.0300994 0.0358429
0.0385 0.00565861 0.0298971 0.0355557
0.0386667 0.00557548 0.0296973 0.0352728
0.0388333 0.00549407 0.0295 0.034994
0.039 0.00541433 0.029305 0.0347193
0.0391667 0.00533622 0.0291124 0.0344486
0.0393333 0.00525972 0.0289221 0.0341818
0.0395 0.00518479 0.028734 0.0339188
0.0396667 0.00511138 0.0285482 0.0336596
0.0398333 0.00503949 0.0283645 0.033404
0.04 0.00496905 0.028183 0.033152
0.0401667 0.00490006 0.0280035 0.0329036
0.0403333 0.00483247 0.0278261 0.0326586
0.0405 0.00476625 0.0276507 0.032417
0.0406667 0.00470138 0.0274773 0.0321786
0.0408333 0.00463782 0.0273058 0.0319436
0.041 0.00457554 0.0271361 0.0317117
0.0411667 0.00451452 0.0269684 0.0314829
0.0413333 0.00445473 0.0268024 0.0312572
0.0415 0.00439613 0.0266383 0.0310344
0.0416667 0.00433871 0.0264759 0.0308146
0.0418333 0.00428243 0.0263153 0.0305977
0.042 0.00422727 0.0261563 0.0303836
0.0421667 0.0041732 0.025999 0.0301722
0.0423333 0.0041202 0.0258434 0.0299636
0.0425 0.00406824 0.0256893 0.0297575
0.0426667 0.0040173 0.0255368 0.0295541
0.0428333 0.00396736 0.0253859 0.0293533
0.043 0.00391839 0.0252365 0.0291549
0.0431667 0.00387037 0.0250886 0.028959
0.0433333 0.00382327 0.0249422 0.0287655
0.0435 0.00377708 0.0247972 0.0285743
0.0436667 0.00373177 0.0246537 0.0283854
0.0438333 0.00368733 0.0245115 0.0281988
0.044 0.00364372 0.0243708 0.0280145
0.0441667 0.00360094 0.0242313 0.0278323
0.0443333 0.00355897 0.0240933 0.0276522
0.0445 0.00351777 0.0239565 0.0274743
0.0446667 0.00347734 0.0238211 0.0272984
0.0448333 0.00343766 0.0236869 0.0271245
0.045 0.00339871 0.0235539 0.0269527
0.0451667 0.00336047 0.0234223 0.0267827
0.0453333 0.00332292 0.0232918 0.0266147
0.0455 0.00328605 0.0231625 0.0264486
0.0456667 0.00324984 0.0230344 0.0262842
0.0458333 0.00321428 0.0229075 0.0261218
0.046 0.00317934 0.0227817 0.025961
0.0461667 0.00314503 0.022657 0.0258021
0.0463333 0.00311131 0.0225335 0.0256448
0.0465 0.00307818 0.0224111 0.0254893
0.0466667 0.00304562 0.0222897 0.0253353
0.0468333 0.00301361 0.0221695 0.0251831
0.047 0.00298216 0.0220502 0.0250324
0.0471667 0.00295123 0.021932 0.0248833
0.0473333 0.00292082 0.0218149 0.0247357
0.0475 0.00289092 0.0216988 0.0245897
0.0476667 0.00286151 0.0215836 0.0244451
0.0478333 0.00283259 0.0214695 0.0243021
0.048 0.00280413 0.0213563 0.0241604
0.0481667 0.00277614 0.0212441 0.0240202
0.0483333 0.0027486 0.0211328 0.0238814
0.0485 0.00272149 0.0210225 0.023744
0.0486667 0.00269481 0.0209131 0.0236079
0.0488333 0.00266855 0.0208046 0.0234732
0.049 0.00264269 0.020697 0.0233397
0.0491667 0.00261724 0.0205904 0.0232076
0.0493333 0.00259217 0.0204846 0.0230767
0.0495 0.00256749 0.0203796 0.0229471
0.0496667 0.00254317 0.0202756 0.0228188
0.0498333 0.00251922 0.0201724 0.0226916
0.05 0.00249562 0.02007 0.0225656
0.0501667 0.00247237 0.0199685 0.0224409
0.0503333 0.00244946 0.0198678 0.0223172
0.0505 0.00242687 0.0197679 0.0221948
0.0506667 0.00240461 0.0196688 0.0220734
0.0508333 0.00238267 0.0195705 0.0219532
0.051 0.00236103 0.019473 0.0218341
0.0511667 0.00233969 0.0193763 0.021716
0.0513333 0.00231865 0.0192804 0.021599
0.0515 0.0022979 0.0191852 0.0214831
0.0516667 0.00227743 0.0190908 0.0213682
0.0518333 0.00225724 0.0189971 0.0212543
0.052 0.00223731 0.0189041 0.0211415
0.0521667 0.00221765 0.0188119 0.0210296
0.0523333 0.00219825 0.0187205 0.0209187
0.0525 0.0021791 0.0186297 0.0208088
0.0526667 0.0021602 0.0185396 0.0206998
0.0528333 0.00214154 0.0184503 0.0205918
0.053 0.00212312 0.0183616 0.0204848
0.0531667 0.00210493 0.0182737 0.0203786
0.0533333 0.00208696 0.0181864 0.0202733
0.0535 0.00206923 0.0180998 0.020169
0.0536667 0.0020517 0.0180138 0.0200655
0.0538333 0.0020344 0.0179286 0.019963
0.054 0.0020173 0.0178439 0.0198612
0.0541667 0.00200041 0.01776 0.0197604
0.0543333 0.00198372 0.0176766 0.0196603
0.0545 0.00196722 0.0175939 0.0195612
0.0546667 0.00195092 0.0175119 0.0194628
0.0548333 0.00193482 0.0174304 0.0193653
0.055 0.00191889 0.0173496 0.0192685
0.0551667 0.00190315 0.0172694 0.0191726
0.0553333 0.00188759 0.0171898 0.0190774
0.0555 0.00187221 0.0171108 0.018983
0.0556667 0.001857 0.0170324 0.0188894
0.0558333 0.00184196 0.0169546 0.0187966
0.056 0.00182709 0.0168774 0.0187045
0.0561667 0.00181238 0.0168007 0.0186131
0.0563333 0.00179783 0.0167247 0.0185225
0.0565 0.00178344 0.0166492 0.0184326
0.0566667 0.00176921 0.0165742 0.0183434
0.0568333 0.00175513 0.0164998 0.018255
0.057 0.0017412 0.016426 0.0181672
0.0571667 0.00172742 0.0163527 0.0180802
0.0573333 0.00171378 0.01628 0.0179938
0.0575 0.00170029 0.0162078 0.0179081
0.0576667 0.00168694 0.0161361 0.0178231
0.0578333 0.00167373 0.016065 0.0177387
0.058 0.00166065 0.0159944 0.0176551
0.0581667 0.00164771 0.0159243 0.017572
0.0583333 0.0016349 0.0158547 0.0174896
0.0585 0.00162222 0.0157857 0.0174079
0.0586667 0.00160968 0.0157171 0.0173268
0.0588333 0.00159725 0.015649 0.0172463
0.059 0.00158496 0.0155815 0.0171664
0.0591667 0.00157278 0.0155144 0.0170872
0.0593333 0.00156073 0.0154478 0.0170085
0.0595 0.0015488 0.0153817 0.0169305
0.0596667 0.00153698 0.0153161 0.0168531
0.0598333 0.00152529 0.0152509 0.0167762
0.06 0.0015137 0.0151863 0.0167
0.0601667 0.00150223 0.015122 0.0166243
0.0603333 0.00149087 0.0150583 0.0165492
0.0605 0.00147963 0.014995 0.0164746
0.0606667 0.00146849 0.0149321 0.0164006
0.0608333 0.00145746 0.0148697 0.0163272
0.061 0.00144653 0.0148078 0.0162543
0.0611667 0.00143571 0.0147463 0.016182
0.0613333 0.001425 0.0146852 0.0161102
0.0615 0.00141438 0.0146246 0.016039
0.0616667 0.00140387 0.0145644 0.0159683
0.0618333 0.00139346 0.0145046 0.0158981
0.062 0.00138314 0.0144452 0.0158284
0.0621667 0.00137293 0.0143863 0.0157592
0.0623333 0.00136281 0.0143278 0.0156906
0.0625 0.00135278 0.0142697 0.0156224
0.0626667 0.00134285 0.014212 0.0155548
0.0628333 0.00133301 0.0141546 0.0154877
0.063 0.00132327 0.0140977 0.015421
0.0631667 0.00131362 0.0140412 0.0153548
0.0633333 0.00130405 0.0139851 0.0152892
0.0635 0.00129458 0.0139294 0.015224
0.0636667 0.00128519 0.013874 0.0151592
0.0638333 0.00127589 0.0138191 0.015095
0.064 0.00126668 0.0137645 0.0150312
0.0641667 0.00125755 0.0137103 0.0149678
0.0643333 0.00124851 0.0136565 0.014905
0.0645 0.00123955 0.013603 0.0148425
0.0646667 0.00123068 0.0135499 0.0147806
0.0648333 0.00122188 0.0134971 0.014719
0.065 0.00121317 0.0134448 0.0146579
0.0651667 0.00120454 0.0133927 0.0145973
0.0653333 0.00119598 0.0133411 0.0145371
0.0655 0.00118751 0.0132897 0.0144773
0.0656667 0.00117911 0.0132388 0.0144179
0.0658333 0.00117079 0.0131881 0.0143589
0.066 0.00116255 0.0131378 0.0143004
0.0661667 0.00115438 0.0130879 0.0142423
0.0663333 0.00114629 0.0130382 0.0141845
0.0665 0.00113827 0.0129889 0.0141272
0.0666667 0.00113033 0.01294 0.0140703
0.0668333 0.00112246 0.0128913 0.0140138
0.067 0.00111466 0.012843 0.0139577
0.0671667 0.00110693 0.012795 0.0139019
0.0673333 0.00109927 0.0127473 0.0138466
0.0675 0.00109169 0.0126999 0.0137916
0.0676667 0.00108417 0.0126529 0.013737
0.0678333 0.00107672 0.0126061 0.0136828
0.068 0.00106934 0.0125597 0.013629
0.0681667 0.00106202 0.0125135 0.0135755
0.0683333 0.00105478 0.0124676 0.0135224
0.0685 0.0010476 0.0124221 0.0134697
0.0686667 0.00104048 0.0123768 0.0134173
0.0688333 0.00103343 0.0123318 0.0133653
0.069 0.00102645 0.0122872 0.0133136
0.0691667 0.00101953 0.0122428 0.0132623
0.0693333 0.00101267 0.0121986 0.0132113
0.0695 0.00100587 0.0121548 0.0131607
0.0696667 0.000999139 0.0121112 0.0131104
0.0698333 0.000992467 0.012068 0.0130604
0.07 0.000985855 0.0120249 0.0130108
0.0701667 0.000979304 0.0119822 0.0129615
0.0703333 0.000972813 0.0119397 0.0129125
0.0705 0.000966381 0.0118975 0.0128639
0.0706667 0.000960008 0.0118556 0.0128156
0.0708333 0.000953693 0.0118139 0.0127676
0.071 0.000947436 0.0117725 0.0127199
0.0711667 0.000941235 0.0117313 0.0126725
0.0713333 0.000935092 0.0116904 0.0126255
0.0715 0.000929004 0.0116497 0.0125787
0.0716667 0.000922972 0.0116093 0.0125323
0.0718333 0.000916995 0.0115691 0.0124861
0.072 0.000911072 0.0115292 0.0124403
0.0721667 0.000905203 0.0114895 0.0123947
0.0723333 0.000899388 0.0114501 0.0123495
0.0725 0.000893626 0.0114109 0.0123045
0.0726667 0.000887916 0.0113719 0.0122598
0.0728333 0.000882259 0.0113331 0.0122154
0.073 0.000876652 0.0112946 0.0121713
0.0731667 0.000871097 0.0112564 0.0121275
0.0733333 0.000865593 0.0112183 0.0120839
0.0735 0.000860138 0.0111805 0.0120406
0.0736667 0.000854734 0.0111429 0.0119976
0.0738333 0.000849378 0.0111055 0.0119549
0.074 0.000844071 0.0110683 0.0119124
0.0741667 0.000838813 0.0110314 0.0118702
0.0743333 0.000833602 0.0109947 0.0118283
0.0745 0.000828438 0.0109581 0.0117866
0.0746667 0.000823322 0.0109218 0.0117452
0.0748333 0.000818252 0.0108857 0.011704
0.075 0.000813228 0.0108499 0.0116631
0.0751667 0.000808249 0.0108142 0.0116224
0.0753333 0.000803316 0.0107787 0.011582
0.0755 0.000798427 0.0107434 0.0115418
0.0756667 0.000793583 0.0107083 0.0115019
0.0758333 0.000788782 0.0106735 0.0114622
0.076 0.000784025 0.0106388 0.0114228
0.0761667 0.000779311 0.0106043 0.0113836
0.0763333 0.00077464 0.01057 0.0113446
0.0765 0.00077001 0.0105359 0.0113059
0.0766667 0.000765423 0.010502 0.0112674
0.0768333 0.000760877 0.0104683 0.0112291
0.077 0.000756372 0.0104347 0.0111911
0.0771667 0.000751907 0.0104014 0.0111533
0.0773333 0.000747483 0.0103682 0.0111157
0.0775 0.000743099 0.0103352 0.0110783
0.0776667 0.000738754 0.0103024 0.0110411
0.0778333 0.000734448 0.0102698 0.0110042
0.078 0.00073018 0.0102373 0.0109675
0.0781667 0.000725951 0.010205 0.010931
0.0783333 0.00072176 0.0101729 0.0108947
0.0785 0.000717606 0.010141 0.0108586
0.0786667 0.00071349 0.0101092 0.0108227
0.0788333 0.00070941 0.0100776 0.010787
0.079 0.000705367 0.0100462 0.0107516
0.0791667 0.000701359 0.0100149 0.0107163
0.0793333 0.000697388 0.00998385 0.0106812
0.0795 0.000693452 0.00995291 0.0106464
0.0796667 0.00068955 0.00992214 0.0106117
0.0798333 0.000685684 0.00989153 0.0105772
0.08 0.000681852 0.00986108 0.0105429
0.0801667 0.000678053 0.00983078 0.0105088
0.0803333 0.000674289 0.00980065 0.0104749
0.0805 0.000670557 0.00977066 0.0104412
0.0806667 0.000666859 0.00974083 0.0104077
0.0808333 0.000663193 0.00971116 0.0103743
0.081 0.000659559 0.00968163 0.0103412
0.0811667 0.000655958 0.00965225 0.0103082
0.0813333 0.000652388 0.00962303 0.0102754
0.0815 0.000648849 0.00959394 0.0102428
0.0816667 0.000645342 0.00956501 0.0102104
0.0818333 0.000641865 0.00953622 0.0101781
0.082 0.000638418 0.00950757 0.010146
0.0821667 0.000635002 0.00947907 0.0101141
0.0823333 0.000631615 0.00945071 0.0100823
0.0825 0.000628258 0.00942248 0.0100507
0.0826667 0.00062493 0.0093944 0.0100193
0.0828333 0.00062163 0.00936645 0.00998808
0.083 0.00061836 0.00933864 0.009957
0.0831667 0.000615117 0.00931096 0.00992608
0.0833333 0.000611903 0.00928342 0.00989532
0.0835 0.000608716 0.00925601 0.00986473
0.0836667 0.000605557 0.00922874 0.00983429
0.0838333 0.000602425 0.00920159 0.00980402
0.084 0.000599319 0.00917458 0.00977389
0.0841667 0.00059624 0.00914769 0.00974393
0.0843333 0.000593188 0.00912093 0.00971412
0.0845 0.000590162 0.0090943 0.00968446
0.0846667 0.000587161 0.00906779 0.00965495
0.0848333 0.000584186 0.00904141 0.00962559
0.085 0.000581236 0.00901515 0.00959638
0.0851667 0.000578311 0.00898901 0.00956732
0.0853333 0.000575411 0.00896299 0.0095384
0.0855 0.000572535 0.0089371 0.00950963
0.0856667 0.000569684 0.00891132 0.00948101
0.0858333 0.000566856 0.00888567 0.00945252
0.086 0.000564052 0.00886013 0.00942418
0.0861667 0.000561272 0.00883471 0.00939598
0.0863333 0.000558515 0.0088094 0.00936791
0.0865 0.00055578 0.00878421 0.00933999
0.0866667 0.000553069 0.00875913 0.0093122
0.0868333 0.00055038 0.00873417 0.00928455
0.087 0.000547713 0.00870931 0.00925703
0.0871667 0.000545069 0.00868457 0.00922964
0.0873333 0.000542446 0.00865994 0.00920239
0.0875 0.000539845 0.00863542 0.00917527
0.0876667 0.000537265 0.00861101 0.00914827
0.0878333 0.000534706 0.0085867 0.00912141
0.088 0.000532168 0.00856251 0.00909467
0.0881667 0.000529651 0.00853841 0.00906807
0.0883333 0.000527155 0.00851443 0.00904158
0.0885 0.000524678 0.00849055 0.00901523
0.0886667 0.000522222 0.00846677 0.00898899
0.0888333 0.000519786 0.00844309 0.00896288
0.089 0.000517369 0.00841952 0.00893689
0.0891667 0.000514972 0.00839605 0.00891102
0.0893333 0.000512594 0.00837268 0.00888527
0.0895 0.000510235 0.00834941 0.00885964
0.0896667 0.000507894 0.00832624 0.00883413
0.0898333 0.000505573 0.00830317 0.00880874
0.09 0.00050327 0.00828019 0.00878346
0.0901667 0.000500985 0.00825731 0.0087583
0.0903333 0.000498719 0.00823453 0.00873325
0.0905 0.00049647 0.00821184 0.00870831
0.0906667 0.000494239 0.00818925 0.00868349
0.0908333 0.000492025 0.00816675 0.00865878
0.091 0.000489829 0.00814435 0.00863417
0.0911667 0.00048765 0.00812203 0.00860968
0.0913333 0.000485488 0.00809981 0.0085853
0.0915 0.000483342 0.00807768 0.00856103
0.0916667 0.000481214 0.00805564 0.00853686
0.0918333 0.000479102 0.0080337 0.0085128
0.092 0.000477006 0.00801184 0.00848884
0.0921667 0.000474926 0.00799007 0.00846499
0.0923333 0.000472862 0.00796838 0.00844125
0.0925 0.000470814 0.00794679 0.0084176
0.0926667 0.000468782 0.00792528 0.00839406
0.0928333 0.000466765 0.00790386 0.00837062
0.093 0.000464763 0.00788252 0.00834728
0.0931667 0.000462777 0.00786127 0.00832405
0.0933333 0.000460805 0.0078401 0.00830091
0.0935 0.000458849 0.00781902 0.00827787
0.0936667 0.000456907 0.00779802 0.00825493
0.0938333 0.00045498 0.0077771 0.00823208
0.094 0.000453067 0.00775626 0.00820933
0.0941667 0.000451168 0.00773551 0.00818668
0.0943333 0.000449283 0.00771484 0.00816412
0.0945 0.000447413 0.00769424 0.00814165
0.0946667 0.000445556 0.00767373 0.00811928
0.0948333 0.000443713 0.00765329 0.00809701
0.095 0.000441883 0.00763294 0.00807482
0.0951667 0.000440067 0.00761266 0.00805273
0.0953333 0.000438264 0.00759246 0.00803072
0.0955 0.000436474 0.00757234 0.00800881
0.0956667 0.000434697 0.00755229 0.00798699
0.0958333 0.000432933 0.00753232 0.00796525
0.096 0.000431182 0.00751242 0.0079436
0.0961667 0.000429443 0.0074926 0.00792205
0.0963333 0.000427717 0.00747286 0.00790057
0.0965 0.000426003 0.00745319 0.00787919
0.0966667 0.000424301 0.00743359 0.00785789
0.0968333 0.000422612 0.00741406 0.00783667
0.097 0.000420934 0.00739461 0.00781554
0.0971667 0.000419268 0.00737523 0.0077945
0.0973333 0.000417614 0.00735592 0.00777353
0.0975 0.000415972 0.00733668 0.00775265
0.0976667 0.000414341 0.00731751 0.00773185
0.0978333 0.000412722 0.00729841 0.00771114
0.098 0.000411113 0.00727939 0.0076905
0.0981667 0.000409516 0.00726043 0.00766994
0.0983333 0.00040793 0.00724154 0.00764947
0.0985 0.000406355 0.00722272 0.00762907
0.0986667 0.000404791 0.00720396 0.00760875
0.0988333 0.000403238 0.00718528 0.00758851
0.099 0.000401695 0.00716666 0.00756835
0.0991667 0.000400162 0.00714811 0.00754827
0.0993333 0.00039864 0.00712962 0.00752826
0.0995 0.000397129 0.0071112 0.00750833
0.0996667 0.000395627 0.00709284 0.00748847
0.0998333 0.000394136 0.00707455 0.00746869
0.1 0.000392655 0.00705633 0.00744898
0.100167 0.000391183 0.00703817 0.00742935
0.100333 0.000389722 0.00702007 0.00740979
0.1005 0.00038827 0.00700204 0.0073903
0.100667 0.000386827 0.00698406 0.00737089
0.100833 0.000385395 0.00696616 0.00735155
0.101 0.000383971 0.00694831 0.00733228
0.101167 0.000382557 0.00693052 0.00731308
0.101333 0.000381152 0.0069128 0.00729395
0.1015 0.000379757 0.00689514 0.0072749
0.101667 0.00037837 0.00687754 0.00725591
0.101833 0.000376993 0.00686 0.00723699
0.102 0.000375624 0.00684252 0.00721814
0.102167 0.000374264 0.00682509 0.00719936
0.102333 0.000372913 0.00680773 0.00718065
0.1025 0.000371571 0.00679043 0.007162
0.102667 0.000370237 0.00677318 0.00714342
0.102833 0.000368911 0.006756 0.00712491
0.103 0.000367594 0.00673887 0.00710646
0.103167 0.000366286 0.0067218 0.00708808
0.103333 0.000364985 0.00670478 0.00706977
0.1035 0.000363693 0.00668783 0.00705152
0.103667 0.000362408 0.00667093 0.00703334
0.103833 0.000361132 0.00665408 0.00701522
0.104 0.000359864 0.0066373 0.00699716
0.104167 0.000358603 0.00662056 0.00697917
0.104333 0.000357351 0.00660388 0.00696124
0.1045 0.000356106 0.00658726 0.00694337
0.104667 0.000354868 0.00657069 0.00692556
0.104833 0.000353639 0.00655418 0.00690782
0.105 0.000352416 0.00653772 0.00689014
0.105167 0.000351201 0.00652132 0.00687252
0.105333 0.000349994 0.00650496 0.00685496
0.1055 0.000348793 0.00648866 0.00683746
0.105667 0.0003476 0.00647242 0.00682002
0.105833 0.000346414 0.00645622 0.00680264
0.106 0.000345236 0.00644008 0.00678532
0.106167 0.000344064 0.00642399 0.00676805
0.106333 0.000342899 0.00640795 0.00675085
0.1065 0.000341741 0.00639197 0.00673371
0.106667 0.00034059 0.00637603 0.00671662
0.106833 0.000339445 0.00636014 0.00669959
0.107 0.000338308 0.00634431 0.00668262
0.107167 0.000337177 0.00632853 0.0066657
0.107333 0.000336052 0.00631279 0.00664884
0.1075 0.000334934 0.00629711 0.00663204
0.107667 0.000333822 0.00628147 0.00661529
0.107833 0.000332717 0.00626589 0.0065986
0.108 0.000331619 0.00625035 0.00658197
0.108167 0.000330526 0.00623486 0.00656539
0.108333 0.00032944 0.00621942 0.00654886
0.1085 0.00032836 0.00620403 0.00653239
0.108667 0.000327286 0.00618868 0.00651597
0.108833 0.000326218 0.00617339 0.00649961
0.109 0.000325156 0.00615814 0.00648329
0.109167 0.0003241 0.00614294 0.00646704
0.109333 0.000323049 0.00612778 0.00645083
0.1095 0.000322005 0.00611267 0.00643468
0.109667 0.000320967 0.00609761 0.00641858
0.109833 0.000319934 0.0060826 0.00640253
0.11 0.000318907 0.00606763 0.00638653
0.110167 0.000317885 0.0060527 0.00637059
0.110333 0.000316869 0.00603783 0.00635469
0.1105 0.000315859 0.00602299 0.00633885
0.110667 0.000314854 0.0060082 0.00632306
0.110833 0.000313855 0.00599346 0.00630732
0.111 0.000312861 0.00597876 0.00629162
0.111167 0.000311872 0.00596411 0.00627598
0.111333 0.000310889 0.0059495 0.00626039
0.1115 0.000309911 0.00593493 0.00624484
0.111667 0.000308938 0.00592041 0.00622935
0.111833 0.00030797 0.00590593 0.0062139
0.112 0.000307008 0.00589149 0.0061985
0.112167 0.00030605 0.0058771 0.00618315
0.112333 0.000305098 0.00586275 0.00616785
0.1125 0.00030415 0.00584844 0.00615259
0.112667 0.000303207 0.00583418 0.00613739
0.112833 0.00030227 0.00581996 0.00612223
0.113 0.000301337 0.00580577 0.00610711
0.113167 0.000300409 0.00579164 0.00609204
0.113333 0.000299486 0.00577754 0.00607702
0.1135 0.000298567 0.00576348 0.00606205
0.113667 0.000297653 0.00574947 0.00604712
0.113833 0.000296744 0.00573549 0.00603224
0.114 0.00029584 0.00572156 0.0060174
0.114167 0.00029494 0.00570767 0.00600261
0.114333 0.000294044 0.00569382 0.00598786
0.1145 0.000293153 0.00568001 0.00597316
0.114667 0.000292267 0.00566624 0.0059585
0.114833 0.000291385 0.0056525 0.00594389
0.115 0.000290507 0.00563881 0.00592932
0.115167 0.000289634 0.00562516 0.00591479
0.115333 0.000288765 0.00561155 0.00590031
0.1155 0.0002879 0.00559797 0.00588588
0.115667 0.00028704 0.00558444 0.00587148
0.115833 0.000286184 0.00557094 0.00585713
0.116 0.000285331 0.00555749 0.00584282
0.116167 0.000284484 0.00554407 0.00582855
0.116333 0.00028364 0.00553069 0.00581433
0.1165 0.0002828 0.00551735 0.00580015
0.116667 0.000281964 0.00550404 0.00578601
0.116833 0.000281132 0.00549078 0.00577191
0.117 0.000280305 0.00547755 0.00575785
0.117167 0.000279481 0.00546436 0.00574384
0.117333 0.000278661 0.0054512 0.00572986
0.1175 0.000277845 0.00543808 0.00571593
0.117667 0.000277033 0.005425 0.00570204
0.117833 0.000276225 0.00541196 0.00568819
0.118 0.00027542 0.00539895 0.00567437
0.118167 0.000274619 0.00538598 0.0056606
0.118333 0.000273822 0.00537305 0.00564687
0.1185 0.000273029 0.00536015 0.00563318
0.118667 0.000272239 0.00534729 0.00561953
0.118833 0.000271453 0.00533446 0.00560592
0.119 0.00027067 0.00532167 0.00559234
0.119167 0.000269892 0.00530892 0.00557881
0.119333 0.000269116 0.0052962 0.00556532
0.1195 0.000268344 0.00528352 0.00555186
0.119667 0.000267576 0.00527087 0.00553844
0.119833 0.000266811 0.00525825 0.00552506
0.12 0.00026605 0.00524567 0.00551172
0.120167 0.000265292 0.00523313 0.00549842
0.120333 0.000264537 0.00522062 0.00548516
0.1205 0.000263786 0.00520814 0.00547193
0.120667 0.000263038 0.0051957 0.00545874
0.120833 0.000262293 0.0051833 0.00544559
0.121 0.000261552 0.00517092 0.00543247
0.121167 0.000260814 0.00515858 0.0054194
0.121333 0.000260079 0.00514628 0.00540636
0.1215 0.000259348 0.005134 0.00539335
0.121667 0.000258619 0.00512177 0.00538038
0.121833 0.000257894 0.00510956 0.00536745
0.122 0.000257172 0.00509739 0.00535456
0.122167 0.000256453 0.00508525 0.0053417
0.122333 0.000255737 0.00507314 0.00532888
0.1225 0.000255024 0.00506107 0.00531609
0.122667 0.000254314 0.00504903 0.00530334
0.122833 0.000253607 0.00503702 0.00529062
0.123 0.000252904 0.00502504 0.00527794
0.123167 0.000252203 0.0050131 0.0052653
0.123333 0.000251505 0.00500118 0.00525269
0.1235 0.00025081 0.0049893 0.00524011
0.123667 0.000250118 0.00497745 0.00522757
0.123833 0.000249429 0.00496564 0.00521507
0.124 0.000248743 0.00495385 0.0052026
0.124167 0.000248059 0.0049421 0.00519016
0.124333 0.000247379 0.00493038 0.00517776
0.1245 0.000246701 0.00491869 0.00516539
0.124667 0.000246026 0.00490703 0.00515305
0.124833 0.000245354 0.0048954 0.00514075
0.125 0.000244684 0.0048838 0.00512848
0.125167 0.000244018 0.00487223 0.00511625
0.125333 0.000243354 0.00486069 0.00510405
0.1255 0.000242692 0.00484919 0.00509188
0.125667 0.000242034 0.00483771 0.00507974
0.125833 0.000241378 0.00482627 0.00506764
0.126 0.000240724 0.00481485 0.00505557
0.126167 0.000240074 0.00480346 0.00504354
0.126333 0.000239425 0.00479211 0.00503153
0.1265 0.00023878 0.00478078 0.00501956
0.126667 0.000238137 0.00476949 0.00500762
0.126833 0.000237496 0.00475822 0.00499572
0.127 0.000236858 0.00474698 0.00498384
0.127167 0.000236223 0.00473578 0.004972
0.127333 0.00023559 0.0047246 0.00496019
0.1275 0.000234959 0.00471345 0.00494841
0.127667 0.000234331 0.00470233 0.00493666
0.127833 0.000233706 0.00469124 0.00492494
0.128 0.000233082 0.00468018 0.00491326
0.128167 0.000232462 0.00466914 0.0049016
0.128333 0.000231843 0.00465814 0.00488998
0.1285 0.000231227 0.00464716 0.00487839
0.128667 0.000230613 0.00463621 0.00486683
0.128833 0.000230002 0.0046253 0.0048553
0.129 0.000229393 0.0046144 0.0048438
0.129167 0.000228786 0.00460354 0.00483233
0.129333 0.000228182 0.00459271 0.00482089
0.1295 0.00022758 0.0045819 0.00480948
0.129667 0.00022698 0.00457112 0.0047981
0.129833 0.000226382 0.00456037 0.00478675
0.13 0.000225787 0.00454965 0.00477543
0.130167 0.000225194 0.00453895 0.00476414
0.130333 0.000224603 0.00452828 0.00475288
0.1305 0.000224014 0.00451764 0.00474165
0.130667 0.000223427 0.00450703 0.00473045
0.130833 0.000222843 0.00449644 0.00471928
0.131 0.00022226 0.00448588 0.00470814
0.131167 0.00022168 0.00447535 0.00469703
0.131333 0.000221102 0.00446484 0.00468594
0.1315 0.000220526 0.00445436 0.00467489
0.131667 0.000219952 0.00444391 0.00466386
0.131833 0.00021938 0.00443348 0.00465286
0.132 0.000218811 0.00442308 0.00464189
0.132167 0.000218243 0.00441271 0.00463095
0.132333 0.000217677 0.00440236 0.00462004
0.1325 0.000217114 0.00439204 0.00460916
0.132667 0.000216552 0.00438175 0.0045983
0.132833 0.000215992 0.00437148 0.00458747
0.133 0.000215435 0.00436124 0.00457667
0.133167 0.000214879 0.00435102 0.0045659
0.133333 0.000214325 0.00434083 0.00455516
0.1335 0.000213774 0.00433067 0.00454444
0.133667 0.000213224 0.00432053 0.00453375
0.133833 0.000212676 0.00431042 0.00452309
0.134 0.00021213 0.00430033 0.00451246
0.134167 0.000211586 0.00429027 0.00450185
0.134333 0.000211044 0.00428023 0.00449127
0.1345 0.000210503 0.00427022 0.00448072
0.134667 0.000209965 0.00426023 0.0044702
0.134833 0.000209428 0.00425027 0.0044597
0.135 0.000208894 0.00424033 0.00444923
0.135167 0.000208361 0.00423042 0.00443878
0.135333 0.00020783 0.00422053 0.00442836
0.1355 0.000207301 0.00421067 0.00441797
0.135667 0.000206773 0.00420083 0.00440761
0.135833 0.000206247 0.00419102 0.00439727
0.136 0.000205724 0.00418123 0.00438696
0.136167 0.000205201 0.00417147 0.00437667
0.136333 0.000204681 0.00416173 0.00436641
0.1365 0.000204162 0.00415201 0.00435618
0.136667 0.000203646 0.00414232 0.00434597
0.136833 0.00020313 0.00413265 0.00433579
0.137 0.000202617 0.00412301 0.00432563
0.137167 0.000202105 0.00411339 0.0043155
0.137333 0.000201595 0.0041038 0.00430539
0.1375 0.000201087 0.00409423 0.00429531
0.137667 0.00020058 0.00408468 0.00428526
0.137833 0.000200075 0.00407515 0.00427523
0.138 0.000199572 0.00406565 0.00426523
0.138167 0.00019907 0.00405618 0.00425525
0.138333 0.00019857 0.00404672 0.00424529
0.1385 0.000198072 0.00403729 0.00423536
0.138667 0.000197575 0.00402789 0.00422546
0.138833 0.00019708 0.0040185 0.00421558
0.139 0.000196587 0.00400914 0.00420573
0.139167 0.000196095 0.0039998 0.0041959
0.139333 0.000195604 0.00399049 0.00418609
0.1395 0.000195115 0.0039812 0.00417631
0.139667 0.000194628 0.00397193 0.00416656
0.139833 0.000194143 0.00396268 0.00415683
0.14 0.000193658 0.00395346 0.00414712
0.140167 0.000193176 0.00394426 0.00413744
0.140333 0.000192695 0.00393508 0.00412778
0.1405 0.000192215 0.00392593 0.00411814
0.140667 0.000191737 0.0039168 0.00410853
0.140833 0.000191261 0.00390768 0.00409895
0.141 0.000190786 0.0038986 0.00408938
0.141167 0.000190313 0.00388953 0.00407984
0.141333 0.000189841 0.00388049 0.00407033
0.1415 0.00018937 0.00387147 0.00406084
0.141667 0.000188901 0.00386247 0.00405137
0.141833 0.000188433 0.00385349 0.00404192
0.142 0.000187967 0.00384453 0.0040325
0.142167 0.000187503 0.0038356 0.0040231
0.142333 0.00018704 0.00382669 0.00401373
0.1425 0.000186578 0.0038178 0.00400438
0.142667 0.000186117 0.00380893 0.00399505
0.142833 0.000185658 0.00380008 0.00398574
0.143 0.000185201 0.00379126 0.00397646
0.143167 0.000184745 0.00378245 0.0039672
0.143333 0.00018429 0.00377367 0.00395796
0.1435 0.000183837 0.00376491 0.00394875
0.143667 0.000183385 0.00375617 0.00393955
0.143833 0.000182934 0.00374745 0.00393038
0.144 0.000182485 0.00373875 0.00392124
0.144167 0.000182037 0.00373008 0.00391211
0.144333 0.000181591 0.00372142 0.00390301
0.1445 0.000181145 0.00371279 0.00389393
0.144667 0.000180702 0.00370417 0.00388487
0.144833 0.000180259 0.00369558 0.00387584
0.145 0.000179818 0.00368701 0.00386683
0.145167 0.000179378 0.00367846 0.00385784
0.145333 0.00017894 0.00366993 0.00384887
0.1455 0.000178503 0.00366142 0.00383992
0.145667 0.000178067 0.00365293 0.00383099
0.145833 0.000177632 0.00364446 0.00382209
0.146 0.000177199 0.00363601 0.00381321
0.146167 0.000176767 0.00362758 0.00380435
0.146333 0.000176336 0.00361918 0.00379551
0.1465 0.000175906 0.00361079 0.00378669
0.146667 0.000175478 0.00360242 0.0037779
0.146833 0.000175051 0.00359407 0.00376913
0.147 0.000174626 0.00358575 0.00376037
0.147167 0.000174201 0.00357744 0.00375164
0.147333 0.000173778 0.00356915 0.00374293
0.1475 0.000173356 0.00356089 0.00373424
0.147667 0.000172935 0.00355264 0.00372558
0.147833 0.000172516 0.00354441 0.00371693
0.148 0.000172097 0.00353621 0.0037083
0.148167 0.00017168 0.00352802 0.0036997
0.148333 0.000171264 0.00351985 0.00369111
0.1485 0.00017085 0.0035117 0.00368255
0.148667 0.000170436 0.00350357 0.00367401
0.148833 0.000170024 0.00349546 0.00366549
0.149 0.000169613 0.00348737 0.00365698
0.149167 0.000169203 0.0034793 0.0036485
0.149333 0.000168794 0.00347125 0.00364004
0.1495 0.000168387 0.00346322 0.0036316
0.149667 0.00016798 0.00345521 0.00362319
0.149833 0.000167575 0.00344721 0.00361479
0.15 0.000167171 0.00343924 0.00360641
0.150167 0.000166768 0.00343128 0.00359805
0.150333 0.000166366 0.00342334 0.00358971
0.1505 0.000165965 0.00341543 0.00358139
0.150667 0.000165566 0.00340753 0.00357309
0.150833 0.000165167 0.00339965 0.00356482
0.151 0.00016477 0.00339179 0.00355656
0.151167 0.000164374 0.00338394 0.00354832
0.151333 0.000163979 0.00337612 0.0035401
0.1515 0.000163585 0.00336832 0.0035319
0.151667 0.000163192 0.00336053 0.00352372
0.151833 0.0001628 0.00335276 0.00351556
0.152 0.000162409 0.00334501 0.00350742
0.152167 0.00016202 0.00333728 0.0034993
0.152333 0.000161631 0.00332957 0.0034912
0.1525 0.000161244 0.00332188 0.00348312
0.152667 0.000160858 0.0033142 0.00347506
0.152833 0.000160472 0.00330654 0.00346701
0.153 0.000160088 0.0032989 0.00345899
0.153167 0.000159705 0.00329128 0.00345099
0.153333 0.000159323 0.00328368 0.003443
0.1535 0.000158942 0.00327609 0.00343503
0.153667 0.000158562 0.00326853 0.00342709
0.153833 0.000158183 0.00326098 0.00341916
0.154 0.000157805 0.00325345 0.00341125
0.154167 0.000157428 0.00324593 0.00340336
0.154333 0.000157052 0.00323844 0.00339549
0.1545 0.000156678 0.00323096 0.00338764
0.154667 0.000156304 0.0032235 0.0033798
0.154833 0.000155931 0.00321606 0.00337199
0.155 0.000155559 0.00320863 0.00336419
0.155167 0.000155189 0.00320122 0.00335641
0.155333 0.000154819 0.00319383 0.00334865
0.1555 0.00015445 0.00318646 0.00334091
0.155667 0.000154082 0.00317911 0.00333319
0.155833 0.000153716 0.00317177 0.00332549
0.156 0.00015335 0.00316445 0.0033178
0.156167 0.000152985 0.00315715 0.00331013
0.156333 0.000152621 0.00314986 0.00330248
0.1565 0.000152259 0.00314259 0.00329485
0.156667 0.000151897 0.00313534 0.00328724
0.156833 0.000151536 0.00312811 0.00327964
0.157 0.000151176 0.00312089 0.00327207
0.157167 0.000150817 0.00311369 0.00326451
0.157333 0.000150459 0.00310651 0.00325697
0.1575 0.000150102 0.00309934 0.00324944
0.157667 0.000149746 0.00309219 0.00324194
0.157833 0.000149391 0.00308506 0.00323445
0.158 0.000149037 0.00307795 0.00322698
0.158167 0.000148684 0.00307085 0.00321953
0.158333 0.000148331 0.00306377 0.0032121
0.1585 0.00014798 0.0030567 0.00320468
0.158667 0.00014763 0.00304965 0.00319728
0.158833 0.00014728 0.00304262 0.0031899
0.159 0.000146931 0.0030356 0.00318254
0.159167 0.000146584 0.00302861 0.00317519
0.159333 0.000146237 0.00302162 0.00316786
0.1595 0.000145891 0.00301466 0.00316055
0.159667 0.000145546 0.00300771 0.00315325
0.159833 0.000145202 0.00300077 0.00314598
0.16 0.000144859 0.00299386 0.00313872
0.160167 0.000144517 0.00298696 0.00313147
0.160333 0.000144176 0.00298007 0.00312425
0.1605 0.000143835 0.0029732 0.00311704
0.160667 0.000143496 0.00296635 0.00310985
0.160833 0.000143157 0.00295951 0.00310267
0.161 0.000142819 0.00295269 0.00309551
0.161167 0.000142483 0.00294589 0.00308837
0.161333 0.000142147 0.0029391 0.00308125
0.1615 0.000141811 0.00293233 0.00307414
0.161667 0.000141477 0.00292557 0.00306705
0.161833 0.000141144 0.00291883 0.00305998
0.162 0.000140811 0.00291211 0.00305292
0.162167 0.00014048 0.0029054 0.00304588
0.162333 0.000140149 0.00289871 0.00303886
0.1625 0.000139819 0.00289203 0.00303185
0.162667 0.00013949 0.00288537 0.00302486
0.162833 0.000139162 0.00287872 0.00301788
0.163 0.000138834 0.00287209 0.00301092
0.163167 0.000138508 0.00286548 0.00300398
0.163333 0.000138182 0.00285888 0.00299706
0.1635 0.000137857 0.00285229 0.00299015
0.163667 0.000137533 0.00284572 0.00298326
0.163833 0.00013721 0.00283917 0.00297638
0.164 0.000136887 0.00283263 0.00296952
0.164167 0.000136566 0.00282611 0.00296267
0.164333 0.000136245 0.0028196 0.00295585
0.1645 0.000135925 0.00281311 0.00294903
0.164667 0.000135606 0.00280663 0.00294224
0.164833 0.000135288 0.00280017 0.00293546
0.165 0.00013497 0.00279372 0.00292869
0.165167 0.000134654 0.00278729 0.00292194
0.165333 0.000134338 0.00278087 0.00291521
0.1655 0.000134023 0.00277447 0.00290849
0.165667 0.000133709 0.00276808 0.00290179
0.165833 0.000133395 0.00276171 0.00289511
0.166 0.000133082 0.00275536 0.00288844
0.166167 0.000132771 0.00274901 0.00288178
0.166333 0.000132459 0.00274269 0.00287515
0.1665 0.000132149 0.00273637 0.00286852
0.166667 0.00013184 0.00273008 0.00286191
0.166833 0.000131531 0.00272379 0.00285532
0.167 0.000131223 0.00271752 0.00284875
0.167167 0.000130916 0.00271127 0.00284219
0.167333 0.000130609 0.00270503 0.00283564
0.1675 0.000130304 0.00269881 0.00282911
0.167667 0.000129999 0.00269259 0.00282259
0.167833 0.000129695 0.0026864 0.00281609
0.168 0.000129392 0.00268022 0.00280961
0.168167 0.000129089 0.00267405 0.00280314
0.168333 0.000128787 0.0026679 0.00279669
0.1685 0.000128486 0.00266176 0.00279025
0.168667 0.000128186 0.00265564 0.00278382
0.168833 0.000127886 0.00264953 0.00277741
0.169 0.000127587 0.00264343 0.00277102
0.169167 0.000127289 0.00263735 0.00276464
0.169333 0.000126992 0.00263128 0.00275827
0.1695 0.000126696 0.00262523 0.00275192
0.169667 0.0001264 0.00261919 0.00274559
0.169833 0.000126105 0.00261316 0.00273927
0.17 0.00012581 0.00260715 0.00273296
0.170167 0.000125517 0.00260116 0.00272667
0.170333 0.000125224 0.00259517 0.0027204
0.1705 0.000124932 0.00258921 0.00271414
0.170667 0.00012464 0.00258325 0.00270789
0.170833 0.000124349 0.00257731 0.00270166
0.171 0.000124059 0.00257138 0.00269544
0.171167 0.00012377 0.00256547 0.00268924
0.171333 0.000123482 0.00255957 0.00268305
0.1715 0.000123194 0.00255368 0.00267688
0.171667 0.000122907 0.00254781 0.00267072
0.171833 0.00012262 0.00254195 0.00266457
0.172 0.000122335 0.0025361 0.00265844
0.172167 0.00012205 0.00253027 0.00265232
0.172333 0.000121765 0.00252445 0.00264622
0.1725 0.000121482 0.00251865 0.00264013
0.172667 0.000121199 0.00251286 0.00263406
0.172833 0.000120917 0.00250708 0.002628
0.173 0.000120635 0.00250132 0.00262195
0.173167 0.000120354 0.00249557 0.00261592
0.173333 0.000120074 0.00248983 0.0026099
0.1735 0.000119795 0.0024841 0.0026039
0.173667 0.000119516 0.00247839 0.00259791
0.173833 0.000119238 0.0024727 0.00259193
0.174 0.00011896 0.00246701 0.00258597
0.174167 0.000118684 0.00246134 0.00258002
0.174333 0.000118408 0.00245568 0.00257409
0.1745 0.000118132 0.00245004 0.00256817
0.174667 0.000117858 0.0024444 0.00256226
0.174833 0.000117584 0.00243879 0.00255637
0.175 0.00011731 0.00243318 0.00255049
0.175167 0.000117038 0.00242759 0.00254462
0.175333 0.000116766 0.00242201 0.00253877
0.1755 0.000116494 0.00241644 0.00253293
0.175667 0.000116224 0.00241089 0.00252711
0.175833 0.000115954 0.00240534 0.0025213
0.176 0.000115684 0.00239982 0.0025155
0.176167 0.000115416 0.0023943 0.00250972
0.176333 0.000115148 0.0023888 0.00250395
0.1765 0.00011488 0.00238331 0.00249819
0.176667 0.000114613 0.00237783 0.00249244
0.176833 0.000114347 0.00237237 0.00248671
0.177 0.000114082 0.00236691 0.002481
0.177167 0.000113817 0.00236148 0.00247529
0.177333 0.000113553 0.00235605 0.0024696
0.1775 0.000113289 0.00235063 0.00246392
0.177667 0.000113026 0.00234523 0.00245826
0.177833 0.000112764 0.00233984 0.00245261
0.178 0.000112503 0.00233447 0.00244697
0.178167 0.000112242 0.0023291 0.00244134
0.178333 0.000111981 0.00232375 0.00243573
0.1785 0.000111722 0.00231841 0.00243013
0.178667 0.000111462 0.00231308 0.00242455
0.178833 0.000111204 0.00230777 0.00241897
0.179 0.000110946 0.00230247 0.00241341
0.179167 0.000110689 0.00229718 0.00240787
0.179333 0.000110432 0.0022919 0.00240233
0.1795 0.000110176 0.00228663 0.00239681
0.179667 0.000109921 0.00228138 0.0023913
0.179833 0.000109666 0.00227614 0.00238581
0.18 0.000109412 0.00227091 0.00238032
0.180167 0.000109159 0.00226569 0.00237485
0.180333 0.000108906 0.00226049 0.00236939
0.1805 0.000108653 0.0022553 0.00236395
0.180667 0.000108402 0.00225011 0.00235852
0.180833 0.000108151 0.00224495 0.0023531
0.181 0.0001079 0.00223979 0.00234769
0.181167 0.00010765 0.00223464 0.00234229
0.181333 0.000107401 0.00222951 0.00233691
0.1815 0.000107152 0.00222439 0.00233154
0.181667 0.000106904 0.00221928 0.00232618
0.181833 0.000106657 0.00221418 0.00232084
0.182 0.00010641 0.0022091 0.00231551
0.182167 0.000106164 0.00220402 0.00231018
0.182333 0.000105918 0.00219896 0.00230488
0.1825 0.000105673 0.00219391 0.00229958
0.182667 0.000105428 0.00218887 0.0022943
0.182833 0.000105184 0.00218384 0.00228903
0.183 0.000104941 0.00217883 0.00228377
0.183167 0.000104698 0.00217382 0.00227852
0.183333 0.000104456 0.00216883 0.00227328
0.1835 0.000104214 0.00216385 0.00226806
0.183667 0.000103973 0.00215888 0.00226285
0.183833 0.000103733 0.00215392 0.00225765
0.184 0.000103493 0.00214897 0.00225247
0.184167 0.000103253 0.00214404 0.00224729
0.184333 0.000103015 0.00213911 0.00224213
0.1845 0.000102777 0.0021342 0.00223698
0.184667 0.000102539 0.0021293 0.00223184
0.184833 0.000102302 0.00212441 0.00222671
0.185 0.000102065 0.00211953 0.0022216
0.185167 0.000101829 0.00211466 0.00221649
0.185333 0.000101594 0.00210981 0.0022114
0.1855 0.000101359 0.00210496 0.00220632
0.185667 0.000101125 0.00210013 0.00220125
0.185833 0.000100891 0.00209531 0.0021962
0.186 0.000100658 0.0020905 0.00219115
0.186167 0.000100426 0.00208569 0.00218612
0.186333 0.000100194 0.00208091 0.0021811
0.1865 9.99621e-05 0.00207613 0.00217609
0.186667 9.97312e-05 0.00207136 0.00217109
0.186833 9.95008e-05 0.0020666 0.0021661
0.187 9.9271e-05 0.00206186 0.00216113
0.187167 9.90417e-05 0.00205712 0.00215617
0.187333 9.8813e-05 0.0020524 0.00215121
0.1875 9.85848e-05 0.00204769 0.00214627
0.187667 9.83571e-05 0.00204299 0.00214134
0.187833 9.813e-05 0.0020383 0.00213643
0.188 9.79034e-05 0.00203362 0.00213152
0.188167 9.76774e-05 0.00202895 0.00212662
0.188333 9.74519e-05 0.00202429 0.00212174
0.1885 9.72269e-05 0.00201964 0.00211687
0.188667 9.70024e-05 0.002015 0.00211201
0.188833 9.67785e-05 0.00201038 0.00210716
0.189 9.65551e-05 0.00200576 0.00210232
0.189167 9.63323e-05 0.00200116 0.00209749
0.189333 9.611e-05 0.00199656 0.00209267
0.1895 9.58882e-05 0.00199198 0.00208787
0.189667 9.56669e-05 0.00198741 0.00208307
0.189833 9.54461e-05 0.00198284 0.00207829
0.19 9.52259e-05 0.00197829 0.00207352
0.190167 9.50062e-05 0.00197375 0.00206876
0.190333 9.4787e-05 0.00196922 0.00206401
0.1905 9.45683e-05 0.0019647 0.00205927
0.190667 9.43502e-05 0.00196019 0.00205454
0.190833 9.41325e-05 0.00195569 0.00204982
0.191 9.39154e-05 0.0019512 0.00204511
0.191167 9.36988e-05 0.00194672 0.00204042
0.191333 9.34827e-05 0.00194225 0.00203573
0.1915 9.32671e-05 0.00193779 0.00203106
0.191667 9.3052e-05 0.00193334 0.0020264
0.191833 9.28374e-05 0.00192891 0.00202174
0.192 9.26233e-05 0.00192448 0.0020171
0.192167 9.24097e-05 0.00192006 0.00201247
0.192333 9.21967e-05 0.00191565 0.00200785
0.1925 9.19841e-05 0.00191126 0.00200324
0.192667 9.1772e-05 0.00190687 0.00199864
0.192833 9.15604e-05 0.00190249 0.00199405
0.193 9.13494e-05 0.00189813 0.00198947
0.193167 9.11388e-05 0.00189377 0.00198491
0.193333 9.09287e-05 0.00188942 0.00198035
0.1935 9.07191e-05 0.00188508 0.0019758
0.193667 9.051e-05 0.00188076 0.00197127
0.193833 9.03014e-05 0.00187644 0.00196674
0.194 9.00933e-05 0.00187213 0.00196223
0.194167 8.98857e-05 0.00186784 0.00195772
0.194333 8.96785e-05 0.00186355 0.00195323
0.1945 8.94719e-05 0.00185927 0.00194874
0.194667 8.92657e-05 0.00185501 0.00194427
0.194833 8.906e-05 0.00185075 0.00193981
0.195 8.88548e-05 0.0018465 0.00193535
0.195167 8.86501e-05 0.00184226 0.00193091
0.195333 8.84459e-05 0.00183803 0.00192648
0.1955 8.82421e-05 0.00183381 0.00192206
0.195667 8.80388e-05 0.00182961 0.00191764
0.195833 8.7836e-05 0.00182541 0.00191324
0.196 8.76337e-05 0.00182122 0.00190885
0.196167 8.74318e-05 0.00181704 0.00190447
0.196333 8.72304e-05 0.00181287 0.0019001
0.1965 8.70295e-05 0.00180871 0.00189574
0.196667 8.68291e-05 0.00180456 0.00189138
0.196833 8.66291e-05 0.00180041 0.00188704
0.197 8.64296e-05 0.00179628 0.00188271
0.197167 8.62305e-05 0.00179216 0.00187839
0.197333 8.6032e-05 0.00178805 0.00187408
0.1975 8.58338e-05 0.00178394 0.00186978
0.197667 8.56362e-05 0.00177985 0.00186549
0.197833 8.5439e-05 0.00177576 0.0018612
0.198 8.52423e-05 0.00177169 0.00185693
0.198167 8.5046e-05 0.00176762 0.00185267
0.198333 8.48502e-05 0.00176357 0.00184842
0.1985 8.46549e-05 0.00175952 0.00184417
0.198667 8.446e-05 0.00175548 0.00183994
0.198833 8.42655e-05 0.00175145 0.00183572
0.199 8.40716e-05 0.00174743 0.00183151
0.199167 8.3878e-05 0.00174342 0.0018273
0.199333 8.3685e-05 0.00173942 0.00182311
0.1995 8.34923e-05 0.00173543 0.00181892
0.199667 8.33002e-05 0.00173145 0.00181475
0.199833 8.31084e-05 0.00172748 0.00181058
0.2 8.29171e-05 0.00172351 0.00180643
0.200167 8.27263e-05 0.00171956 0.00180228
0.200333 8.25359e-05 0.00171561 0.00179815
0.2005 8.2346e-05 0.00171167 0.00179402
0.200667 8.21565e-05 0.00170775 0.0017899
0.200833 8.19674e-05 0.00170383 0.0017858
0.201 8.17788e-05 0.00169992 0.0017817
0.201167 8.15906e-05 0.00169602 0.00177761
0.201333 8.14029e-05 0.00169213 0.00177353
0.2015 8.12156e-05 0.00168824 0.00176946
0.201667 8.10287e-05 0.00168437 0.0017654
0.201833 8.08423e-05 0.0016805 0.00176135
0.202 8.06563e-05 0.00167665 0.0017573
0.202167 8.04707e-05 0.0016728 0.00175327
0.202333 8.02856e-05 0.00166896 0.00174925
0.2025 8.01009e-05 0.00166513 0.00174523
0.202667 7.99166e-05 0.00166131 0.00174123
0.202833 7.97328e-05 0.0016575 0.00173723
0.203 7.95493e-05 0.0016537 0.00173325
0.203167 7.93664e-05 0.0016499 0.00172927
0.203333 7.91838e-05 0.00164612 0.0017253
0.2035 7.90017e-05 0.00164234 0.00172134
0.203667 7.88199e-05 0.00163857 0.00171739
0.203833 7.86387e-05 0.00163481 0.00171345
0.204 7.84578e-05 0.00163106 0.00170952
0.204167 7.82773e-05 0.00162732 0.00170559
0.204333 7.80973e-05 0.00162358 0.00170168
0.2045 7.79177e-05 0.00161986 0.00169778
0.204667 7.77385e-05 0.00161614 0.00169388
0.204833 7.75597e-05 0.00161243 0.00168999
0.205 7.73814e-05 0.00160873 0.00168612
0.205167 7.72034e-05 0.00160504 0.00168225
0.205333 7.70259e-05 0.00160136 0.00167839
0.2055 7.68488e-05 0.00159769 0.00167453
0.205667 7.66721e-05 0.00159402 0.00167069
0.205833 7.64958e-05 0.00159036 0.00166686
0.206 7.63199e-05 0.00158671 0.00166303
0.206167 7.61444e-05 0.00158307 0.00165922
0.206333 7.59693e-05 0.00157944 0.00165541
0.2065 7.57946e-05 0.00157582 0.00165161
0.206667 7.56204e-05 0.0015722 0.00164782
0.206833 7.54465e-05 0.00156859 0.00164404
0.207 7.52731e-05 0.001565 0.00164027
0.207167 7.51e-05 0.00156141 0.00163651
0.207333 7.49274e-05 0.00155782 0.00163275
0.2075 7.47551e-05 0.00155425 0.001629
0.207667 7.45833e-05 0.00155068 0.00162527
0.207833 7.44118e-05 0.00154713 0.00162154
0.208 7.42408e-05 0.00154358 0.00161782
0.208167 7.40701e-05 0.00154003 0.0016141
0.208333 7.38999e-05 0.0015365 0.0016104
0.2085 7.373e-05 0.00153298 0.00160671
0.208667 7.35605e-05 0.00152946 0.00160302
0.208833 7.33914e-05 0.00152595 0.00159934
0.209 7.32228e-05 0.00152245 0.00159567
0.209167 7.30545e-05 0.00151896 0.00159201
0.209333 7.28866e-05 0.00151547 0.00158836
0.2095 7.2719e-05 0.00151199 0.00158471
0.209667 7.25519e-05 0.00150853 0.00158108
0.209833 7.23852e-05 0.00150506 0.00157745
0.21 7.22188e-05 0.00150161 0.00157383
0.210167 7.20529e-05 0.00149817 0.00157022
0.210333 7.18873e-05 0.00149473 0.00156662
0.2105 7.17221e-05 0.0014913 0.00156302
0.210667 7.15572e-05 0.00148788 0.00155944
0.210833 7.13928e-05 0.00148447 0.00155586
0.211 7.12288e-05 0.00148106 0.00155229
0.211167 7.10651e-05 0.00147766 0.00154873
0.211333 7.09018e-05 0.00147427 0.00154517
0.2115 7.07389e-05 0.00147089 0.00154163
0.211667 7.05763e-05 0.00146752 0.00153809
0.211833 7.04142e-05 0.00146415 0.00153456
0.212 7.02524e-05 0.00146079 0.00153104
0.212167 7.0091e-05 0.00145744 0.00152753
0.212333 6.99299e-05 0.0014541 0.00152403
0.2125 6.97692e-05 0.00145076 0.00152053
0.212667 6.96089e-05 0.00144743 0.00151704
0.212833 6.9449e-05 0.00144411 0.00151356
0.213 6.92895e-05 0.0014408 0.00151009
0.213167 6.91303e-05 0.00143749 0.00150662
0.213333 6.89714e-05 0.0014342 0.00150317
0.2135 6.8813e-05 0.00143091 0.00149972
0.213667 6.86549e-05 0.00142762 0.00149628
0.213833 6.84972e-05 0.00142435 0.00149285
0.214 6.83398e-05 0.00142108 0.00148942
0.214167 6.81828e-05 0.00141782 0.001486
0.214333 6.80262e-05 0.00141457 0.00148259
0.2145 6.78699e-05 0.00141132 0.00147919
0.214667 6.7714e-05 0.00140809 0.0014758
0.214833 6.75585e-05 0.00140486 0.00147241
0.215 6.74033e-05 0.00140163 0.00146904
0.215167 6.72485e-05 0.00139842 0.00146567
0.215333 6.7094e-05 0.00139521 0.0014623
0.2155 6.69399e-05 0.00139201 0.00145895
0.215667 6.67861e-05 0.00138882 0.0014556
0.215833 6.66327e-05 0.00138563 0.00145226
0.216 6.64797e-05 0.00138245 0.00144893
0.216167 6.6327e-05 0.00137928 0.00144561
0.216333 6.61747e-05 0.00137612 0.00144229
0.2165 6.60227e-05 0.00137296 0.00143898
0.216667 6.5871e-05 0.00136981 0.00143568
0.216833 6.57198e-05 0.00136667 0.00143239
0.217 6.55688e-05 0.00136353 0.0014291
0.217167 6.54182e-05 0.0013604 0.00142582
0.217333 6.5268e-05 0.00135728 0.00142255
0.2175 6.51181e-05 0.00135417 0.00141929
0.217667 6.49685e-05 0.00135106 0.00141603
0.217833 6.48193e-05 0.00134796 0.00141278
0.218 6.46705e-05 0.00134487 0.00140954
0.218167 6.4522e-05 0.00134179 0.00140631
0.218333 6.43738e-05 0.00133871 0.00140308
0.2185 6.4226e-05 0.00133564 0.00139986
0.218667 6.40785e-05 0.00133257 0.00139665
0.218833 6.39313e-05 0.00132952 0.00139345
0.219 6.37845e-05 0.00132647 0.00139025
0.219167 6.36381e-05 0.00132343 0.00138706
0.219333 6.34919e-05 0.00132039 0.00138388
0.2195 6.33461e-05 0.00131736 0.00138071
0.219667 6.32007e-05 0.00131434 0.00137754
0.219833 6.30555e-05 0.00131132 0.00137438
0.22 6.29108e-05 0.00130832 0.00137123
0.220167 6.27663e-05 0.00130531 0.00136808
0.220333 6.26222e-05 0.00130232 0.00136494
0.2205 6.24784e-05 0.00129933 0.00136181
0.220667 6.23349e-05 0.00129635 0.00135869
0.220833 6.21918e-05 0.00129338 0.00135557
0.221 6.2049e-05 0.00129041 0.00135246
0.221167 6.19066e-05 0.00128745 0.00134936
0.221333 6.17644e-05 0.0012845 0.00134626
0.2215 6.16226e-05 0.00128155 0.00134318
0.221667 6.14811e-05 0.00127861 0.00134009
0.221833 6.134e-05 0.00127568 0.00133702
0.222 6.11991e-05 0.00127275 0.00133395
0.222167 6.10586e-05 0.00126983 0.00133089
0.222333 6.09184e-05 0.00126692 0.00132784
0.2225 6.07786e-05 0.00126402 0.00132479
0.222667 6.0639e-05 0.00126112 0.00132176
0.222833 6.04998e-05 0.00125822 0.00131872
0.223 6.03609e-05 0.00125534 0.0013157
0.223167 6.02224e-05 0.00125246 0.00131268
0.223333 6.00841e-05 0.00124959 0.00130967
0.2235 5.99462e-05 0.00124672 0.00130667
0.223667 5.98086e-05 0.00124386 0.00130367
0.223833 5.96713e-05 0.00124101 0.00130068
0.224 5.95343e-05 0.00123816 0.00129769
0.224167 5.93976e-05 0.00123532 0.00129472
0.224333 5.92613e-05 0.00123249 0.00129175
0.2245 5.91252e-05 0.00122966 0.00128878
0.224667 5.89895e-05 0.00122684 0.00128583
0.224833 5.88541e-05 0.00122402 0.00128288
0.225 5.8719e-05 0.00122122 0.00127994
0.225167 5.85842e-05 0.00121842 0.001277
0.225333 5.84497e-05 0.00121562 0.00127407
0.2255 5.83155e-05 0.00121283 0.00127115
0.225667 5.81817e-05 0.00121005 0.00126823
0.225833 5.80481e-05 0.00120728 0.00126532
0.226 5.79149e-05 0.00120451 0.00126242
0.226167 5.77819e-05 0.00120174 0.00125953
0.226333 5.76493e-05 0.00119899 0.00125664
0.2265 5.7517e-05 0.00119624 0.00125375
0.226667 5.7385e-05 0.00119349 0.00125088
0.226833 5.72532e-05 0.00119076 0.00124801
0.227 5.71218e-05 0.00118802 0.00124515
0.227167 5.69907e-05 0.0011853 0.00124229
0.227333 5.68599e-05 0.00118258 0.00123944
0.2275 5.67294e-05 0.00117987 0.0012366
0.227667 5.65992e-05 0.00117716 0.00123376
0.227833 5.64693e-05 0.00117446 0.00123093
0.228 5.63397e-05 0.00117177 0.00122811
0.228167 5.62104e-05 0.00116908 0.00122529
0.228333 5.60813e-05 0.0011664 0.00122248
0.2285 5.59526e-05 0.00116372 0.00121968
0.228667 5.58242e-05 0.00116105 0.00121688
0.228833 5.56961e-05 0.00115839 0.00121409
0.229 5.55683e-05 0.00115573 0.0012113
0.229167 5.54407e-05 0.00115308 0.00120852
0.229333 5.53135e-05 0.00115044 0.00120575
0.2295 5.51865e-05 0.0011478 0.00120299
0.229667 5.50599e-05 0.00114517 0.00120023
0.229833 5.49335e-05 0.00114254 0.00119747
0.23 5.48074e-05 0.00113992 0.00119473
0.230167 5.46816e-05 0.0011373 0.00119199
0.230333 5.45562e-05 0.0011347 0.00118925
0.2305 5.44309e-05 0.00113209 0.00118652
0.230667 5.4306e-05 0.0011295 0.0011838
0.230833 5.41814e-05 0.00112691 0.00118109
0.231 5.40571e-05 0.00112432 0.00117838
0.231167 5.3933e-05 0.00112174 0.00117568
0.231333 5.38092e-05 0.00111917 0.00117298
0.2315 5.36857e-05 0.0011166 0.00117029
0.231667 5.35625e-05 0.00111404 0.0011676
0.231833 5.34396e-05 0.00111149 0.00116493
0.232 5.3317e-05 0.00110894 0.00116225
0.232167 5.31946e-05 0.00110639 0.00115959
0.232333 5.30726e-05 0.00110386 0.00115693
0.2325 5.29508e-05 0.00110132 0.00115428
0.232667 5.28293e-05 0.0010988 0.00115163
0.232833 5.2708e-05 0.00109628 0.00114899
0.233 5.25871e-05 0.00109376 0.00114635
0.233167 5.24664e-05 0.00109126 0.00114372
0.233333 5.2346e-05 0.00108875 0.0011411
0.2335 5.22259e-05 0.00108626 0.00113848
0.233667 5.2106e-05 0.00108376 0.00113587
0.233833 5.19865e-05 0.00108128 0.00113326
0.234 5.18672e-05 0.0010788 0.00113066
0.234167 5.17481e-05 0.00107632 0.00112807
0.234333 5.16294e-05 0.00107385 0.00112548
0.2345 5.15109e-05 0.00107139 0.0011229
0.234667 5.13927e-05 0.00106893 0.00112033
0.234833 5.12748e-05 0.00106648 0.00111776
0.235 5.11571e-05 0.00106404 0.00111519
0.235167 5.10398e-05 0.0010616 0.00111264
0.235333 5.09226e-05 0.00105916 0.00111008
0.2355 5.08058e-05 0.00105673 0.00110754
0.235667 5.06892e-05 0.00105431 0.001105
0.235833 5.05729e-05 0.00105189 0.00110246
0.236 5.04569e-05 0.00104948 0.00109993
0.236167 5.03411e-05 0.00104707 0.00109741
0.236333 5.02256e-05 0.00104467 0.00109489
0.2365 5.01103e-05 0.00104227 0.00109238
0.236667 4.99953e-05 0.00103988 0.00108988
0.236833 4.98806e-05 0.0010375 0.00108738
0.237 4.97662e-05 0.00103512 0.00108488
0.237167 4.9652e-05 0.00103274 0.0010824
0.237333 4.95381e-05 0.00103037 0.00107991
0.2375 4.94244e-05 0.00102801 0.00107744
0.237667 4.9311e-05 0.00102565 0.00107496
0.237833 4.91979e-05 0.0010233 0.0010725
0.238 4.9085e-05 0.00102095 0.00107004
0.238167 4.89723e-05 0.00101861 0.00106759
0.238333 4.886e-05 0.00101628 0.00106514
0.2385 4.87479e-05 0.00101395 0.00106269
0.238667 4.8636e-05 0.00101162 0.00106026
0.238833 4.85244e-05 0.0010093 0.00105782
0.239 4.84131e-05 0.00100699 0.0010554
0.239167 4.8302e-05 0.00100468 0.00105298
0.239333 4.81912e-05 0.00100237 0.00105056
0.2395 4.80806e-05 0.00100007 0.00104815
0.239667 4.79703e-05 0.000997779 0.00104575
0.239833 4.78603e-05 0.00099549 0.00104335
0.24 4.77504e-05 0.000993207 0.00104096
0.240167 4.76409e-05 0.000990929 0.00103857
0.240333 4.75316e-05 0.000988656 0.00103619
0.2405 4.74225e-05 0.000986389 0.00103381
0.240667 4.73137e-05 0.000984126 0.00103144
0.240833 4.72052e-05 0.000981869 0.00102907
0.241 4.70969e-05 0.000979617 0.00102671
0.241167 4.69888e-05 0.00097737 0.00102436
0.241333 4.6881e-05 0.000975129 0.00102201
0.2415 4.67735e-05 0.000972892 0.00101967
0.241667 4.66662e-05 0.000970661 0.00101733
0.241833 4.65591e-05 0.000968435 0.00101499
0.242 4.64523e-05 0.000966214 0.00101267
0.242167 4.63457e-05 0.000963998 0.00101034
0.242333 4.62394e-05 0.000961787 0.00100803
0.2425 4.61333e-05 0.000959581 0.00100571
0.242667 4.60274e-05 0.00095738 0.00100341
0.242833 4.59218e-05 0.000955184 0.00100111
0.243 4.58165e-05 0.000952993 0.00099881
0.243167 4.57114e-05 0.000950808 0.000996519
0.243333 4.56065e-05 0.000948627 0.000994233
0.2435 4.55019e-05 0.000946451 0.000991953
0.243667 4.53975e-05 0.000944281 0.000989678
0.243833 4.52933e-05 0.000942115 0.000987408
0.244 4.51894e-05 0.000939954 0.000985143
0.244167 4.50858e-05 0.000937798 0.000982884
0.244333 4.49823e-05 0.000935647 0.00098063
0.2445 4.48791e-05 0.000933501 0.000978381
0.244667 4.47762e-05 0.00093136 0.000976137
0.244833 4.46734e-05 0.000929224 0.000973898
0.245 4.4571e-05 0.000927093 0.000971664
0.245167 4.44687e-05 0.000924967 0.000969436
0.245333 4.43667e-05 0.000922845 0.000967212
0.2455 4.42649e-05 0.000920729 0.000964994
0.245667 4.41634e-05 0.000918617 0.000962781
0.245833 4.40621e-05 0.00091651 0.000960572
0.246 4.3961e-05 0.000914408 0.000958369
0.246167 4.38601e-05 0.000912311 0.000956171
0.246333 4.37595e-05 0.000910219 0.000953978
0.2465 4.36591e-05 0.000908131 0.00095179
0.246667 4.3559e-05 0.000906048 0.000949607
0.246833 4.3459e-05 0.00090397 0.000947429
0.247 4.33593e-05 0.000901897 0.000945256
0.247167 4.32599e-05 0.000899829 0.000943088
0.247333 4.31606e-05 0.000897765 0.000940925
0.2475 4.30616e-05 0.000895706 0.000938767
0.247667 4.29628e-05 0.000893652 0.000936614
0.247833 4.28643e-05 0.000891602 0.000934466
0.248 4.27659e-05 0.000889557 0.000932323
0.248167 4.26678e-05 0.000887517 0.000930185
0.248333 4.257e-05 0.000885481 0.000928051
0.2485 4.24723e-05 0.000883451 0.000925923
0.248667 4.23749e-05 0.000881424 0.000923799
0.248833 4.22777e-05 0.000879403 0.00092168
0.249 4.21807e-05 0.000877386 0.000919567
0.249167 4.20839e-05 0.000875374 0.000917458
0.249333 4.19874e-05 0.000873366 0.000915353
0.2495 4.18911e-05 0.000871363 0.000913254
0.249667 4.1795e-05 0.000869364 0.000911159
0.249833 4.16991e-05 0.000867371 0.00090907
0.25 4.16034e-05 0.000865381 0.000906985
0.250167 4.1508e-05 0.000863397 0.000904905
0.250333 4.14128e-05 0.000861416 0.000902829
0.2505 4.13178e-05 0.000859441 0.000900759
0.250667 4.1223e-05 0.00085747 0.000898693
0.250833 4.11284e-05 0.000855503 0.000896631
0.251 4.10341e-05 0.000853541 0.000894575
0.251167 4.094e-05 0.000851583 0.000892523
0.251333 4.08461e-05 0.00084963 0.000890476
0.2515 4.07524e-05 0.000847682 0.000888434
0.251667 4.06589e-05 0.000845738 0.000886396
0.251833 4.05656e-05 0.000843798 0.000884363
0.252 4.04726e-05 0.000841863 0.000882335
0.252167 4.03797e-05 0.000839932 0.000880312
0.252333 4.02871e-05 0.000838006 0.000878293
0.2525 4.01947e-05 0.000836084 0.000876278
0.252667 4.01025e-05 0.000834166 0.000874269
0.252833 4.00105e-05 0.000832253 0.000872263
0.253 3.99187e-05 0.000830344 0.000870263
0.253167 3.98271e-05 0.00082844 0.000868267
0.253333 3.97358e-05 0.00082654 0.000866276
0.2535 3.96446e-05 0.000824644 0.000864289
0.253667 3.95537e-05 0.000822753 0.000862307
0.253833 3.9463e-05 0.000820866 0.000860329
0.254 3.93724e-05 0.000818983 0.000858356
0.254167 3.92821e-05 0.000817105 0.000856387
0.254333 3.9192e-05 0.000815231 0.000854423
0.2545 3.91021e-05 0.000813361 0.000852463
0.254667 3.90124e-05 0.000811496 0.000850508
0.254833 3.89229e-05 0.000809635 0.000848558
0.255 3.88337e-05 0.000807778 0.000846612
0.255167 3.87446e-05 0.000805925 0.00084467
0.255333 3.86557e-05 0.000804077 0.000842733
0.2555 3.8567e-05 0.000802233 0.0008408
0.255667 3.84786e-05 0.000800393 0.000838871
0.255833 3.83903e-05 0.000798557 0.000836948
0.256 3.83022e-05 0.000796726 0.000835028
0.256167 3.82144e-05 0.000794899 0.000833113
0.256333 3.81267e-05 0.000793075 0.000831202
0.2565 3.80393e-05 0.000791257 0.000829296
0.256667 3.7952e-05 0.000789442 0.000827394
0.256833 3.7865e-05 0.000787631 0.000825496
0.257 3.77781e-05 0.000785825 0.000823603
0.257167 3.76915e-05 0.000784023 0.000821714
0.257333 3.7605e-05 0.000782225 0.00081983
0.2575 3.75188e-05 0.000780431 0.000817949
0.257667 3.74327e-05 0.000778641 0.000816073
0.257833 3.73468e-05 0.000776855 0.000814202
0.258 3.72612e-05 0.000775073 0.000812334
0.258167 3.71757e-05 0.000773296 0.000810471
0.258333 3.70904e-05 0.000771522 0.000808613
0.2585 3.70054e-05 0.000769753 0.000806758
0.258667 3.69205e-05 0.000767987 0.000804908
0.258833 3.68358e-05 0.000766226 0.000803062
0.259 3.67513e-05 0.000764469 0.00080122
0.259167 3.6667e-05 0.000762715 0.000799382
0.259333 3.65829e-05 0.000760966 0.000797549
0.2595 3.6499e-05 0.000759221 0.00079572
0.259667 3.64153e-05 0.00075748 0.000793895
0.259833 3.63317e-05 0.000755742 0.000792074
0.26 3.62484e-05 0.000754009 0.000790258
0.260167 3.61653e-05 0.00075228 0.000788445
0.260333 3.60823e-05 0.000750555 0.000786637
0.2605 3.59995e-05 0.000748833 0.000784833
0.260667 3.5917e-05 0.000747116 0.000783033
0.260833 3.58346e-05 0.000745402 0.000781237
0.261 3.57524e-05 0.000743693 0.000779445
0.261167 3.56704e-05 0.000741987 0.000777658
0.261333 3.55886e-05 0.000740286 0.000775874
0.2615 3.55069e-05 0.000738588 0.000774095
0.261667 3.54255e-05 0.000736894 0.000772319
0.261833 3.53442e-05 0.000735204 0.000770548
0.262 3.52632e-05 0.000733518 0.000768781
0.262167 3.51823e-05 0.000731835 0.000767018
0.262333 3.51016e-05 0.000730157 0.000765259
0.2625 3.50211e-05 0.000728482 0.000763503
0.262667 3.49408e-05 0.000726812 0.000761752
0.262833 3.48606e-05 0.000725145 0.000760005
0.263 3.47807e-05 0.000723482 0.000758262
0.263167 3.47009e-05 0.000721822 0.000756523
0.263333 3.46213e-05 0.000720167 0.000754788
0.2635 3.45419e-05 0.000718515 0.000753057
0.263667 3.44627e-05 0.000716867 0.00075133
0.263833 3.43836e-05 0.000715223 0.000749607
0.264 3.43047e-05 0.000713583 0.000747888
0.264167 3.42261e-05 0.000711947 0.000746173
0.264333 3.41476e-05 0.000710314 0.000744461
0.2645 3.40692e-05 0.000708685 0.000742754
0.264667 3.39911e-05 0.000707059 0.00074105
0.264833 3.39131e-05 0.000705438 0.000739351
0.265 3.38353e-05 0.00070382 0.000737655
0.265167 3.37577e-05 0.000702206 0.000735963
0.265333 3.36803e-05 0.000700595 0.000734276
0.2655 3.36031e-05 0.000698988 0.000732592
0.265667 3.3526e-05 0.000697385 0.000730911
0.265833 3.34491e-05 0.000695786 0.000729235
0.266 3.33724e-05 0.00069419 0.000727563
0.266167 3.32958e-05 0.000692598 0.000725894
0.266333 3.32195e-05 0.00069101 0.000724229
0.2665 3.31433e-05 0.000689425 0.000722568
0.266667 3.30673e-05 0.000687844 0.000720911
0.266833 3.29914e-05 0.000686266 0.000719258
0.267 3.29157e-05 0.000684692 0.000717608
0.267167 3.28402e-05 0.000683122 0.000715962
0.267333 3.27649e-05 0.000681555 0.00071432
0.2675 3.26898e-05 0.000679992 0.000712682
0.267667 3.26148e-05 0.000678433 0.000711048
0.267833 3.254e-05 0.000676877 0.000709417
0.268 3.24654e-05 0.000675325 0.00070779
0.268167 3.23909e-05 0.000673776 0.000706167
0.268333 3.23166e-05 0.00067223 0.000704547
0.2685 3.22425e-05 0.000670689 0.000702931
0.268667 3.21685e-05 0.000669151 0.000701319
0.268833 3.20947e-05 0.000667616 0.000699711
0.269 3.20211e-05 0.000666085 0.000698106
0.269167 3.19477e-05 0.000664557 0.000696505
0.269333 3.18744e-05 0.000663033 0.000694908
0.2695 3.18013e-05 0.000661512 0.000693314
0.269667 3.17284e-05 0.000659995 0.000691724
0.269833 3.16556e-05 0.000658482 0.000690137
0.27 3.1583e-05 0.000656972 0.000688555
0.270167 3.15106e-05 0.000655465 0.000686975
0.270333 3.14383e-05 0.000653962 0.0006854
0.2705 3.13662e-05 0.000652462 0.000683828
0.270667 3.12942e-05 0.000650965 0.00068226
0.270833 3.12225e-05 0.000649472 0.000680695
0.271 3.11508e-05 0.000647983 0.000679134
0.271167 3.10794e-05 0.000646497 0.000677576
0.271333 3.10081e-05 0.000645014 0.000676022
0.2715 3.0937e-05 0.000643535 0.000674472
0.271667 3.0866e-05 0.000642059 0.000672925
0.271833 3.07953e-05 0.000640586 0.000671382
0.272 3.07246e-05 0.000639117 0.000669842
0.272167 3.06542e-05 0.000637652 0.000668306
0.272333 3.05838e-05 0.000636189 0.000666773
0.2725 3.05137e-05 0.00063473 0.000665244
0.272667 3.04437e-05 0.000633274 0.000663718
0.272833 3.03739e-05 0.000631822 0.000662196
0.273 3.03042e-05 0.000630373 0.000660677
0.273167 3.02347e-05 0.000628927 0.000659162
0.273333 3.01654e-05 0.000627485 0.00065765
0.2735 3.00962e-05 0.000626046 0.000656142
0.273667 3.00272e-05 0.00062461 0.000654637
0.273833 2.99583e-05 0.000623178 0.000653136
0.274 2.98896e-05 0.000621748 0.000651638
0.274167 2.9821e-05 0.000620322 0.000650143
0.274333 2.97526e-05 0.0006189 0.000648652
0.2745 2.96844e-05 0.00061748 0.000647165
0.274667 2.96163e-05 0.000616064 0.000645681
0.274833 2.95484e-05 0.000614651 0.0006442
0.275 2.94806e-05 0.000613242 0.000642722
0.275167 2.9413e-05 0.000611835 0.000641248
0.275333 2.93455e-05 0.000610432 0.000639778
0.2755 2.92782e-05 0.000609032 0.00063831
0.275667 2.92111e-05 0.000607635 0.000636846
0.275833 2.91441e-05 0.000606242 0.000635386
0.276 2.90772e-05 0.000604851 0.000633929
0.276167 2.90106e-05 0.000603464 0.000632475
0.276333 2.8944e-05 0.00060208 0.000631024
0.2765 2.88776e-05 0.000600699 0.000629577
0.276667 2.88114e-05 0.000599322 0.000628133
0.276833 2.87453e-05 0.000597947 0.000626693
0.277 2.86794e-05 0.000596576 0.000625255
0.277167 2.86136e-05 0.000595208 0.000623821
0.277333 2.8548e-05 0.000593843 0.000622391
0.2775 2.84825e-05 0.000592481 0.000620963
0.277667 2.84172e-05 0.000591122 0.000619539
0.277833 2.8352e-05 0.000589766 0.000618118
0.278 2.8287e-05 0.000588414 0.000616701
0.278167 2.82221e-05 0.000587064 0.000615286
0.278333 2.81574e-05 0.000585718 0.000613875
0.2785 2.80928e-05 0.000584375 0.000612467
0.278667 2.80284e-05 0.000583034 0.000611063
0.278833 2.79641e-05 0.000581697 0.000609661
0.279 2.79e-05 0.000580363 0.000608263
0.279167 2.7836e-05 0.000579032 0.000606868
0.279333 2.77721e-05 0.000577704 0.000605476
0.2795 2.77084e-05 0.000576379 0.000604088
0.279667 2.76449e-05 0.000575057 0.000602702
0.279833 2.75815e-05 0.000573739 0.00060132
0.28 2.75182e-05 0.000572423 0.000599941
0.280167 2.74551e-05 0.00057111 0.000598565
0.280333 2.73921e-05 0.0005698 0.000597192
0.2805 2.73293e-05 0.000568493 0.000595823
0.280667 2.72666e-05 0.00056719 0.000594456
0.280833 2.72041e-05 0.000565889 0.000593093
0.281 2.71417e-05 0.000564591 0.000591733
0.281167 2.70795e-05 0.000563296 0.000590376
0.281333 2.70174e-05 0.000562004 0.000589022
0.2815 2.69554e-05 0.000560715 0.000587671
0.281667 2.68936e-05 0.000559429 0.000586323
0.281833 2.68319e-05 0.000558146 0.000584978
0.282 2.67704e-05 0.000556866 0.000583637
0.282167 2.6709e-05 0.000555589 0.000582298
0.282333 2.66477e-05 0.000554315 0.000580963
0.2825 2.65866e-05 0.000553044 0.00057963
0.282667 2.65256e-05 0.000551776 0.000578301
0.282833 2.64648e-05 0.00055051 0.000576975
0.283 2.64041e-05 0.000549248 0.000575652
0.283167 2.63435e-05 0.000547988 0.000574331
0.283333 2.62831e-05 0.000546731 0.000573014
0.2835 2.62228e-05 0.000545477 0.0005717
0.283667 2.61627e-05 0.000544226 0.000570389
0.283833 2.61027e-05 0.000542978 0.000569081
0.284 2.60428e-05 0.000541733 0.000567776
0.284167 2.59831e-05 0.00054049 0.000566474
0.284333 2.59235e-05 0.000539251 0.000565174
0.2845 2.5864e-05 0.000538014 0.000563878
0.284667 2.58047e-05 0.00053678 0.000562585
0.284833 2.57455e-05 0.000535549 0.000561295
0.285 2.56865e-05 0.000534321 0.000560007
0.285167 2.56276e-05 0.000533096 0.000558723
0.285333 2.55688e-05 0.000531873 0.000557442
0.2855 2.55102e-05 0.000530653 0.000556163
0.285667 2.54516e-05 0.000529436 0.000554888
0.285833 2.53933e-05 0.000528222 0.000553615
0.286 2.5335e-05 0.000527011 0.000552346
0.286167 2.52769e-05 0.000525802 0.000551079
0.286333 2.5219e-05 0.000524596 0.000549815
0.2865 2.51611e-05 0.000523393 0.000548554
0.286667 2.51034e-05 0.000522193 0.000547296
0.286833 2.50458e-05 0.000520995 0.000546041
0.287 2.49884e-05 0.0005198 0.000544789
0.287167 2.49311e-05 0.000518608 0.000543539
0.287333 2.48739e-05 0.000517419 0.000542293
0.2875 2.48169e-05 0.000516232 0.000541049
0.287667 2.47599e-05 0.000515048 0.000539808
0.287833 2.47032e-05 0.000513867 0.00053857
0.288 2.46465e-05 0.000512688 0.000537335
0.288167 2.459e-05 0.000511513 0.000536103
0.288333 2.45336e-05 0.000510339 0.000534873
0.2885 2.44773e-05 0.000509169 0.000533646
0.288667 2.44212e-05 0.000508001 0.000532422
0.288833 2.43652e-05 0.000506836 0.000531201
0.289 2.43093e-05 0.000505674 0.000529983
0.289167 2.42535e-05 0.000504514 0.000528768
0.289333 2.41979e-05 0.000503357 0.000527555
0.2895 2.41424e-05 0.000502203 0.000526345
0.289667 2.4087e-05 0.000501051 0.000525138
0.289833 2.40318e-05 0.000499902 0.000523934
0.29 2.39767e-05 0.000498755 0.000522732
0.290167 2.39217e-05 0.000497612 0.000521533
0.290333 2.38668e-05 0.00049647 0.000520337
0.2905 2.38121e-05 0.000495332 0.000519144
0.290667 2.37575e-05 0.000494196 0.000517953
0.290833 2.3703e-05 0.000493062 0.000516765
0.291 2.36486e-05 0.000491932 0.00051558
0.291167 2.35944e-05 0.000490803 0.000514398
0.291333 2.35403e-05 0.000489678 0.000513218
0.2915 2.34863e-05 0.000488555 0.000512041
0.291667 2.34324e-05 0.000487434 0.000510867
0.291833 2.33787e-05 0.000486316 0.000509695
0.292 2.33251e-05 0.000485201 0.000508526
0.292167 2.32716e-05 0.000484088 0.00050736
0.292333 2.32182e-05 0.000482978 0.000506196
0.2925 2.3165e-05 0.00048187 0.000505035
0.292667 2.31118e-05 0.000480765 0.000503877
0.292833 2.30588e-05 0.000479663 0.000502722
0.293 2.30059e-05 0.000478563 0.000501569
0.293167 2.29532e-05 0.000477465 0.000500418
0.293333 2.29005e-05 0.00047637 0.000499271
0.2935 2.2848e-05 0.000475278 0.000498126
0.293667 2.27956e-05 0.000474188 0.000496983
0.293833 2.27433e-05 0.0004731 0.000495843
0.294 2.26912e-05 0.000472015 0.000494706
0.294167 2.26391e-05 0.000470933 0.000493572
0.294333 2.25872e-05 0.000469853 0.00049244
0.2945 2.25354e-05 0.000468775 0.00049131
0.294667 2.24837e-05 0.0004677 0.000490184
0.294833 2.24322e-05 0.000466627 0.000489059
0.295 2.23807e-05 0.000465557 0.000487938
0.295167 2.23294e-05 0.000464489 0.000486819
0.295333 2.22782e-05 0.000463424 0.000485702
0.2955 2.22271e-05 0.000462361 0.000484588
0.295667 2.21761e-05 0.000461301 0.000483477
0.295833 2.21252e-05 0.000460243 0.000482368
0.296 2.20745e-05 0.000459187 0.000481262
0.296167 2.20239e-05 0.000458134 0.000480158
0.296333 2.19734e-05 0.000457084 0.000479057
0.2965 2.1923e-05 0.000456035 0.000477958
0.296667 2.18727e-05 0.00045499 0.000476862
0.296833 2.18225e-05 0.000453946 0.000475769
0.297 2.17725e-05 0.000452905 0.000474677
0.297167 2.17225e-05 0.000451866 0.000473589
0.297333 2.16727e-05 0.00045083 0.000472503
0.2975 2.1623e-05 0.000449796 0.000471419
0.297667 2.15734e-05 0.000448765 0.000470338
0.297833 2.1524e-05 0.000447735 0.000469259
0.298 2.14746e-05 0.000446708 0.000468183
0.298167 2.14253e-05 0.000445684 0.000467109
0.298333 2.13762e-05 0.000444662 0.000466038
0.2985 2.13272e-05 0.000443642 0.000464969
0.298667 2.12783e-05 0.000442625 0.000463903
0.298833 2.12295e-05 0.00044161 0.000462839
0.299 2.11808e-05 0.000440597 0.000461778
0.299167 2.11322e-05 0.000439586 0.000460718
0.299333 2.10837e-05 0.000438578 0.000459662
0.2995 2.10354e-05 0.000437572 0.000458608
0.299667 2.09871e-05 0.000436569 0.000457556
0.299833 2.0939e-05 0.000435568 0.000456507
0.3 2.0891e-05 0.000434569 0.00045546
0.300167 2.08431e-05 0.000433572 0.000454415
0.300333 2.07953e-05 0.000432578 0.000453373
0.3005 2.07476e-05 0.000431586 0.000452333
0.300667 2.07e-05 0.000430596 0.000451296
0.300833 2.06525e-05 0.000429608 0.000450261
0.301 2.06052e-05 0.000428623 0.000449228
0.301167 2.05579e-05 0.00042764 0.000448198
0.301333 2.05108e-05 0.000426659 0.00044717
0.3015 2.04637e-05 0.000425681 0.000446144
0.301667 2.04168e-05 0.000424704 0.000445121
0.301833 2.037e-05 0.00042373 0.0004441
0.302 2.03232e-05 0.000422759 0.000443082
0.302167 2.02766e-05 0.000421789 0.000442066
0.302333 2.02301e-05 0.000420822 0.000441052
0.3025 2.01837e-05 0.000419857 0.00044004
0.302667 2.01374e-05 0.000418894 0.000439031
0.302833 2.00913e-05 0.000417933 0.000438024
0.303 2.00452e-05 0.000416975 0.00043702
0.303167 1.99992e-05 0.000416018 0.000436018
0.303333 1.99533e-05 0.000415064 0.000435018
0.3035 1.99076e-05 0.000414112 0.00043402
0.303667 1.98619e-05 0.000413163 0.000433025
0.303833 1.98164e-05 0.000412215 0.000432031
0.304 1.97709e-05 0.00041127 0.000431041
0.304167 1.97256e-05 0.000410327 0.000430052
0.304333 1.96803e-05 0.000409385 0.000429066
0.3045 1.96352e-05 0.000408447 0.000428082
0.304667 1.95902e-05 0.00040751 0.0004271
0.304833 1.95452e-05 0.000406575 0.000426121
0.305 1.95004e-05 0.000405643 0.000425143
0.305167 1.94557e-05 0.000404713 0.000424168
0.305333 1.94111e-05 0.000403784 0.000423195
0.3055 1.93666e-05 0.000402858 0.000422225
0.305667 1.93221e-05 0.000401934 0.000421257
0.305833 1.92778e-05 0.000401013 0.00042029
0.306 1.92336e-05 0.000400093 0.000419327
0.306167 1.91895e-05 0.000399175 0.000418365
0.306333 1.91455e-05 0.00039826 0.000417405
0.3065 1.91016e-05 0.000397347 0.000416448
0.306667 1.90578e-05 0.000396435 0.000415493
0.306833 1.90141e-05 0.000395526 0.00041454
0.307 1.89705e-05 0.000394619 0.000413589
0.307167 1.8927e-05 0.000393714 0.000412641
0.307333 1.88836e-05 0.000392811 0.000411695
0.3075 1.88402e-05 0.00039191 0.00041075
0.307667 1.8797e-05 0.000391011 0.000409808
0.307833 1.87539e-05 0.000390115 0.000408869
0.308 1.87109e-05 0.00038922 0.000407931
0.308167 1.8668e-05 0.000388327 0.000406995
0.308333 1.86252e-05 0.000387437 0.000406062
0.3085 1.85825e-05 0.000386548 0.000405131
0.308667 1.85399e-05 0.000385662 0.000404202
0.308833 1.84973e-05 0.000384777 0.000403275
0.309 1.84549e-05 0.000383895 0.00040235
0.309167 1.84126e-05 0.000383014 0.000401427
0.309333 1.83704e-05 0.000382136 0.000400506
0.3095 1.83282e-05 0.00038126 0.000399588
0.309667 1.82862e-05 0.000380385 0.000398671
0.309833 1.82443e-05 0.000379513 0.000397757
0.31 1.82024e-05 0.000378642 0.000396845
0.310167 1.81607e-05 0.000377774 0.000395935
0.310333 1.8119e-05 0.000376908 0.000395027
0.3105 1.80775e-05 0.000376043 0.000394121
0.310667 1.8036e-05 0.000375181 0.000393217
0.310833 1.79946e-05 0.00037432 0.000392315
0.311 1.79534e-05 0.000373462 0.000391415
0.311167 1.79122e-05 0.000372605 0.000390518
0.311333 1.78711e-05 0.000371751 0.000389622
0.3115 1.78301e-05 0.000370898 0.000388728
0.311667 1.77892e-05 0.000370048 0.000387837
0.311833 1.77484e-05 0.000369199 0.000386948
0.312 1.77077e-05 0.000368352 0.00038606
0.312167 1.76671e-05 0.000367508 0.000385175
0.312333 1.76266e-05 0.000366665 0.000384291
0.3125 1.75862e-05 0.000365824 0.00038341
0.312667 1.75459e-05 0.000364985 0.000382531
0.312833 1.75056e-05 0.000364148 0.000381653
0.313 1.74655e-05 0.000363313 0.000380778
0.313167 1.74254e-05 0.000362479 0.000379905
0.313333 1.73855e-05 0.000361648 0.000379034
0.3135 1.73456e-05 0.000360819 0.000378164
0.313667 1.73058e-05 0.000359991 0.000377297
0.313833 1.72661e-05 0.000359166 0.000376432
0.314 1.72265e-05 0.000358342 0.000375568
0.314167 1.7187e-05 0.00035752 0.000374707
0.314333 1.71476e-05 0.0003567 0.000373848
0.3145 1.71083e-05 0.000355882 0.00037299
0.314667 1.7069e-05 0.000355066 0.000372135
0.314833 1.70299e-05 0.000354252 0.000371282
0.315 1.69908e-05 0.000353439 0.00037043
0.315167 1.69519e-05 0.000352629 0.000369581
0.315333 1.6913e-05 0.00035182 0.000368733
0.3155 1.68742e-05 0.000351013 0.000367887
0.315667 1.68355e-05 0.000350208 0.000367044
0.315833 1.67969e-05 0.000349405 0.000366202
0.316 1.67584e-05 0.000348604 0.000365362
0.316167 1.67199e-05 0.000347804 0.000364524
0.316333 1.66816e-05 0.000347006 0.000363688
0.3165 1.66433e-05 0.000346211 0.000362854
0.316667 1.66052e-05 0.000345417 0.000362022
0.316833 1.65671e-05 0.000344624 0.000361192
0.317 1.65291e-05 0.000343834 0.000360363
0.317167 1.64912e-05 0.000343046 0.000359537
0.317333 1.64533e-05 0.000342259 0.000358712
0.3175 1.64156e-05 0.000341474 0.000357889
0.317667 1.6378e-05 0.000340691 0.000357069
0.317833 1.63404e-05 0.000339909 0.00035625
0.318 1.63029e-05 0.00033913 0.000355433
0.318167 1.62655e-05 0.000338352 0.000354618
0.318333 1.62282e-05 0.000337576 0.000353804
0.3185 1.6191e-05 0.000336802 0.000352993
0.318667 1.61539e-05 0.00033603 0.000352183
0.318833 1.61168e-05 0.000335259 0.000351376
0.319 1.60799e-05 0.00033449 0.00035057
0.319167 1.6043e-05 0.000333723 0.000349766
0.319333 1.60062e-05 0.000332958 0.000348964
0.3195 1.59695e-05 0.000332194 0.000348163
0.319667 1.59329e-05 0.000331432 0.000347365
0.319833 1.58963e-05 0.000330672 0.000346568
0.32 1.58599e-05 0.000329914 0.000345773
0.320167 1.58235e-05 0.000329157 0.00034498
0.320333 1.57872e-05 0.000328402 0.000344189
0.3205 1.5751e-05 0.000327649 0.0003434
0.320667 1.57149e-05 0.000326898 0.000342612
0.320833 1.56788e-05 0.000326148 0.000341827
0.321 1.56429e-05 0.0003254 0.000341043
0.321167 1.5607e-05 0.000324654 0.000340261
0.321333 1.55712e-05 0.000323909 0.00033948
0.3215 1.55355e-05 0.000323166 0.000338702
0.321667 1.54999e-05 0.000322425 0.000337925
0.321833 1.54643e-05 0.000321686 0.00033715
0.322 1.54289e-05 0.000320948 0.000336377
0.322167 1.53935e-05 0.000320212 0.000335605
0.322333 1.53582e-05 0.000319477 0.000334836
0.3225 1.53229e-05 0.000318745 0.000334068
0.322667 1.52878e-05 0.000318014 0.000333301
0.322833 1.52527e-05 0.000317284 0.000332537
0.323 1.52178e-05 0.000316557 0.000331774
0.323167 1.51829e-05 0.000315831 0.000331014
0.323333 1.5148e-05 0.000315106 0.000330254
0.3235 1.51133e-05 0.000314384 0.000329497
0.323667 1.50786e-05 0.000313663 0.000328741
0.323833 1.50441e-05 0.000312943 0.000327987
0.324 1.50096e-05 0.000312226 0.000327235
0.324167 1.49751e-05 0.00031151 0.000326485
0.324333 1.49408e-05 0.000310795 0.000325736
0.3245 1.49065e-05 0.000310082 0.000324989
0.324667 1.48723e-05 0.000309371 0.000324244
0.324833 1.48382e-05 0.000308662 0.0003235
0.325 1.48042e-05 0.000307954 0.000322758
0.325167 1.47703e-05 0.000307248 0.000322018
0.325333 1.47364e-05 0.000306543 0.000321279
0.3255 1.47026e-05 0.00030584 0.000320543
0.325667 1.46689e-05 0.000305139 0.000319807
0.325833 1.46352e-05 0.000304439 0.000319074
0.326 1.46017e-05 0.000303741 0.000318342
0.326167 1.45682e-05 0.000303044 0.000317612
0.326333 1.45348e-05 0.000302349 0.000316884
0.3265 1.45014e-05 0.000301656 0.000316157
0.326667 1.44682e-05 0.000300964 0.000315432
0.326833 1.4435e-05 0.000300274 0.000314709
0.327 1.44019e-05 0.000299585 0.000313987
0.327167 1.43689e-05 0.000298898 0.000313267
0.327333 1.43359e-05 0.000298212 0.000312548
0.3275 1.4303e-05 0.000297528 0.000311831
0.327667 1.42702e-05 0.000296846 0.000311116
0.327833 1.42375e-05 0.000296165 0.000310403
0.328 1.42048e-05 0.000295486 0.000309691
0.328167 1.41723e-05 0.000294808 0.000308981
0.328333 1.41398e-05 0.000294132 0.000308272
0.3285 1.41073e-05 0.000293458 0.000307565
0.328667 1.4075e-05 0.000292785 0.00030686
0.328833 1.40427e-05 0.000292113 0.000306156
0.329 1.40105e-05 0.000291443 0.000305454
0.329167 1.39784e-05 0.000290775 0.000304753
0.329333 1.39463e-05 0.000290108 0.000304054
0.3295 1.39143e-05 0.000289443 0.000303357
0.329667 1.38824e-05 0.000288779 0.000302661
0.329833 1.38506e-05 0.000288117 0.000301967
0.33 1.38188e-05 0.000287456 0.000301275
0.330167 1.37871e-05 0.000286797 0.000300584
0.330333 1.37555e-05 0.000286139 0.000299894
0.3305 1.37239e-05 0.000285483 0.000299207
0.330667 1.36925e-05 0.000284828 0.00029852
0.330833 1.36611e-05 0.000284175 0.000297836
0.331 1.36297e-05 0.000283523 0.000297153
0.331167 1.35985e-05 0.000282873 0.000296471
0.331333 1.35673e-05 0.000282224 0.000295791
0.3315 1.35362e-05 0.000281577 0.000295113
0.331667 1.35051e-05 0.000280931 0.000294436
0.331833 1.34742e-05 0.000280287 0.000293761
0.332 1.34433e-05 0.000279644 0.000293087
0.332167 1.34124e-05 0.000279003 0.000292415
0.332333 1.33817e-05 0.000278363 0.000291744
0.3325 1.3351e-05 0.000277724 0.000291075
0.332667 1.33204e-05 0.000277087 0.000290408
0.332833 1.32898e-05 0.000276452 0.000289742
0.333 1.32593e-05 0.000275818 0.000289077
0.333167 1.32289e-05 0.000275185 0.000288414
